1 2663.57 -609.991 3707.576 0 0 0 160 160 25600 2750.087 -604.991 3903.856 2767.085 -839.991 4100.641
3 -3.731359 -808 768.926 0 0 0 72 100 10 1.091633 -860 798.9941 -32.25199 -850 2156.304
2 580.809 -909.4518 2533.723 0 91.40625 0 37 100 0 639.9594 -944.4518 2549.183 639.9594 -944.4518 2529.183
2 1067.368 -921 2824.654 0 90.01099 0 100 60 0 1728.67 -835 2915.694 1728.67 -835 2895.694
3 2050.145 -769.0375 3462.237 113.9063 0 0 70 40 6 2004.217 -709.0375 3313.192 2032.42 -673.0375 3601.805
3 2055.325 -950.2596 3346.206 0 0 0 50 60 15 1934.539 -771.2596 3284.545 2072.44 -718.2596 3677.781
3 4656.28 -553.9998 5373.076 0 0 0 51 60 10 4642.154 -577.9998 5677.668 4632.418 -577.9998 5369.169
3 1962.341 -976.8289 3887.838 0 28.125 0 70.00001 100 100 1843.005 -799.8289 3906.765 3027.298 -1704.829 3624.854
2 2090.286 -625.8289 3649.326 0 84.38049 0 70 70 0 1915.084 -653.8289 3528.557 2065.544 -678.8289 3642.073
3 5583.563 -2137 6951.605 0 0 0 100 100 10 5511.963 -1138 7484.851 5168.545 -2339 6726.373
3 3560.207 -610.945 4592.078 0 0 315 450 200 140 3710.141 -698.945 4594.795 3967.821 -1061.945 4598.149
3 2790.313 -282.5765 4508.357 0 45 0 40 40 10 3097.196 -332.5765 4591.573 3278.533 -476.5765 4592.234
2 10.91556 -11 -100.9179 0 0 0 200 220 0 -2.078542 -50 43.19782 16.99708 -841 548.663
3 5825.435 -1733 7547.319 0 0 0 250 100 240.1 5973.001 -1756 7544.859 6361.163 -1996 7545.26
2 5973.684 -1832 6867.875 0 22.5 0 200 200 0 5571.415 -1936 7232.505 5535.415 -2124 6961.633
3 2775.472 -528.9161 4133.189 0 0 0 50 50 10 2730.778 -298.9161 4116.354 2738.236 -356.9161 4307.16
3 5892.366 -1884 7573.323 90 0 0 100 100 10 5894.722 -2030 7528.82 5892.914 -2063 7603.961
2 10.75715 -226 299.2567 67.5 0 0 200 200 0 6.336033 -849 1156.202 4.037672 -1171 1279.087
3 4.643361 -808 1202.038 0 0 0 172 172 9.999998 -9.238684 -835 1218.868 -49.67837 -1250 3016.592
3 1614.282 -713 2954.167 0 90 0 140 130 10 1785.721 -799.8629 2915.177 1836.936 -827.6397 2918.995
2 60.43579 -752.5416 1939.979 0 0 0 30 40 0 61.20006 -794.5416 2038.894 61.20006 -794.5416 2018.894
3 6042.288 -2006 7554.605 0 90.00549 0 100 80 10 6012.859 -1962 7650.817 6915.334 -2064 7631.998
1 8318.067 -841 7805.498 0 0 0 320 320 102400 8169.8 -562 7795.594 8417.382 -1015 7531.833
1 8234.847 -581 7595.182 0 0 0 160 160 25600 8266.8 -422 7536.07 8523.085 -1370 7917.174
3 8501.724 154.7124 8457.425 105.4688 0 0 90 120 60 8510.152 -1107.288 8428.885 8507.017 -2752.288 9187.869
2 2787.542 -259.5765 4294.423 0 112.5 0 60 60 0 2754.335 -230.5765 4205.672 2764.902 -314.5765 4557.126
3 4241.68 -762.5226 4665.17 91.40625 316.4063 0 80 110 150 4047.78 -848.5226 4843.029 4069.649 -710.5226 4751.589
3 4031.911 -862.6983 4881.469 270 0 0 200 115 80 3933.98 -855.6983 4892.529 4363.336 -1006.698 4939.36
3 4022.101 -609.5226 4779.28 91.40625 277.0313 0 110 210 200 3949.162 -789.5226 4913.958 4037.895 -606.5226 4802.232
3 4026.523 -865.6983 4592.753 0 90 0 120 90 150 3893.33 -857.6983 4491.662 3975.046 -933.6983 4599.963
3 4244.461 -793.553 4904.55 0 0 0 20 180 80 4316.274 -680.553 4949.458 4773.542 -1080.553 4965.681
1 4426.137 -844 4843.423 0 0 0 70 70 4900 4423.08 -907 4926.188 4776.2 -869 4957.225
3 4629.345 -846.9879 4969.376 0 0 0 40 40 40 4628.165 -810.9879 4967.531 4685.12 -942.9879 5087.266
3 4620.233 -818 5121.132 0 0 0 160 80 140 4671.84 -746 5130.963 4529.317 -1131 5746.351
3 4638.238 -502 5251.87 0 0 0 160 160 110 4647.865 -583 5294.979 4632.021 -655 5512.769
1 4612.5 -735.3555 5243.146 0 0 0 100 100 10000 4651.01 -685.3555 5059.885 4615.197 -681.3555 5176.378
3 4662.156 -625 5206.777 0 97.03125 0 39 20 95 4671.813 -617 5122.849 4631.966 -615 5217.944
3 4570.435 -534.9676 5060.363 0 0 0 100 100 180 4652.913 -551.9676 5038.123 4553.715 -603.9676 5119.531
3 4690.95 -1555.282 6890.548 45 0 0 220 300 10 4755.423 -1801.282 7140.946 4850.395 -2050.282 7421.722
3 4690.95 -1600.282 6890.548 45 0 0 220 300 10 5532.078 -2161.776 7124.548 5585.773 -2178.206 6975.707
3 4636.859 -417.8954 5811.729 0 0 0 200 300 10 4641.229 -1183.895 6417.973 4640.886 -2203.896 7084.073
1 2016.828 -553.0375 3626.222 0 0 0 200 200 40000 1919.979 -657.0375 3651.2 2837.965 -1090.038 3699.43
2 6035.314 -1780 7547.342 0 90.00549 0 100 80 0 6028.319 -1772 7546.357 7298.732 -2433 7551.495
2 6441.316 -1639.581 7538.767 0 269.989 0 90 70 0 6474.566 -1677.581 7564.054 6474.566 -1677.581 7544.054
2 6797.232 -1745.886 7617.18 0 0 0 100 100 0 6757.628 -1791.886 7590.79 6757.628 -1791.886 7570.79
2 7439.542 -1756.373 7572.253 0 90.01099 0 63 50 0 7347.376 -1695.373 7735.09 7519.311 -1520.373 7653.354
2 7513.757 -1509.373 7655.941 85.78125 77.34375 0 63 50 0 7249.592 -1609.373 7883.164 7468.501 -1457.373 7665.229
3 7327.71 -1741.373 7828.651 85.78125 77.34375 0 233 120 10 7201.014 -1718.373 7872.226 8645.934 -2164.373 7873.005
3 8649.813 -60.78791 7506.844 0 90 0 240 100 10 8609.008 -128.7879 7151.329 8514.869 242.2121 8913.157
3 7980.939 -1676.373 7866.458 0 90 0 173 173 10 8072.233 -1669.373 7830.626 8219.157 -1789.373 7906.433
3 8353.413 -465 7425.628 0 343.125 0 120 100 50 8332.48 -422 7444.836 8693.746 -770 7675.04
1 4557.526 -596 5287.485 0 0 0 30 30 900 4563.529 -595 5251.986 4563.529 -595 5231.986
3 774.1409 -1209.13 2959.344 0 90 22.5 40 40 10 713.7626 -1228.13 2963.218 1162.788 -897.1299 2955.572
3 58.14297 -730.0306 1792.802 8.4375 90 0 330.1 67 58 57.42528 -765.3419 1947.844 47.06411 -787.3134 2009.275
3 2106.533 -843.866 3204.824 40.78125 4.21875 0 20 50 100 2045.554 -858.866 3163.44 2085.389 -846.866 3136.436
1 1859.215 -835.2596 2906.748 0 0 0 20.1 20.1 404.0101 2042.798 -934.7653 3225.288 2062.158 -954.645 3297.735
3 2144.889 -920.866 3172.455 35.15625 357.1875 0 60 50 140 2099.87 -871.866 3167.433 2095.9 -1182.866 3478.262
3 975.0431 -845.0096 2559.696 0 0 0 90 100 70 767.4083 -798.0096 2731.418 893.9481 -704.0096 2595.828
3 8215.26 100 7897.099 0 0 0 100 150 10 8516.156 -154.6638 7337.653 8498.241 -147.5513 7443.729
3 8116.112 -1589.417 10315.34 0 0 0 108 108 10 8103.069 -1555.417 10208.2 8244.557 -1782.417 10884.1
3 8257.329 -1714.618 10806.92 0 45 0 90 90 10 8174.7 -1732.618 10791.53 8700.819 -1896.618 11140.88
3 9481.956 -1635.301 10344.36 0 90 0 210 210 10 9505.717 -1346.301 10285.42 9447.034 -2791.301 11492.34
3 8486.532 -1802.368 10969.96 0 75.9375 0 100 90 10 8443.494 -1842.368 11034.21 9850.767 -1936.368 11063.49
3 9115.889 -1479.107 10782.94 0 298.125 0 10 300 300 10811.13 -1735.107 11077.37 11487.73 -2315.106 11007.99
3 9924.313 -1666.347 11098.74 0 292.5 0 200 200 10 10105.2 -1744.347 11092.82 11400.43 -2088.347 11076.49
3 9469.23 -1949.107 11067.73 0 0 0 10 100 100 9898.47 -1655.107 10997.73 9258.204 -1815.107 10770.77
3 2563.229 -762.5032 3952.629 15.46875 354.375 59.0625 10.00001 85 100 2764.468 -571.5032 3949.958 2769.608 -920.5032 4175.383
3 2487.549 -954.5032 3961.934 0 0 0 10 50 90 2438.069 -773.5032 4115.614 2583.646 -790.5032 3979.706
1 5844.76 -1896 7628.764 0 0 0 120 120 14400 5979.667 -1812 7556.137 5979.667 -1812 7536.137
1 8332.922 -1218.991 8000.15 0 0 0 130 130 16900 8283.517 -1138.991 8137.275 8587.595 -2107.991 7176.44
3 2765.625 -676.5969 4082.508 0 0 0 40 60 10 2628.188 -431.5969 4147.684 2748.199 -477.5969 4202.904
1 8328.586 -445 7556.739 0 0 0 120 120 14400 8290.572 -422 7510.819 8145.561 -780 7941.892
1 8225.726 2.054047 7826.306 0 0 0 80 80 6400 8224.195 23.05405 7756.229 8236.081 -62.94592 7952.167
3 8686.607 -11 7488.218 0 90 0 220 200 20 8791.512 -37 8080.09 8730.01 -104 7181.785
3 57.70266 -725.0306 1631.191 0 0 0 30 30 10 39.29884 -735.0306 1660.211 65.13346 -759.0306 1873.522
3 612.7 -1219.13 2937.839 0 88.59375 0 60 50 40 551.2373 -1200.13 2960.031 799.5193 -1310.13 2965.583
3 10675.58 -2255.975 11041.19 0 0 0 50 40 45 10638.2 -2144.975 11113.17 10669.56 -2282.975 11008.47
3 2784.536 -354.9161 4065.113 135 0 0 50 70 10 2748.304 -229.9161 3949.033 2756.503 -512.9161 4378.764
3 8518.19 -697 8800.668 45 0 0 110 300 10 8518.094 -869 8601.817 8509.43 -1000 9398.512
3 3.658193 30.12927 -349.0952 0 0 0 269.9999 269.9999 90 4.472725 -114.8707 -38.20193 -4.413791 14.12927 -269.1441
2 548.4924 -1204.13 2962.79 0 163.125 0 95 65 0 556.3007 -1199.13 2960.209 801.2931 -1206.13 2965.025
2 63.97502 -762.4121 2232.567 0 0 0 40 70 0 30.6078 -775.4121 2155.998 605.9565 -896.4121 2532.828
3 117.0603 -750.4121 2190.846 0 0 0 140 100 5 28.52049 -762.4121 2186.104 613.1426 -907.4121 2536.186
3 8520.579 -2130.463 8493.619 90 0 0 80 120 10 8506.392 -2228.463 8422.742 8510.313 -2309.463 8482.507
3 802.6575 -620.0096 2662.554 0 90 0 210 150 300 700.222 -728.0096 2836.739 893.9481 -704.0096 2595.828
3 773.9921 -862.0096 2815.919 90 0 0 220 100 100 700.2601 -766.0096 2889.678 1327.359 -940.0096 2899.632
3 8512.757 -616.1302 9326.686 0 0 0 200 300 10 8511.045 -881.1302 9381.46 8511.045 -881.1302 9361.46
1 2159.809 -775.866 3086.896 0 0 0 90 90 8100 2099.87 -871.866 3167.433 2095.9 -1182.866 3478.262
3 1053.346 -880 2846.116 0 0 0 100 70 40.00001 1145.182 -836 2847.139 1482.89 -1129 2899.003
2 -34.93838 -1065.112 2173.475 0 0 0 30 30 0 -39.17929 -1058.112 2153.946 40.15815 -1089.112 2671.013
3 -34.5941 -875 1942.086 45 0 0 50 70 250 -31.43801 -1055 2131.271 -32.94212 -1151 2210.44
2 -11.3799 -1084.15 2449.125 0 0 0 30 30 0 -21.29637 -1067.15 2408.094 34.15375 -1104.15 2710.47
2 11.23033 -1084.307 2603.551 0 0 0 30 30 0 -10.13745 -1063.307 2589.692 121.1785 -1134.307 2879.46
2 86.03616 -1117.365 2848.741 0 40.78125 0 30 30 0 59.72681 -1106.365 2847.702 355.0287 -1186.365 2965.045
2 287.4924 -1175.438 2952.979 0 74.53125 0 30 30 0 258.8137 -1176.438 2949.149 790.8728 -1192.438 2964.358
2 15.11579 30.12927 -258.3812 0 0 0 269.9999 269.9999 0 -33.78775 19.12927 -136.7211 -0.505494 -11.87073 -127.8691
3 830.165 -1158.056 2960.514 90 0 0 40 40 10 789.019 -1195.056 2961.749 1153.639 -1025.056 2952.206
3 1100.849 -939.0149 2973.628 0 0 0 35 40 60 1039.805 -955.0149 2966.939 1224.115 -950.0149 2927.913
3 2684.392 -354.9161 4106.772 45 0 0 50 70 10 2689.31 -174.9161 3927.721 2743.838 -407.9161 4340.828
2 619.5292 -1204.13 2994.597 0 0 0 15 65 0 596.945 -1185.13 3057.747 620.6559 -1230.13 3015.46
3 770.0199 -1211.007 2961.516 0 90 22.5 40 40 10 581.3618 -1230.007 2952.628 830.5313 -1199.007 2958.673
3 815.1019 -1164.007 2955.415 270 0 0 50 40 10 581.3618 -1230.007 2952.628 830.5313 -1199.007 2958.673
3 2153.942 -814.8289 3881.538 90 0 0 210 280 30 1910.157 -873.8289 3303.743 2046.84 -924.8289 3623.778
2 27.77344 -733.9774 1720.479 0 90 0 85.09999 40.09999 0 -40.18164 -733.9774 1739.648 59.5039 -748.9774 1718.667
3 2736.993 -277.5765 4318.434 45 337.5 0 60 60 60 2718.746 -216.5765 4263.241 2810.676 -447.5765 4564.148
3 4461.552 -896 4947.455 90 337.5 0 50 70 20 4423.08 -907 4926.188 4776.2 -1019 4957.225
3 4640.857 -1370.282 6695.608 45 0 0 220 300 10 4755.423 -1801.282 7140.946 4850.395 -2050.282 7421.722
3 0.41585 -733 908.9977 0 0 0 172 200 10 -4.05078 -660 963.799 -32.25199 -1035 2156.304
1 2134.164 -758.866 3032.406 0 0 0 90 90 8100 2099.87 -871.866 3167.433 2095.9 -1182.866 3478.262
1 1351.077 -847.2609 2850.533 0 0 0 30 30 900 1425.795 -927.2609 3024.787 1658.933 -884.2609 2976.934
1 1454.189 -947.2609 2930.23 0 0 0 50 50 2500 1575.44 -736.2609 2937.431 1947.1 -982.2609 2898.688
1 -8.722582 -25 -269.0178 0 0 0 160 160 25600 1.61 40 -396 1.61 40 -416
3 1160.669 -939.0149 2957.361 0 19.6875 0 40 40 80 1095.968 -919.0149 2974.097 1224.115 -950.0149 2927.913
3 -97.67455 -312 256.6303 315 0 0 59.99998 599.9999 70 1.61 40 -396 1.61 40 -416
3 91.84563 -322 258.5719 315 0 0 59.99998 599.9999 70 1.61 40 -396 1.61 40 -416
3 -199.5887 -482 247.1183 315 0 0 150 599.9999 60.09999 1.61 40 -396 1.61 40 -416
3 175.4112 -462 247.1183 315 0 0 150 599.9999 60.09999 1.61 40 -396 1.61 40 -416
3 -239.5887 -482 247.1183 315 0 0 150 599.9999 160.1 1.61 40 -396 1.61 40 -416
3 230.4112 -482 247.1183 315 0 0 150 599.9999 160.1 1.61 40 -396 1.61 40 -416
1 1166.525 -1062.053 2980.569 0 0 0 140 140 19600 1234.198 -954.0532 2971.049 1234.198 -954.0532 2951.049
3 620.6525 -1240.13 2993.383 0 0 0 15.1 10.1 5 518.1564 -1216.13 2965.277 857.0817 -1210.13 2957.676
3 618.8987 -1232.13 3003.534 0 88.59375 0 15.1 30 15 551.2373 -1200.13 2960.031 799.5193 -1210.13 2965.583
1 1314.55 -847.2609 2851.945 0 0 0 30 30 900 1425.795 -927.2609 3024.787 1658.933 -884.2609 2976.934
1 2060.395 -931.4601 3071.93 0 0 0 70 70 4900 2054.04 -898.4601 3200.587 2054.04 -898.4601 3180.587
1 1925.812 -858.4601 3037.34 0 0 0 130 130 16900 2054.04 -898.4601 3200.587 2054.04 -898.4601 3180.587
3 2056.204 -725.1219 3393.103 0 0 0 70 20 20 2064.511 -729.1219 3398.755 2064.511 -729.1219 3378.755
1 4370.727 -855 4939.371 0 0 0 60 60 3600 4423.08 -907 4926.188 4776.2 -869 4957.225
1 4410.944 -860 5041.517 0 0 0 80 80 6400 4423.08 -907 4926.188 4776.2 -869 4957.225
1 4384.275 -844 4863.26 0 0 0 70 70 4900 4423.08 -907 4926.188 4776.2 -869 4957.225
3 10.99689 -778 1689.943 270 0 0 172 172 9.999998 -9.238684 -835 1218.868 -49.67837 -1250 3016.592
1 498.1625 -1231.864 2932.531 0 0 0 22 22 484 484.4669 -1226.864 2973.194 484.4669 -1226.864 2953.194
1 326.9552 -1197.864 2933.054 0 0 0 12 12 144 484.4669 -1226.864 2973.194 484.4669 -1226.864 2953.194
1 138.7886 -1158.864 2864.085 0 0 0 22 22 484 484.4669 -1226.864 2973.194 484.4669 -1226.864 2953.194
1 66.51911 -1156.188 2817.819 0 0 0 31 31 961 48.70196 -1124.188 2788.279 48.70196 -1124.188 2768.279
1 60.85951 -1108.188 2681.84 0 0 0 31 31 961 48.70196 -1124.188 2788.279 48.70196 -1124.188 2768.279
1 -39.06594 -1100.188 2528.957 0 0 0 31 31 961 48.70196 -1124.188 2788.279 48.70196 -1124.188 2768.279
1 0.294319 -1104.188 2442.814 0 0 0 31 31 961 48.70196 -1124.188 2788.279 48.70196 -1124.188 2768.279
1 -52.69627 -1110.985 2308.224 0 0 0 40 40 1600 -43.97479 -1089.985 2412.154 -43.97479 -1089.985 2392.154
1 4.857074 -1036.985 2065.93 0 0 0 40 40 1600 -43.97479 -1089.985 2412.154 -43.97479 -1089.985 2392.154
1 -32.01388 -893.9854 1839.203 0 0 0 80 80 6400 -43.97479 -1089.985 2412.154 -43.97479 -1089.985 2392.154
1 13.78135 -854.0735 1898.752 0 0 0 40 40 1600 -17.09475 -886.0735 1951.074 -17.09475 -886.0735 1931.074
1 13.63281 -867.0735 1907.359 0 0 0 40 40 1600 -17.09475 -886.0735 1951.074 -17.09475 -886.0735 1931.074
1 -73.74681 -945.5823 1978.206 0 0 0 40 40 1600 -60.19631 -987.5823 2057.583 -60.19631 -987.5823 2037.582
1 1714.889 -899.4601 2868.172 0 0 0 100 100 10000 2054.04 -898.4601 3200.587 2054.04 -898.4601 3180.587
3 2727.534 -169.9161 4284.13 345.9375 0 0 70.00001 100 70.00001 2717.629 -149.9161 4247.515 2877.011 -1037.916 4988.007
3 10870.16 -1764 11058.05 0 0 0 140 130 130 10883.28 -1794 11067.09 11025.18 -1953 11055.98
3 10922.49 -1850 11055.97 0 0 0 80 40.00001 60 10883.28 -1794 11067.09 10987.09 -1900 11060.84
3 10842.05 -1924 11119.49 0 0 0 110 180 180 10883.28 -1794 11067.09 11189.53 -2296 11058.4
3 10867.79 -1679 11062.89 0 0 0 140 80 130 10883.28 -1794 11067.09 11189.53 -2241 11058.4
3 76.89382 -884 1610.795 0 0 0 35 45 25 19.93718 -818 1584.993 49.67155 -860 1602.157
1 98.14005 -844 1553.708 0 0 0 70 70 4900 73.56062 -865 1641.081 73.56062 -865 1621.081
3 67.94798 -726.0306 1624.333 0 90 0 30.09998 40 40 57.90288 -721.6 1555.417 73.32029 -782.8981 1715.102
1 116.4345 -641.2811 1583.515 0 0 0 120 120 14400 55.9505 -783.2811 1615.918 55.9505 -783.2811 1595.918
3 1300.97 -975.2609 2843.265 0 0 0 10.1 10 25 1425.795 -927.2609 3024.787 1658.933 -884.2609 2976.934
3 1230.516 -944.0149 2857.747 0 0 0 70 40 65 1153.198 -931.0149 2891.263 1224.115 -950.0149 2927.913
3 1230.906 -939.0149 2965.024 0 0 0 60 40 50 1136.848 -919.0149 2975.922 1224.115 -950.0149 2927.913
1 1103.816 -1153.053 2977.09 0 0 0 200 200 40000 1234.198 -954.0532 2971.049 1234.198 -954.0532 2951.049
3 1053.249 -975.0149 2967.427 0 0 0 5.000002 70 70 1039.805 -955.0149 2966.939 1224.115 -950.0149 2927.913
3 1282.842 -938.2609 2895.184 0 0 22.5 25.1 5.000001 25 1599.333 -807.2609 2913.455 1815.018 -984.2609 2924.683
3 4414.257 -899 4950.313 0 0 0 20.1 40 90 4423.08 -907 4926.188 4776.2 -869 4957.225
3 4534.01 -504 5336.821 0 0 348.75 40 100 400 4563.529 -595 5251.986 4563.529 -595 5231.986
3 4703.611 -903.9879 4951.647 0 0 0 40.00001 70 100 4712.63 -891.9879 4926.899 4715.639 -939.9879 5211.607
1 4733.757 -923 4923.811 0 0 0 170 170 28900 4707.186 -922 4974.024 4707.186 -922 4954.024
3 4722.946 -893.9879 5075.901 0 0 0 52.00001 70 75 4716.924 -819.9879 4992.403 4703.078 -1178.988 5704.135
3 4703.611 -903.9879 4951.647 0 0 0 40.00001 70 100 4712.63 -891.9879 4926.899 4715.639 -932.9879 5211.607
3 4614.76 -893.9879 5016.057 0 22.5 0 70.00001 30 30 4712.63 -891.9879 4926.899 4715.639 -939.9879 5211.607
1 1947.033 -870.1568 3789.296 0 0 0 70 70 4900 2044.953 -929.1568 3852.152 2044.953 -929.1568 3832.152
3 5298.804 -2040.287 7455.926 337.5 28.125 0 100 100 10.1 5517.075 -2136.287 7270.292 5517.075 -2136.287 7250.292
3 5201 -2040.287 7491.3 337.5 14.0625 0 100 100 10.1 5517.075 -2136.287 7270.292 5517.075 -2136.287 7250.292
3 5083.673 -2040.287 7495.674 336.0938 358.5938 0 120 100 10.1 5517.075 -2136.287 7270.292 5517.075 -2136.287 7250.292
3 5422.604 -2040.287 7349.088 337.5 39.375 0 100 110 10 5517.075 -2136.287 7270.292 5517.075 -2136.287 7250.292
3 5493.41 -2067.287 7262.46 347.3438 57.65625 0 100 110 10.1 5517.075 -2136.287 7270.292 5517.075 -2136.287 7250.292
1 8281.407 -1854.003 7883.833 0 0 0 120 120 14400 8241.119 -1797.003 7972.063 8241.119 -1797.003 7952.063
3 2376.265 -954.5032 4204.133 0 0 0 10 50 90 2411.332 -713.5032 4058.409 3543.555 -1082.503 3732.116
1 8224.436 -1443.991 7925.851 0 0 0 190 190 36100 8150.338 -1243.991 8016.433 8640.448 -1776.991 8013.725
3 8244.182 -109 7760.625 22.5 348.75 0 70 70 70 8262.086 -6 7456.774 8022.69 -589 9098.041
3 8294.449 -143 7570.544 0 0 0 70 150 70 8262.086 -6 7456.774 8218.805 -1114 8511.317
3 8244.182 -249 7745.625 22.5 348.75 0 50 70 100 8262.086 -6 7456.774 8022.69 -589 9098.041
3 8233.826 -226 7708.604 0 22.5 0 70 35 40 8124.417 -103 7665.916 8563.565 -589 8115.654
1 4717.446 -921.9963 5031.472 0 0 0 55 55 3025 4682.767 -814.9963 5083.59 4720.21 -921.9963 5006.989
1 4569.965 -961 5080.539 0 0 0 160 160 25600 4707.186 -922 4974.024 4707.186 -922 4954.024
3 6222.408 -1840 7541.262 0 90.00549 0 180 80 250 5955.892 -1697 7498.852 7289.901 -2228 7584.609
1 6137.377 -1854 7518.453 0 0 0 80 80 6400 6236.224 -1814 7563.539 6236.224 -1814 7543.539
3 6235.992 -1691 7544.906 0 90.00549 0 180 60 150 6096.828 -1692 7533.184 7289.901 -2328 7584.609
1 6434.453 -1536.537 7633.968 0 0 0 120 120 14400 6472.133 -1677.537 7559.125 6472.133 -1677.537 7539.125
3 6424.823 -1715 7516.874 0 90.00549 0 150 50 70 6230.296 -1507 7535.258 8053.055 -2228 7588.612
3 6474.75 -1641 7561.132 0 90 351.5625 150 50 110 6382.414 -1533 7544.349 8053.055 -2728 7588.612
1 8266.67 -215.539 7609.815 0 0 0 70 70 4900 8316.82 -275.539 7562.109 8316.82 -275.539 7542.109
1 4862.253 -835 5042.314 0 0 0 170 170 28900 4707.186 -922 4974.024 4707.186 -922 4954.024
1 4784.576 -615 5127.729 0 0 0 100 100 10000 4691.729 -550 5093.564 4691.729 -550 5073.564
3 5402.326 -1857 6581.121 0 56.25 0 300 300 40 5511.963 -1138 7484.851 5973.104 -2969 7625.417
1 6143.545 -1793 7391.559 0 0 0 100 100 10000 6087.001 -1702 7449.346 6389.073 -1904 7337.094
1 8238.027 -483 7518.876 0 0 0 110 110 12100 8266.8 -422 7536.07 8523.085 -800 7917.174
1 8410.788 -356 7554.121 0 0 0 130 130 16900 8288.445 -296 7439.56 8310.586 -294 7556.257
1 1054.606 -1208.053 2964.814 0 0 0 200 200 40000 1234.198 -954.0532 2971.049 1234.198 -954.0532 2951.049
3 967.0566 -973.0563 2974.619 90 0 0 80 60 90 960.8962 -990.0563 2963.513 1153.639 -1015.056 2952.206
1 2310.122 -648.0375 3712.93 0 0 0 230 230 52900 2360.746 -592.0375 3658.857 2837.965 -750.0376 3699.43
3 1580.644 -734.4601 2932.632 0 0 0 80 200 140 1662.485 -703.4601 2942.389 2064.056 -1090.46 2869.454
3 8879.871 -231 7514.276 0 90 0 820 20.1 419.9999 8791.512 -37 8080.09 8730.01 -104 7181.785
1 10666.99 -2358.732 11002.07 0 0 0 190 190 36100 10683.06 -2205.732 11019.47 10683.06 -2205.732 10999.47
1 5952.47 -1852 7453.13 0 0 0 70 70 4900 5866.226 -1812 7546.243 5866.226 -1812 7526.243
1 5941.298 -1893 7553.929 0 0 0 120 120 14400 5979.667 -1812 7556.137 5979.667 -1812 7536.137
3 5878.632 -2009 7543.464 90 0 0 130 120 110 5894.722 -2030 7528.82 5892.914 -2063 7603.961
3 8466.724 -1516 7614.236 0 90 0 520 20.1 719.9999 8791.512 -37 8080.09 8730.01 -104 7181.785
3 8513.836 -755.4694 8978.979 350.8594 0 0 140 30 230 8506.266 -902.4694 8961.781 8506.266 -902.4694 8941.781
3 8507.338 -812 9106.482 0 0 0 120 110 220 8518.094 -869 8601.817 8509.43 -890 9398.512
1 650.9192 -710.8836 2537.231 0 0 0 150.1 150.1 22530.02 585.0226 -944.8836 2548.396 585.0226 -944.8836 2528.396
1 687.7549 -875.8836 2652.854 0 0 0 100.1 100.1 10020.01 585.0226 -944.8836 2548.396 585.0226 -944.8836 2528.396
3 4229.293 -617.5226 4688.135 91.40625 316.4063 0 80 160 150 4047.78 -848.5226 4843.029 4069.649 -710.5226 4751.589
3 3884.647 -779.5226 4817.414 91.40625 277.0313 0 110 110 100 3970.189 -745.5226 4915.722 3868.49 -806.5226 4792.406
3 4014.069 -1010.698 4576.32 0 90 0 200 90 210 3893.33 -857.6983 4491.662 3975.046 -933.6983 4599.963
1 6475.657 -1689.009 7536.609 0 0 0 40 40 1600 6498.531 -1678.009 7578.927 6498.531 -1678.009 7558.927
1 4631.891 -607 5216.007 0 0 0 40 40 1600 4563.529 -595 5251.986 4563.529 -595 5231.986
1 4634.529 -857 5139.021 0 0 0 40 40 1600 4563.529 -595 5251.986 4563.529 -595 5231.986
3 6726.73 -1771 7549.646 0 0 337.5 200 100 170 6572.289 -1533 7534.476 8053.055 -2728 7588.612
1 4880.72 -578 5430.567 0 0 0 220 220 48400 4563.529 -595 5251.986 4563.529 -595 5231.986
3 5827.567 -1785 7467.366 26.71875 0 355.7813 10 45 10 5979.667 -1812 7556.137 5979.667 -1812 7536.137
3 5954.808 -1780 7627.11 344.5313 0 0 10 50 10 5979.667 -1812 7556.137 5979.667 -1812 7536.137
3 8193.829 -1529.417 10092.76 90 0 0 208 208 10 8103.069 -1555.417 10208.2 8244.557 -1782.417 10884.1
3 8511.442 -882 8819.885 45 0 0 100 180 150 8518.094 -869 8601.817 8509.43 -1000 9398.512
3 8196.112 -1549.417 10095.34 90 0 0 208 208 10 8103.069 -1555.417 10208.2 8244.557 -1782.417 10884.1
3 10365.11 -2244 11072.35 0 0 0 500 100 300 10583.07 -2189 11050.76 11189.53 -2445 11058.4
1 6724.402 -1854.532 7680.185 0 0 0 25 25 625 6754.017 -1815.532 7722.384 6754.017 -1815.532 7702.384
1 6804.299 -1917.532 7773.598 0 0 0 25 25 625 6754.017 -1815.532 7722.384 6754.017 -1815.532 7702.384
3 4610.626 -479.9676 5045.071 324.8438 0 0 100 20 180 4554.357 -497.9676 5011.998 4622.316 -655.9676 5378.194
3 2035.588 -991.8289 3997.72 0 50.625 0 70.00001 100 100 1952.625 -824.8289 4062.418 2636.61 -1904.829 3390.732
3 2180.165 -1001.829 4089.955 0 67.5 0 70.00001 100 100 2079.132 -849.8289 4132.052 2770.568 -1704.829 3293.308
1 1983.349 -861.1568 3905.156 0 0 0 70 70 4900 2044.953 -929.1568 3852.152 2044.953 -929.1568 3832.152
1 2069.043 -865.1568 3994.338 0 0 0 70 70 4900 2044.953 -929.1568 3852.152 2044.953 -929.1568 3832.152
1 2161.194 -879.1568 4042.321 0 0 0 70 70 4900 2044.953 -929.1568 3852.152 2044.953 -929.1568 3832.152
1 2271.123 -890.1568 4069.621 0 0 0 70 70 4900 2044.953 -929.1568 3852.152 2044.953 -929.1568 3832.152
1 2950.275 -704.9161 3983.714 0 0 0 90 90 8100 2901.188 -444.9161 3946.038 2902.439 -567.9161 4122.762
3 2673.015 -841.9161 3946.426 0 0 337.5 10.00001 150 110 2580.522 -694.9161 3997.13 2856.16 -767.9161 3959.788
1 4711.133 -917.9963 4934.772 0 0 0 95 95 9025 4621.514 -837.9963 4922.362 4720.21 -921.9963 5006.989
3 4480.408 -714 5109.163 0 0 358.5938 40 200 100 4563.529 -595 5251.986 4563.529 -595 5231.986
3 4615.198 -839 4869.6 0 78.75 0 40 300 150 4563.529 -595 5251.986 4563.529 -595 5231.986
3 2748.457 -644.991 3942.751 8.4375 358.5938 0 100 45.00001 120 2750.087 -604.991 3903.856 2792.997 -989.991 4535.899
3 2750.748 -277.5765 4432.415 0 45 0 70 60 80 2733.41 -261.5765 4404.057 2883.706 -417.5765 4602.488
1 -160.8171 -781.2811 1485.786 0 0 0 120 120 14400 55.9505 -783.2811 1615.918 55.9505 -783.2811 1595.918
1 -94.95669 -711.2811 1472.652 0 0 0 120 120 14400 55.9505 -783.2811 1615.918 55.9505 -783.2811 1595.918
1 124.2331 -838.2811 1293.941 0 0 0 79.99998 79.99998 6399.999 55.9505 -783.2811 1615.918 55.9505 -783.2811 1595.918
1 4516.328 -615 5288.659 0 0 0 70 70 4900 4582.536 -521 5249.741 4549.963 -573 5308.484
1 6681.979 -2172.532 7619.842 0 0 0 45 45 2025 6754.017 -1815.532 7722.384 6754.017 -1815.532 7702.384
3 6011.864 -1862 7524.898 0 0 0 100 40 50.09998 6099.699 -1796 7606.359 6006.67 -1931 7493.734
1 8363.989 -771.846 7789.328 0 0 0 190 190 36100 8243.92 -679.846 7790.816 8243.92 -679.846 7770.816
1 8221.177 -1422.7 8005.687 0 0 0 65 65 4225 8210.394 -1330.7 8000.351 8210.394 -1330.7 7980.351
1 8363.345 -2111.003 8119.324 0 0 0 70 70 4900 8223.335 -1660.003 8024.83 8243.055 -1999.003 7823.378
1 8285.217 -2253.003 7943.045 0 0 0 210 210 44100 8223.335 -1660.003 8024.83 8282.244 -1999.003 7844.111
1 8286.67 -2253.003 7780.486 0 0 0 210 210 44100 8223.335 -1660.003 8024.83 8282.244 -1999.003 7844.111
1 8281.407 -1854.003 7883.833 0 0 0 120 120 14400 8241.119 -1797.003 7972.063 8241.119 -1797.003 7952.063
1 8334.396 -1290.544 8011.205 0 0 0 80 80 6400 8266.557 -1138.544 8048.431 8266.557 -1138.544 8028.431
1 8261.369 -559.2 7501.569 0 0 0 55 55 3025 8241.94 -539.2 7518.461 8241.94 -539.2 7498.461
1 8315 -522.2 7593.076 0 0 0 60 60 3600 8241.94 -539.2 7518.461 8241.94 -539.2 7498.461
1 8314.514 -348.539 7535.623 0 0 0 30 30 900 8316.82 -275.539 7562.109 8316.82 -275.539 7542.109
1 8416.742 -431.539 7603.324 0 0 0 30 30 900 8316.82 -275.539 7562.109 8316.82 -275.539 7542.109
1 8398.232 -500.539 7474.596 0 0 0 30 30 900 8316.82 -275.539 7562.109 8316.82 -275.539 7542.109
1 8326.866 -541.539 7435.438 0 0 0 70 70 4900 8316.82 -275.539 7562.109 8316.82 -275.539 7542.109
1 8235.854 -142.539 7765.413 0 0 0 30 30 900 8316.82 -275.539 7562.109 8316.82 -275.539 7542.109
1 8284.135 -166.539 7703.118 0 0 0 30 30 900 8316.82 -275.539 7562.109 8316.82 -275.539 7542.109
3 8295.755 -153 7610.718 0 0 0 70 50.00001 60 8273.503 -116 7493.814 8218.805 -814 8511.317
1 8234.13 -267.539 7711.83 0 0 0 60 60 3600 8316.82 -275.539 7562.109 8316.82 -275.539 7542.109
1 8271.784 -83.53903 7843.401 0 0 0 70 70 4900 8316.82 -275.539 7562.109 8316.82 -275.539 7542.109
1 8221.732 -83.53903 7843.201 0 0 0 70 70 4900 8316.82 -275.539 7562.109 8316.82 -275.539 7542.109
1 6886.217 -2025.159 7712.063 0 0 0 140 140 19600 6643.22 -1916.159 7766.571 6834.107 -1798.159 7653.805
1 6790.77 -1821.993 7533.644 0 0 0 50 50 2500 6797.986 -1815.993 7577.024 6797.986 -1815.993 7557.024
1 8248.61 -2148 7836.123 0 0 0 70 70 4900 8212.512 -2127 7887.375 8212.512 -2127 7867.375
1 -8.032418 -741.9854 1823.054 0 0 0 50 50 2500 -43.97479 -1089.985 2412.154 -43.97479 -1089.985 2392.154
1 8202.25 -12.53903 7868.701 0 0 0 50 50 2500 8316.82 -275.539 7562.109 8316.82 -275.539 7542.109
1 6772.495 -2131.159 7623.989 0 0 0 140 140 19600 6621.631 -1996.159 7695.34 6750.915 -2173.159 7593.295
3 2762.861 -764.991 4297.4 0 0 0 300 45.00001 220 2750.087 -604.991 3903.856 2792.997 -989.991 4535.899
3 2727.885 -399.991 4442.434 0 0 0 300 20.09999 220 2750.087 -604.991 3903.856 2792.997 -989.991 4535.899
3 4773.083 -1557.895 6855.804 45 2.8125 0 100 300.1 250 4671.869 -1513.895 6926.514 4787.586 -3063.896 7698.805
3 4802.766 -1779.895 7109.873 45 9.84375 0 100 300.1 100.1 4654.844 -1678.895 7023.031 4958.972 -2613.896 7649.399
3 5901.258 -2042.995 7528.089 0 0 0 25 90 25 5893.373 -2071.995 7549.105 5893.373 -2071.995 7529.105
1 8521.204 -826.846 7837.125 0 0 0 330 330 108900 8243.92 -679.846 7790.816 8243.92 -679.846 7770.816
1 8521.204 -1136.846 7837.125 0 0 0 330 330 108900 8243.92 -679.846 7790.816 8243.92 -679.846 7770.816
1 8521.204 -1466.846 7837.125 0 0 0 330 330 108900 8243.92 -679.846 7790.816 8243.92 -679.846 7770.816
1 8521.204 -1801.846 7837.125 0 0 0 330 330 108900 8243.92 -679.846 7790.816 8243.92 -679.846 7770.816
1 8521.204 -2146.846 7837.125 0 0 0 330 330 108900 8243.92 -679.846 7790.816 8243.92 -679.846 7770.816
1 8521.204 -566.846 7837.125 0 0 0 330 330 108900 8243.92 -679.846 7790.816 8243.92 -679.846 7770.816
1 -82.87468 -879 1321.401 0 0 0 50 50 2500 -97.66775 -850 1371.101 -97.66775 -850 1351.101
3 2070.425 -909.8289 3704.632 11.25 0 0 120 180 160 2006.399 -843.8289 3567.647 2242.286 -1250.829 4348.845
3 2225.416 -959.8289 3938.608 0 337.5 0 200 180 100 2250.814 -908.8289 4007.634 3005.802 -1150.829 3891.28
3 1273.972 -981.2609 2858.265 0 0 0 18.1 19 45 1234.157 -895.2609 2793.632 1306.034 -1009.261 2849.513
1 1352.679 -762.2609 2664.19 0 0 0 230 230 52900 1425.795 -927.2609 3024.787 1658.933 -884.2609 2976.934
3 8520.579 -1340.463 8493.619 90 0 0 80 120 10 8513.188 -2218.463 8430.088 8507.498 -2409.463 9395.612
3 8520.579 -825.4629 8472.619 90 0 0 80 120 10 8499.429 -2196.463 8418.894 8509.793 -2724.463 8582.279
3 8520.579 -1360.463 8493.619 90 0 0 80 120 10 8511.947 -1658.463 8315.708 8509.793 -3014.463 8512.279
3 8534.342 -810.4629 8471.211 90 0 0 80 120 10 8509.335 -638.4629 8379.646 8459.775 -2409.463 9779.036
3 8511.724 60.71237 8447.425 90 0 0 90 130 10 8534.366 -2217.288 8282.407 8507.017 -2352.288 8490.869
3 8520.579 -2115.463 8493.619 90 0 0 80 120 10 8482.373 -2168.463 8312.11 8510.313 -2409.463 8912.507
3 8517.767 -2285.463 8444.048 90 0 0 80 180.1 80 8506.392 -2228.463 8422.742 8508.313 -2709.463 8463.507
3 8520.579 -1095.463 8472.619 90 0 0 80 120 10 8499.429 -2196.463 8418.894 8509.793 -2724.463 8582.279
3 5382.463 -1317 7569.201 0 337.5 0 480.1 400 400 4502.322 -463 7283.326 6007.363 -2049 7542.716
3 8507.492 -56.78523 7646.321 0 0 0 50 60 10 8494.449 26.21477 7878.559 8495.802 32.21476 7888.143
3 8516.42 -34.78523 7775.854 0 0 0 50 60 10 8494.123 45.21476 7916.461 8502.451 -6.785235 7828.533
3 8526.034 128.2148 7981.005 0 0 0 50 60 9.000001 8488.836 194.2148 8139.714 8502.451 -6.785235 7828.533
3 8511.55 138.2148 8259.347 16.875 0 0 50 40 90 8481.545 144.2148 8373.226 8519.297 108.2148 8035.982
1 582.1032 -928.5109 2454.708 0 0 0 60 60 3600 398.6946 -926.5109 2520.601 398.6946 -926.5109 2500.601
1 1753.376 -794.4601 2785.561 0 0 0 100 100 10000 2054.04 -898.4601 3200.587 2054.04 -898.4601 3180.587
3 8520.579 -1080.463 8473.619 90 0 0 80 120 10 8509.335 -638.4629 8379.646 8459.775 -2409.463 9779.036
1 5888.936 -1855.775 7632.867 0 0 0 40 40 1600 5899.597 -2052.774 7554.711 5886.561 -1934.775 7640.3
1 5888.936 -1927.775 7632.867 0 0 0 40 40 1600 5899.597 -2032.775 7554.711 5886.561 -2070.774 7640.3
1 6852.601 -1557.307 7536.526 0 0 0 130 130 16900 6788.471 -1500.307 7537.381 7957.376 -2518.307 7631.892
1 4577.83 -550.8702 4952.37 0 0 0 90 90 8100 4631.958 -527.8702 5039.988 4545.992 -608.8702 4889.809
1 6519.448 -1775 7440.288 0 0 0 100 100 10000 6230.296 -1507 7535.258 8053.055 -2228 7588.612
3 6662.087 -1537.307 7445.63 0 337.5 22.5 150 120 60 6788.471 -1500.307 7537.381 7957.376 -2518.307 7631.892
3 3620.207 -420.945 4592.078 0 0 315 390 180 160 3710.141 -698.945 4594.795 4967.82 -5161.944 4598.149
1 4640.948 -594.9999 5641.491 0 0 0 20 20 400 4637.781 -570.9999 5603.002 4646.578 -1021 7088.167
1 4640.948 -595.9999 5641.491 0 0 0 20 20 400 4637.781 -570.9999 5603.002 4646.578 -1021 7088.167
1 8131.253 -1644.003 7872.941 0 0 0 220 220 48400 8081.766 -1757.003 7875.39 8407.819 -1872.003 7855.323
3 7775.739 -1661.373 7892.882 0 90 0 173 173 200 8094.238 -1784.373 7866.985 8676.001 -1999.373 7849.576
3 10463.11 -2081.347 11067.66 0 270 0 300 200 400 10705 -1744.347 11043.03 11400.43 -2108.347 11076.49
3 10668.36 -2088.975 11015.98 0 0 0 50 40 45 10638.2 -2144.975 11113.17 10669.56 -2282.975 11008.47
