3 110.7817 11 4.187138 0 0 0 10 20 10 184.4222 39 5.037345 -176.0238 -3 5.170036
3 74.83182 26 3.72132 0 0 0 90 70 50 184.4222 39 5.037345 -176.0238 -3 5.170036
3 107.6248 26 -163.4641 0 0 0 30 30 70.00001 97.38456 14.1364 -57.2758 92.96643 16.99847 -95.37521
3 196.3076 39 94.17323 0 0 0 50 60 50 63.55284 82 -72.05857 187.9209 9 69.63365
3 -24.02298 27 -1.298889 0 0 0 20 50 40 2.883052 18.6118 2.249211 -46.31502 16.49815 2.108058
3 -402.0962 307.2894 359.5456 0 0 0 23 40 20 -442.6524 141.2894 305.066 -408.8858 43.28945 358.0788
3 -412.2822 24.97876 318.693 0 0 0 30 30 10 -351.9468 92.52991 430.1667 -356.9044 98.74873 484.2912
3 -469.7425 29.97876 200.681 0 0 0 30 30 10 -411.7644 18.61131 260.4948 -409.7285 17.66314 307.5443
3 -348.6839 133.97 522.7212 0 0 0 40 50 20 -397.5509 150.97 446.9792 -351.0287 100.97 477.4727
3 -352.5502 129.97 477.1273 0 0 0 40 50 30 -397.5509 150.97 446.9792 -351.0287 100.97 477.4727
3 -1130.492 210 626.9254 0 0 0 70 50 70 -1094.465 177 632.4577 -1094.465 177 612.4577
3 -1231.514 186 639.5662 0 0 0 50 50 50 -1171.43 245 628.1351 -1223.882 140 649.2835
3 -1139.061 205 566.7509 0 0 0 50 50 70 -1160.455 192 628.7565 -1156.204 190 -3688.487
3 -402.0962 59.28946 359.5456 0 0 0 23 50 20 -433.1434 51.28946 326.8476 775.9703 43.28945 987.0806
3 -580.5552 177.0159 756.7409 0 0 0 23 40 21 -563.4243 173.0159 679.7995 -682.2813 175.0159 519.7557
3 -353.099 77.97876 388.5168 0 0 0 30 30 10 -912.0336 173.4098 651.7604 -960.762 192.0305 650.5416
3 -568.4702 187.986 627.8387 0 0 0 9.999998 90 80 -563.1212 258.9072 523.8077 -558.5164 195.8733 646.2834
3 -347.9077 117.986 593.1099 0 0 0 30 40 30 -453.4633 152.5262 470.8536 -490.4001 117 638.0848
3 -521.5934 112.986 650.9056 0 270 0 30 50 30 -782.5679 120.4522 648.4719 -841.6864 118.056 646.6971
1 -578.4805 62 702.3951 0 0 0 100 100 10000 -641.6815 97 653.1946 -641.6815 97 633.1946
3 -699.345 123 620.5474 0 0 0 60 40 62 -627.2598 110 650.8823 -1960.172 97 656.9171
3 -1197.758 280 39.91475 0 0 0 70 50 60 -1172.444 268 38.17373 -2901.31 237 45.31218
3 213.4296 34 -1.672417 0 0 0 30 70 110 184.4222 39 5.037345 -176.0238 -3 5.170036
3 -1159.83 265.001 123.3306 0 0 0 30 40 30 -989.9485 190.9912 648.8545 -1054.443 143.3266 609.1182
3 -1493.129 246 -40.19497 0 0 0 40 60 50 -1490.357 253 42.78562 -1355.805 240 -2768.917
3 -1291.414 270 32.04165 0 0 0 30 40 60 -1571.119 339.5172 -338.7679 -1572.934 330.4321 -386.9419
3 113.3679 33 -139.3724 0 270 0 70.00001 70 110 184.4222 39 5.037345 -176.0238 -3 5.170036
3 -1655.757 277 -578.0236 0 0 0 70 60 80 -1585.782 250 -617.5836 -4512.233 237 -579.1389
3 -1562.226 290 -602.4883 0 0 0 60 70 40 -1559.474 250 -535.3423 -1629.021 237 -955.3549
3 -1596.101 369 -614.8904 0 0 0 90 40 60 -1531.5 237 -592.7516 -1531.5 237 -612.7516
3 -222.7394 -3 -62.48627 0 0 0 35 60 30 -196.3654 18 0.745701 -199.5976 -203 -1735.992
3 -2183.536 246.2529 -618.0646 0 0 0 90 10 90 -2111.54 385.625 -618.432 -2191.011 333.9046 -605.9657
3 -2299.234 478.2529 -612.5171 0 0 0 90 10 90 -2291.635 662.0977 -616.8509 -2379.362 637.6461 -644.3176
3 -2215.292 325.2529 -612.505 0 0 0 90 10 90 -2315.654 460.2529 -667.4736 -2273.717 349.2529 -616.0632
3 -4790.248 986 -1157.748 0 0 0 60 60 80 -4712.75 972 -1158.706 -4789.632 940 -1158.867
3 -2418.871 639.0125 -612.2007 0 0 0 70 20 60 -2301.007 660.7184 -615.3749 -4186.513 250.0053 -592.4455
3 -3216.476 657.9992 -129.2679 0 0 0 40 40 70 -3104.39 654.9992 -128.9915 -5577.59 629.9992 -150.7004
3 -3135.402 657.9992 -133.8578 0 0 0 40 40 80 -3127.62 648.5511 -197.7329 -3145.754 649.9994 -156.3582
3 -3166.476 657.9992 -119.2679 0 0 0 20 40 70 -3104.39 654.9992 -128.9915 -5577.59 629.9992 -150.7004
3 -3430.045 728.9992 -122.1623 0 0 0 40 60 70 -3379.343 699.9992 -138.8075 -3380.545 694.9992 -91.79504
3 -3400.994 751.9992 -57.14246 0 0 0 70 40 70 -3417.161 733.9992 -112.9711 -3431.218 731.9992 -90.62456
3 109.5015 125 -197.4122 0 0 0 50 40 40.00001 106.9169 12 -112.3139 94.35224 21 -444.393
3 -3364.755 725.9992 -122.8651 0 0 0 40 60 70 -3391.829 706.9992 -155.955 -3384.601 686.9992 -95.67627
3 -3799.359 870.9992 210.0223 0 0 0 60 60 40 -3698.911 847.9992 209.4403 -5218.109 704.9992 236.688
3 -3060.434 732 -280.046 0 0 0 130 40 70 -2943.164 712 -242.432 -4937.825 229 -281.0373
3 -3148.622 731.9992 -249.24 0 0 0 30 40 50 -3103.389 763.9992 -292.724 -3148.465 704.9992 -245.8408
3 -3401.48 751.9992 10.91364 0 0 0 70 40 70 -3402.414 739.9992 -90.12994 -3500.948 731.9992 3288.161
3 -3407.467 751.9992 79.48994 0 0 0 70 40 20 -3361.344 750.5723 106.4318 -3328.151 763.3 111.486
3 -3869.269 902 -241.6937 0 0 0 70 50 60 -3878.991 884 -241.463 -5914.68 870 -214.5091
3 -3837.64 898 -174.9643 0 0 0 50 40 9.999998 -3835.617 891.7423 -133.274 -3835.692 902.6354 -181.9834
3 -4279.208 898 -242.09 0 270 0 50 40 9.999998 -4462.803 968.2148 -371.3922 -4435.368 960.0649 -473.457
3 -4375.925 920 -313.8193 0 0 0 30 70 40 -4379.694 884 -292.1482 -4365.557 684 -2393.272
3 -4360.896 947.035 -402.2872 0 0 0 30 40 50 -4448.451 974.035 -231.7235 -4375.123 923.035 -391.936
1 -4444.931 961 -562.7851 0 0 0 60 60 3600 -4442.948 947 -911.7916 -4475.573 940 -3031.089
3 -4440.626 973 -489.6828 0 0 0 50 40 9.999998 -4438.17 940 -479.7553 -4473.802 962.8235 -385.9671
3 -4441.485 984 -1126.42 0 0 0 102 70 150 -4434.313 940 -1008.199 -4434.313 940 -1028.198
1 -4360.707 967 -960.52 0 0 0 80 80 6400 -4469.288 940 -1025.592 -4469.288 940 -1045.592
1 -4536.892 961 -960.6141 0 0 0 80 80 6400 -4469.288 940 -1025.592 -4469.288 940 -1045.592
3 -4521.927 974 -1163.7 0 0 0 20 40 60 -4545.073 955.4792 -1159.051 -4599.215 959.9999 -1146.71
1 -4789.372 944 -1159.339 0 0 0 10.1 10.1 102.01 -4736.785 948 -1160.661 -2484.084 940 -1057.12
3 -413.3629 177.0159 648.1413 0 0 0 143 10.1 71 -526.1005 248.0159 505.871 -515.0752 168.0159 662.5064
3 -3721.396 879 342.3956 0 0 0 40 50 70 -3686.536 840 330.704 -3686.536 840 310.704
3 -526.1282 123 624.2231 0 0 0 40 50 70 -641.6815 97 653.1946 -641.6815 97 633.1946
3 -351.1251 122.986 547.874 0 270 0 9.999998 40 30 -390.1347 148.8384 481.1563 -331 116.9992 562.3566
3 -387.705 14 0.115498 0 0 0 20 50 40 -417.8767 18.46502 259.9598 -415.1286 17.5969 306.5869
3 -344.7601 14 -2.052057 0 0 0 20 50 40 -203.4685 16 -7.803637 -2005.407 -161 66.26967
3 -69.69286 27 1.939157 0 0 0 20 50 40 -203.4685 16 -7.803637 -2005.407 -161 66.26967
3 -411.2583 25.97876 272.2891 0 0 0 30 30 30 -410.1311 13.48985 261.6933 -397.0506 -23.0014 1973.86
3 -1495.469 304 -120.9751 0 0 0 40 30 50 -1490.357 253 42.78562 -1355.805 240 -2768.917
3 -729.0854 122.0106 403.584 0 0 0 160 40 40 -584.6933 158.3005 503.3621 -609.8927 148.5957 427.3075
3 -905.5139 123 678.959 0 0 0 60 40 62 -981.7551 190.6885 651.1354 -1043.995 177.8243 654.7991
3 -855.2568 125 450.4473 0 0 0 40 40 20 -834.372 123 397.351 -954.0858 41 763.8079
3 -853.5552 125 451.6739 0 0 0 50 40 30 -606.1381 97 611.3334 -606.1381 97 591.3334
3 -1161.524 271.6003 387.1606 0 0 0 40 40 40 -1163.943 245.6003 427.7053 -1185.469 234.6003 -1116.091
3 -1569.449 321 -248.9973 0 0 0 33 50 120 -1569.946 315 -168.2057 -1583.333 192 -1665.491
3 -1569.922 335 -399.0637 0 0 0 30 40 9.999998 -2033.218 256.8036 -615.3749 -2102.616 254.2652 -612.4876
1 -2533.599 655.0125 -616.2101 0 0 0 40 40 1600 -2838.187 645.9986 -274.6969 -2876.751 649.9999 -268.1444
3 -3900.488 875.9992 88.912 0 270 0 90 60 40 -3893.667 871.9992 210.2173 -3864.704 704.9992 -1635.257
3 -3657.836 866 235.489 0 0 0 37 38 9.999998 -3688.366 859.2321 230.8088 -3736.918 860.0005 210.7666
1 -2966.472 740 -324.887 0 0 0 70 70 4900 -2943.164 712 -242.432 -4937.825 229 -281.0373
3 -2934.208 667.9991 -66.19045 0 0 0 60 10 30 -2902.161 706.9991 -137.1466 -2957.481 672.9991 -70.25034
3 -2940.013 632.9992 -272.5575 0 270 0 60 9.999998 60 -3116.564 648.5413 -254.8687 -3138.931 649.9994 -216.997
1 -2980.703 777.2314 -66.05147 0 0 0 20 20 400 -2898.255 866.2314 -120.4129 -2980.703 777.2314 -66.05147
3 -3116.711 820.2314 -126.4199 0 0 0 60 50 150 -3020.639 813.2314 -128.561 -3384.738 793.2314 -128.6514
3 -2999.911 792.2314 -125.2815 0 0 0 60 20 30 -2898.255 866.2314 -120.4129 -2980.703 777.2314 -66.05147
3 -3868.446 876 207.1203 0 270 0 37 38 9.999998 -3836.197 875.916 -108.4422 -3841.518 880.2916 -160.4008
3 -1582.584 246 -34.17413 0 0 0 40 60 40 -1574.182 253 31.21141 -1355.805 240 -2768.917
3 -526.5815 210 580.6417 0 0 0 40 50 30 -496.4005 209 609.5314 -1848.761 -1148 -1350.855
3 -535.533 207 545.1361 0 0 0 60 70 9.999998 -606.1381 97 611.3334 -606.1381 97 591.3334
3 -3362.057 752.0118 380.9226 0 0 0 40 40 40 -3299.46 739.0118 366.7622 -5182.729 730.0118 412.4659
3 -3306.323 751.9992 369.2621 0 270 0 40 40 20 -3310.364 745.6684 333.4435 -3320.197 749.925 361.666
3 -3306.44 751.9992 140.5492 0 270 0 40 40 20 -3302.702 745.4061 290.3597 -3300.564 749.899 324.3574
1 -2487.62 661.0139 -507.3918 0 0 0 23 23 529 -2442.099 630.0139 -543.1577 -2442.099 630.0139 -563.1577
3 -3306.44 751.9992 100.5492 0 270 0 40 40 20 -3353.536 744.9999 111.4586 -3315.371 750.0342 131.1036
3 -3469.949 862.2576 372.4213 0 0 0 110 40 30 -3546.713 841.2576 387.3313 -3546.713 841.2576 367.3313
3 -3409.585 756.9992 381.4771 0 270 0 40 40 20 -3616.837 855.2919 275.7049 -3648.267 860.1909 248.8656
3 -387.705 77 0.115498 0 0 0 70 9.999998 40 -352.073 92.9409 423.5328 -351.1617 99.07603 468.3536
3 -329.0097 74.99 -61.71701 0 0 0 30 40 30 -281.657 127.99 17.22606 -307.032 36.99 -54.30456
3 -855.2568 204 430.4473 0 0 0 40 40 20 -834.372 208 397.351 -954.0858 41 763.8079
3 -1058.358 201 672.2808 0 0 0 9.999998 60 62 -1012.144 172.8297 626.2689 -1081.264 150.616 611.2453
1 -3033.328 674.9991 -72.22897 0 0 0 30 30 900 -2902.161 706.9991 -137.1466 -2957.481 672.9991 -70.25034
3 -4555.603 979 -1158.505 0 0 0 20 60 70 -4516.293 940 -1166.052 -4516.293 940 -1186.052
3 -1031.391 216 71.20141 0 0 0 90 110 220 -1045.304 268 115.3019 -1164.263 -3 -2489.257
3 -1077.833 5.999664 636.2626 0 0 0 100 110 60 -1013.641 136.9996 669.4589 -1013.641 136.9996 649.4589
