1 1.918011 -275.3922 -32.83202 0 0 0 110 110 12099.99 -25.89733 -372.3922 132.7881 1.251451 -323.3922 -11.57581
1 -11.83095 -583.7806 358.1015 0 0 0 110 110 12100 -1.819293 -479.7806 189.4727 16.23797 -5476.78 4196.904
3 13.98463 -1071.781 918.1563 0 0 0 100 200 10 -1.819293 -479.7806 189.4727 16.23797 -5476.78 4196.904
3 5957.901 -1702 -1550.503 0 0 0 50.00003 9.999998 50 5840.604 -1509 -1545.469 6018.38 -1712 -1549.751
3 5857.741 -1877.807 -1548.538 0 0 0 40 10.99997 30 5860.239 -1640.807 -1549.02 6026.962 -1705.807 -1545.612
3 2030.8 -1336.08 1166.354 90 0 0 110 110 10 2036.229 -1473.08 1174.172 2036.229 -1473.08 1154.172
3 2115.579 -1299 1128.21 0 46.40625 0 55 15 50.1 2118.785 -1241 1160.239 2199.212 -1301 1036.054
3 2205.858 -1299 1037.304 0 46.40625 0 55 15 50.1 2230.531 -1283 1111.195 2046.806 -1462 154.7476
3 2172.302 -1276 1055.107 0 47.8125 0 20 35 40.1 2230.531 -1283 1111.195 1596.351 -1462 370.2943
3 2149.293 -1312 1071.665 0 47.8125 0 9.1 19 20.1 2221.726 -1289 1138.799 2154.861 -1301 1067.855
1 2022.204 -1183.987 1185.654 0 0 0 90 90 8100 2042.549 -1261.987 1206.303 2127.608 -1339.987 1116.283
3 2494.298 -1035.266 888.4428 0 270 0 80 110 9.999998 2982.08 -1557.266 887.1988 3180.455 -1721.266 887.2099
3 3085.292 -1506.72 890.7557 0 0 0 9.999998 130 50 3020.869 -1608.72 887.6483 4664.522 -1796.72 967.1401
3 2171.405 -1257 1078.067 0 47.8125 0 10 35 50.1 2230.531 -1283 1111.195 1596.351 -1462 370.2943
3 1758.306 -1601 1156.337 0 0 0 159.9999 29.99982 70.00001 1694.247 -1556 1162.693 2988.774 -2022 1090.129
3 4685.455 -2187.715 -1529.637 0.08789063 4.21875 0 290 90 100 4858.76 -2119.715 -1548.866 5165.245 -2241.715 -1549.26
3 3397.418 -1481.72 940.1247 0 0 0 9.999998 130 50 3314.776 -1878.813 1290.754 3394.175 -1911.357 1302.646
3 4206.276 -2223 -521.3541 0 0 0 60 10 130 4206.207 -2198 -430.038 4157.895 -2618 -2559.467
3 4201.803 -2110.858 733.794 0 0 0 50 80 10 4200.215 -2176.858 584.1777 4164.619 -2410.858 -2242.421
1 4199.333 -2129.718 -178.9783 0 0 0 190 190 36100 4207.584 -2117.718 -266.763 4197.253 -2218.718 -524.853
1 4216.242 -2098 -521.1988 0 0 0 30 30 900 4217.771 -2087 -478.5086 4157.895 -4441 -2559.467
1 4175.099 -2223.465 -399.9174 0 0 0 44 44 1936 4200.094 -2223.465 -561.3315 4200.094 -2223.465 -581.3315
3 5857.741 -1995.807 -1548.538 0 0 0 40 121 30 5860.239 -1640.807 -1549.02 5997.548 -1705.807 -1546.799
3 6201.539 -1684 -1812.564 0 0 0 50 40 40 6205.748 -1697 -1822.14 6351.668 -5845 -8235.602
3 6232.813 -2234.67 -2799.398 357.1875 0 0 69.99998 89.99995 19.99995 6289.932 -2146.67 -2740.855 6295.968 -2272.67 -2911.415
3 6207.668 -2244 -2673.823 0 358.5938 0 60 60 120 6205.748 -1697 -1822.14 6351.668 -1605 -8235.602
1 972.2333 -1432.726 1411.401 0 0 0 90 90 8100 992.3479 -1418.726 1184.37 2327.214 -1643.726 1192.656
2 1469.579 -1415.877 870.3807 0 0 0 210 210 0 1469.579 -1455.877 890.3807 1469.579 -1455.877 870.3807
3 5623.762 -2147.322 -1557.343 0 90 0 90 150 10 5685.605 -2170.322 -1547.898 6301.085 -2400.322 -1554.294
3 4047.737 -2185 -1207.405 0 0 0 15 60 32 4051.295 -2173 -1143.621 4157.895 -3368 -2559.467
1 4075.529 -2192.268 -1501.466 0 0 0 40 40 1600 4057.269 -2277.268 -1447.285 4057.269 -2277.268 -1467.285
3 6527.851 -2259.017 -3849.459 0 0 0 150 20 100 6475.542 -2229.017 -3832.871 6789.26 -2191.017 -3848.657
3 6802.345 -2031 -3751.574 0 0 0 38 80 102 6724.709 -2037 -3756.367 6795.303 -1959 -3751.542
3 6536.092 -2179.012 -3585.8 90 0 0 79.99998 49.99998 10 6468.718 -2216.012 -3650.386 6534.564 -2264.012 -3598.793
3 6723.76 -2192 -3759.206 0 0 0 130 10 150 6587.34 -2143 -3761.953 7952.045 -3052 -3745.892
3 6790.484 -1960 -3883.941 0 0 0 48 20 52 6724.709 -1897 -3756.367 6778.521 -1974 -3852.428
3 6883.839 -1933 -3763.377 0 0 0 120 10 140 6797.89 -1912 -3759.946 9034.235 -1894 -3763.363
1 6794.038 -1814 -3752.705 0 0 0 39.99997 39.99997 1599.998 6699.204 -1818 -3771.512 9034.69 -2679 -3763.368
3 7168.402 -1920 -3765.422 0 0 0 40 30 40 6797.89 -1912 -3759.946 9034.235 -1894 -3763.363
3 7210.258 -1896.305 -3804.599 0 0 0 10 10 10 7205 -1904.305 -3781.59 7205 -1904.305 -3801.59
3 7210.258 -1896.305 -3725.599 0 0 0 10 10 10 7205 -1904.305 -3781.59 7205 -1904.305 -3801.59
3 7311.404 -1895 -3765.931 0 0 0 50 50 50 7286.031 -1912 -3767.703 10744.24 -5374 -3759.271
3 8418.126 -3344.844 -4654.359 0 112.5 0 210 210 10 8396.288 -3438.844 -4667.076 8603.857 -3441.844 -4288.067
3 8872.079 -3055.263 -4323.073 0 0 0 170 240 9.999998 9031.592 -2975.263 -4439.036 9148.402 -3150.263 -5300.764
3 9126.338 -3154 -5006.005 0 0 0 120 20 130 9122.994 -3087 -4859.026 9131.26 -3508 -6970.993
3 8872.126 -2965.263 -4358.077 0 0 0 170 140 9.999998 9031.592 -2975.263 -4439.036 9148.402 -3150.263 -5300.764
3 8241.121 -3344.844 -4385.638 0 157.5 0 210 210 10 8396.288 -3438.844 -4667.076 8603.857 -3441.844 -4288.067
1 8537.364 -3346.094 -4290.845 0 0 0 300 300 90000 8722.972 -3548.094 -4645.005 8722.972 -3548.094 -4665.005
1 8537.364 -3076.094 -4290.845 0 0 0 300 300 90000 8722.972 -3548.094 -4645.005 8722.972 -3548.094 -4665.005
3 9234.68 -3372.495 -5907.31 0 0 0 60 40 110 9308.371 -3349.495 -5906.573 9114.815 -3422.495 -5939.57
3 5973.034 -2178.864 -1395.919 0 300.9375 0 130 59.99998 50 5842.548 -2153.864 -1370.156 6134.783 -2355.864 -1353.015
3 24.11061 -1097.781 958.3089 0 0 0 100 200 10 841.2897 -1827.798 1461.385 932.078 -1855.531 1274.668
3 11809.03 -3599 -7468.622 0 0 0 249.9999 10.1 120 12006.23 -3569 -7480.153 14244.67 -3829 -8201.317
3 2251.526 -1102 886.1311 0 0 0 80 10 80 2251.397 -1097 886.6232 4821.851 -1332 845.9897
1 4245.099 -2223.465 -399.9174 0 0 0 44 44 1936 4200.094 -2223.465 -561.3315 4200.094 -2223.465 -581.3315
3 5826.385 -2205.322 -1553.253 0 90 0 80 20 130 5685.605 -2170.322 -1547.898 6301.085 -2400.322 -1554.294
1 4245.099 -2223.465 -553.9175 0 0 0 44 44 1936 4200.094 -2223.465 -561.3315 4200.094 -2223.465 -581.3315
1 5870.307 -2227.322 -1548.732 0 0 0 70 70 4900 5685.605 -2170.322 -1547.898 6301.085 -2365.322 -1554.294
3 2102.542 -1537 1177.569 0 23.90625 0 19.99986 60.99982 70.00001 1694.247 -1556 1162.693 2988.774 -2022 1090.129
3 2148.901 -1537 1162.255 0 23.90625 0 19.99986 60.99982 90.00001 2380.213 -1556 1163.305 1976.591 -1752 926.4255
1 8537.364 -2846.094 -4290.845 0 0 0 300 300 90000 8722.972 -3548.094 -4645.005 8722.972 -3548.094 -4665.005
3 8381.956 -2940.263 -4743.48 0 112.5 0 170 180 9.999998 9031.592 -2975.263 -4439.036 9148.402 -3150.263 -5300.764
3 12205.59 -3403.036 -7523.715 0 0 0 119.9999 79.99997 140 12380.6 -3419.036 -7497.632 15237.12 -3823.036 -7551.588
3 12178.7 -3599 -7800.725 0 0 0 70 60 130 12239.44 -3546 -7851.458 12185.78 -3599 -7775.892
3 12197.09 -3447 -7747.121 37.96875 0 0 110 240 70 12204.97 -3405 -7672.721 12235 -3614 -7518.335
1 11569.95 -3599 -7413.068 0 0 0 20 20 400 11610.5 -3599 -7405.098 11610.5 -3599 -7425.098
1 13042.26 -3460.653 -7507.508 0 0 0 60 60 3600 13034.89 -3446.653 -7548.778 13308.1 -4090.653 -4723.311
3 13306.9 -3554.979 -6109.264 0 0 0 70 60 80 13228.75 -3589.979 -6076.658 14515.68 -3823.979 -6070.107
3 13332.95 -3598.988 -6085.626 0 0 0 6.999999 10 40 13349.97 -3554.988 -6018.097 13348.14 -3600.988 -6083.195
3 12014.22 -3568 -7485.938 0 22.5 0 50 50 70 12014.33 -3536.088 -7478.839 12057.75 -3541.904 -7503.844
3 8895.494 -3055.263 -4698.143 0 90 0 170 240 9.999998 9031.592 -2975.263 -4439.036 9148.402 -3150.263 -5300.764
1 9114.788 -3075.337 -4766.222 0 0 0 40 40 1600 9115.17 -2798.337 -4801.708 9120.76 -3748.337 -5330.967
3 9216.592 -3127 -5009.745 0 0 0 20 30 20 9216.132 -3121 -4960.349 9206.146 -3289 -5197.503
1 9215.543 -3192 -5014.986 0 0 0 20 20 400 9215.447 -3292 -5014.993 9215.543 -3185 -5014.986
3 2220.336 -1593 875.8986 0 0 0 49.99986 20.99982 120 2380.213 -1556 1163.305 1976.591 -1752 926.4255
3 2220.005 -1573 799.6339 0 0 0 49.99986 40.99982 50.00001 2302.468 -1556 747.1461 1876.736 -1967 1182.915
3 2292.692 -1518 805.8738 0 0 0 59.99986 30.99982 50.00001 2302.468 -921 747.1461 2123.093 -1952 1330.742
3 6330.573 -1934.67 -2874.369 357.1875 0 0 69.99998 89.99995 19.99995 6459.932 -2026.67 -2740.855 6321.02 -1972.67 -2909.93
3 3377.772 -1506.72 913.3188 0 0 0 9.999998 130 50 3020.869 -1608.72 887.6483 4664.522 -1796.72 967.1401
3 4098.654 -2247 -1181.888 0 0 0 60 40 130 4206.207 -2198 -430.038 4157.895 -2868 -2559.467
3 6214.847 -2214 -2542.884 0 0 0 60 70 40 6205.748 -1697 -1822.14 6351.668 -5845 -8235.602
3 4981.529 -2187.715 -1553.478 0.08789063 4.21875 0 19.99992 90 100 4978.137 -2199.715 -1548.485 6645.926 -2741.715 -1587.011
1 6840.245 -1968 -3771.96 0 0 0 40 40 1600 6776.116 -1937 -3754.142 6776.116 -1937 -3774.142
3 2251.155 -1129 774.4625 0 0 0 129.9999 10.99982 110 2302.468 -921 747.1461 2647.363 -2382 1536.383
3 6266.305 -1671 -1731.634 0 344.5313 0 9.999998 40 40 6315.979 -1690.031 -1676.523 6264.929 -1693.189 -1729.825
1 9128.039 -3221.137 -5956.067 0 0 0 70 70 4900 9129.851 -3166.137 -5998.24 9129.851 -3166.137 -6018.24
3 9143.255 -3077.949 -6484.934 0 347.3438 0 60 87 9.999998 9132.215 -3147.949 -6004.448 9127.117 -3296.949 -8503.477
1 9215.543 -3266 -5014.986 0 0 0 20 20 400 9154.909 -3378 -5013.317 9215.543 -3279 -5014.986
3 9130.396 -3142.949 -6039.823 0 0 0 60 50 100 9132.215 -3147.949 -6004.448 9127.117 -3296.949 -8503.477
3 9505.68 -3471.073 -7574.526 0 0 0 110 110 10 9533.523 -3540.073 -7455.268 9533.523 -3540.073 -7475.268
1 892.6122 -1849.915 1311.915 0 0 0 60 60 3600 878.1583 -1821.344 1277.499 945.9361 -1834.391 1112.954
3 901.1485 -1833.915 1081.083 0 22.5 0 100 100 10 987.1162 -1756.915 1256.667 -599.2982 -1721.915 -38.50598
3 817.8138 -1693.915 942.4531 0 22.5 0 100 100 10 987.1162 -1756.915 1256.667 -599.2982 -1721.915 -38.50598
3 931.9711 -1598.915 1246.71 0 0 0 100 100 10 987.1162 -1756.915 1256.667 -599.2982 -1721.915 -38.50598
1 1661.165 -1506.726 1168.168 0 0 0 50 50 2500 1632.55 -1483.726 1166.916 2327.214 -2048.726 1192.656
1 560.36 -1553.915 1151.62 0 0 0 310 310 96100.03 987.1162 -1756.915 1256.667 -599.2982 -1721.915 -38.50598
1 560.36 -1343.915 1151.62 0 0 0 310 310 96100.03 987.1162 -1756.915 1256.667 -599.2982 -1721.915 -38.50598
1 1697.968 -1608 1143.902 0 0 0 40 40 1600 1725.466 -1593 1185.692 1725.466 -1593 1165.692
1 1693.626 -1591 1199.806 0 0 0 30 30 900 1725.466 -1593 1185.692 1725.466 -1593 1165.692
3 1722.778 -1609 1157.198 0 0 0 19.99986 29.99982 70.00001 1723.242 -1546 1242.599 2161.222 -2737 -3.943378
1 1693.626 -1552 1199.806 0 0 0 30 30 900 1725.466 -1593 1185.692 1725.466 -1593 1165.692
1 1694.014 -1572 1149.158 0 0 0 40 40 1600 1725.466 -1593 1185.692 1725.466 -1593 1165.692
1 1679.048 -1586 1122.669 0 0 0 20 20 400 1725.466 -1593 1185.692 1725.466 -1593 1165.692
3 2060.93 -1537 1167.264 0 22.5 0 47.99986 69.99982 60.00001 2039.816 -1556 1228.937 2054.069 -1687 626.5249
3 2200.971 -1073 885.6585 0 0 0 20 50 80 2230.745 -1107 901.0275 2230.745 -1107 881.0275
1 2231.405 -977.2136 1002.073 0 0 0 30 30 900 2231.405 -818.2136 1022.073 2506.517 -3146.213 190.1607
3 3054.506 -1515.266 884.023 0 270 0 80 110 9.999998 2982.08 -1557.266 887.1988 3180.455 -1721.266 887.2099
3 3450.314 -1816.72 1280.901 0 0 0 9.999998 130 50 3329.686 -1888.72 1286.888 5295.386 -2416.72 1431.369
3 3421.864 -1806.72 1292.664 0 0 0 9.999998 130 50 3342.171 -1882.431 1290.543 3424.828 -1911.939 1303.175
3 3788.694 -1896.72 1258.667 0 0 0 9.999998 130 50 3329.686 -1888.72 1286.888 5295.386 -2416.72 1431.369
3 3815.677 -1891.72 1247.961 0 0 0 9.999998 130 50 4178.501 -2141.302 852.8456 4223.691 -2185.394 680.7062
3 4192.207 -2100.858 770.6433 0 0 0 50 80 10 4183.43 -2148.298 815.1255 4225.834 -2187.27 672.5853
1 4182.099 -2223.465 -553.9175 0 0 0 44 44 1936 4200.094 -2223.465 -561.3315 4200.094 -2223.465 -581.3315
3 4204.975 -2207 -577.952 0 0 0 33 40 40 4205.955 -2164 -528.3129 4157.895 -4268 -2559.467
1 1.918011 -85.39215 -32.83202 0 0 0 110 110 12099.99 -25.89733 -372.3922 132.7881 1.251451 -323.3922 -11.57581
3 4076.192 -2181 -903.5077 0 11.25 0 50 60 130 4164.945 -2198 -893.7975 3201.229 -2618 -2254.322
3 4182.797 -2220.583 -791.6406 0 7.03125 0 20 7 8 4184.017 -2215.583 -775.9165 4180.17 -2223.583 -799.5913
3 4223.403 -2220.583 -796.7585 0 7.03125 0 20 7 8 4228.484 -2220.583 -780.5556 4218.963 -2223.583 -839.0441
1 4083.429 -2252 -970.2416 0 0 0 60 60 3600 4138.039 -2223 -912.4355 4138.039 -2223 -932.4355
3 3899.501 -2177 -999.123 0 0 0 120 60 50 3922.036 -2107 -1101.894 4578.158 -3228 -22.47226
1 4067.056 -2261.627 -1213.376 0 0 0 70 70 4900 4087.797 -2233.627 -1128.47 4087.797 -2233.627 -1148.47
1 4052.459 -2224.861 -1071.957 0 0 0 20 20 400 4080.294 -2223.861 -1037.5 4080.294 -2223.861 -1057.5
1 4060.743 -2196.861 -1070.342 0 0 0 15 15 225 4080.294 -2223.861 -1037.5 4080.294 -2223.861 -1057.5
3 6327.97 -1934.67 -2924.16 357.1875 0 0 69.99998 89.99995 19.99995 6289.932 -2146.67 -2740.855 6295.968 -2272.67 -2911.415
3 4033.314 -2266 -1232.426 0 0 0 50 40 40 3974.186 -2203 -1154.299 5054.431 -3218 -2250.207
3 6391.332 -1934.67 -2652.535 357.1875 0 0 69.99998 29.99995 19.99995 6459.932 -2026.67 -2740.855 6321.02 -1972.67 -2909.93
1 4116.542 -2306.57 -1383.95 0 0 0 60 60 3600 4109.26 -2274.57 -1390.787 4109.26 -2274.57 -1410.787
3 4095.519 -2253.997 -1524.164 0 0 0 70 50 80 4070.368 -2252.997 -1458.699 7487.003 -2896.997 -3421.84
1 3997.053 -2316.216 -1541.823 0 0 0 70 70 4900 4049.958 -2279.216 -1533.36 4049.958 -2279.216 -1553.36
1 4037.62 -2282.216 -1478.948 0 0 0 20 20 400 4049.958 -2279.216 -1533.36 4049.958 -2279.216 -1553.36
1 4037.62 -2246.216 -1478.948 0 0 0 20 20 400 4049.958 -2279.216 -1533.36 4049.958 -2279.216 -1553.36
1 4049.317 -2203.332 -1225.642 0 0 0 20 20 400 4087.715 -2233.332 -1126.571 4087.715 -2233.332 -1146.571
1 4031.382 -2228.332 -1166.391 0 0 0 20 20 400 4087.715 -2233.332 -1126.571 4087.715 -2233.332 -1146.571
1 4017.376 -2204.78 -1009.383 0 0 0 50 50 2500 4033.078 -2224.78 -1047.636 4033.078 -2224.78 -1067.636
3 4095.519 -2159.997 -1524.164 0 0 0 70 50 80 4070.368 -2128.997 -1458.699 7487.003 -7796.997 -3421.84
1 4183.375 -2182 -791.4603 0 0 0 35 35 1225 4174.76 -2223 -811.869 4174.76 -2223 -831.869
1 4226.928 -2185 -799.5325 0 0 0 35 35 1225 4174.76 -2223 -811.869 4174.76 -2223 -831.869
1 4203.486 -2220 -794.6888 0 0 0 15 15 225 4174.76 -2223 -811.869 4174.76 -2223 -831.869
1 4157.21 -2219 -787.0923 0 0 0 15 15 225 4174.76 -2223 -811.869 4174.76 -2223 -831.869
1 4251.063 -2219 -803.6281 0 0 0 15 15 225 4174.76 -2223 -811.869 4174.76 -2223 -831.869
1 4255.257 -2219 -770.5921 0 0 0 15 15 225 4174.76 -2223 -811.869 4174.76 -2223 -831.869
1 4255.257 -2202 -770.5921 0 0 0 15 15 225 4174.76 -2223 -811.869 4174.76 -2223 -831.869
3 4197.455 -2248.847 -1503.936 0 0 0 9.999998 50 50 4116.275 -2276.847 -1428.659 4116.275 -2276.847 -1448.659
3 5579.156 -2132.715 -1549.761 0.08789063 0 0 19.99992 170 100 4978.137 -2199.715 -1548.485 6645.926 -2741.715 -1587.011
1 5008.446 -2220.99 -1579.531 0 0 0 20 20 400 5062.647 -2219.99 -1523.969 5062.647 -2219.99 -1543.969
1 5006.82 -2189.99 -1588.014 0 0 0 20 20 400 5062.647 -2219.99 -1523.969 5062.647 -2219.99 -1543.969
1 5083.052 -2223.99 -1514.547 0 0 0 20 20 400 5062.647 -2219.99 -1523.969 5062.647 -2219.99 -1543.969
1 5082.72 -2192.99 -1511.565 0 0 0 20 20 400 5062.647 -2219.99 -1523.969 5062.647 -2219.99 -1543.969
1 5157.531 -2223.99 -1573.957 0 0 0 20 20 400 5062.647 -2219.99 -1523.969 5062.647 -2219.99 -1543.969
1 5156.334 -2189.99 -1564.178 0 0 0 20 20 400 5062.647 -2219.99 -1523.969 5062.647 -2219.99 -1543.969
1 5242.263 -2245.99 -1585.304 0 0 0 20 20 400 5062.647 -2219.99 -1523.969 5062.647 -2219.99 -1543.969
1 5242.263 -2207.99 -1585.304 0 0 0 20 20 400 5062.647 -2219.99 -1523.969 5062.647 -2219.99 -1543.969
1 5714.375 -2110.322 -1552.021 0 0 0 70 70 4900 5685.605 -2170.322 -1547.898 6301.085 -2700.322 -1554.294
1 5693.164 -2200.899 -1443.445 0 0 0 50 50 2500 5774.154 -2209.899 -1499.432 5774.154 -2209.899 -1519.432
1 5821.165 -2216.899 -1644.673 0 0 0 50 50 2500 5774.154 -2209.899 -1499.432 5774.154 -2209.899 -1519.432
1 5889.383 -2216.899 -1455.591 0 0 0 50 50 2500 5774.154 -2209.899 -1499.432 5774.154 -2209.899 -1519.432
1 5723.623 -2181.899 -1513.925 0 0 0 20 20 400 5774.154 -2209.899 -1499.432 5774.154 -2209.899 -1519.432
1 5705.832 -2214.899 -1614.286 0 0 0 20 20 400 5774.154 -2209.899 -1499.432 5774.154 -2209.899 -1519.432
1 5704.411 -2184.899 -1619.08 0 0 0 20 20 400 5774.154 -2209.899 -1499.432 5774.154 -2209.899 -1519.432
1 5816.026 -2211.899 -1485.067 0 0 0 20 20 400 5774.154 -2209.899 -1499.432 5774.154 -2209.899 -1519.432
1 5815.753 -2178.899 -1480.075 0 0 0 20 20 400 5774.154 -2209.899 -1499.432 5774.154 -2209.899 -1519.432
1 5936.25 -2204.899 -1615.562 0 0 0 20 20 400 5774.154 -2209.899 -1499.432 5774.154 -2209.899 -1519.432
1 5936.25 -2172.899 -1615.562 0 0 0 20 20 400 5774.154 -2209.899 -1499.432 5774.154 -2209.899 -1519.432
3 2291.446 -1138 969.212 0 337.5 0 79.99986 10.99982 40.00001 2380.213 -1556 1163.305 1976.591 -1752 926.4255
1 5722.901 -2211.899 -1503.025 0 0 0 20 20 400 5774.154 -2209.899 -1499.432 5774.154 -2209.899 -1519.432
1 6019.814 -2102.63 -1341.698 0 0 0 20 20 400 5823.629 -2053.63 -1328.359 5767.351 -1969.63 -1372.327
1 5951.191 -1742.322 -1402.393 0 0 0 30 30 900 5685.605 -2170.322 -1547.898 6301.085 -2400.322 -1554.294
1 5958.104 -1512.322 -1552.524 0 0 0 30 30 900 5685.605 -2170.322 -1547.898 6301.085 -2400.322 -1554.294
3 6018.708 -1676 -1538.019 0 355.7813 0 40 40 40 6019.179 -1699 -1562.268 6023.36 -1705 -1503.38
3 6022.809 -1676 -1492.188 0 0 0 40 40 10 6331.084 -1689.951 -1667.799 6282.14 -1691.533 -1719.435
3 6209.708 -1673 -1745.317 0 343.125 0 50 40 40 6211.258 -1697 -1730.167 6083.498 -2165 -3065.522
3 6416.287 -1979.67 -2594.819 357.1875 0 0 69.99998 29.99995 19.99995 6539.932 -2226.67 -2680.855 6480.252 -2252.67 -2647.202
3 6215.684 -1678 -1690.313 0 277.0313 0 20 60 40 6358.272 -1688.852 -1653.113 6292.463 -1690.712 -1700.547
3 5984.652 -1702 -1547.016 0 0 0 7.100001 9.999998 17 5970.576 -1703 -1545.926 5998.13 -1705 -1544.863
3 6511.092 -2229.67 -2767.411 357.1875 0 0 69.99998 69.99995 19.99995 6539.932 -2226.67 -2680.855 6480.252 -2252.67 -2647.202
3 6512.83 -2229.67 -2817.382 357.1875 0 0 69.99998 69.99995 19.99995 6519.208 -2251.67 -2787.87 6597.047 -2857.67 -6207.896
3 6536.092 -2258.012 -3585.8 90 0 0 79.99998 49.99998 10 6468.718 -2216.012 -3650.386 6534.564 -2264.012 -3598.793
3 6541.401 -2258.012 -3696.231 90 0 0 79.99998 49.99998 10 6478.718 -2216.012 -3650.386 6534.564 -2264.012 -3598.793
3 8341.404 -2785 -3765.931 0 0 0 20 150 60 7286.031 -1912 -3767.703 10744.24 -5374 -3759.271
3 8391.404 -2815 -3765.931 0 0 0 20 150 60 8859.073 -3500.26 -4617.323 8759.794 -3530.593 -4699.001
1 8716.644 -3555.165 -4673.079 0 0 0 40 40 1600 8693.165 -3494.927 -4637.288 8563.669 -3511.728 -4702.385
3 9075.985 -3372 -5070.33 0 0 0 50 50 60 9074.909 -3378 -5013.317 9074.313 -3410 -5094.161
3 9073.114 -3375.004 -5151.798 0 0 0 40 40 10 9068.559 -3414.004 -5080.949 9068.559 -3414.004 -5100.949
1 9077.416 -3406.004 -5249.806 0 0 0 20 20 400 9078.652 -3338.004 -5188.855 9078.449 -3461.004 -5483.878
3 9076.692 -3401.01 -5416.696 0 0 0 30 10 50 9061.938 -3383.01 -5411.312 10107.66 -3751.01 -5752.861
1 9181.969 -3394.01 -5404.463 0 0 0 60 60 3600 9070.775 -3401.01 -5391.086 9070.775 -3401.01 -5411.086
1 9275.186 -3388.01 -5524.059 0 0 0 60 60 3600 9354.407 -3383.01 -5819.612 9040.099 -3401.01 -5799.023
3 9234.68 -3227.495 -5907.31 0 0 0 60 9.999998 110 9308.371 -2949.495 -5906.573 9123.772 -3237.495 -6153.944
3 9132.088 -3025.501 -5659.696 0 0 0 80 60 110 9124.82 -2952.501 -5641.32 9118.273 -6059.501 -8893.44
3 9173.378 -3077.949 -6619.495 0 347.3438 0 60 87 120 9460.915 -3364.524 -6398.699 9506.484 -3442.925 -6462.947
3 9132.088 -3105.501 -5849.696 330.4688 0 0 80 20 80 9124.82 -2987.501 -5641.32 9118.273 -5399.501 -8893.44
3 9132.088 -3025.501 -5609.696 0 0 0 80 60 60 9124.82 -2952.501 -5641.32 9118.273 -4149.501 -8893.44
1 9174.275 -3019.857 -5598.509 0 0 0 20 20 400 9143.152 -3019.857 -5598.012 9143.152 -3019.857 -5618.012
1 9170.449 -2989.857 -5603.093 0 0 0 20 20 400 9143.152 -3019.857 -5598.012 9143.152 -3019.857 -5618.012
1 9134.835 -3146.967 -5200.488 0 0 0 10 10 100 9131.454 -3153.967 -5058.88 9131.454 -3153.967 -5078.88
1 9138.739 -3114.967 -5331.709 0 0 0 10 10 100 9184.958 -3021.967 -5375.321 9131.476 -2813.967 -5536.273
1 9141.378 -2889.967 -5512.681 0 0 0 50 50 2500 9131.898 -2921.967 -5415.978 9169.201 -4043.967 -7222.813
1 9182.934 -3013.967 -5450.144 0 0 0 50 50 2500 9131.898 -2921.967 -5415.978 9169.201 -4043.967 -7222.813
1 9136.501 -3202 -5108.76 0 0 0 80 80 6400 9124.637 -3154 -5023.946 9124.637 -3154 -5043.946
3 9509.13 -3394.596 -6486.834 0 0 0 60 80 9.999998 9470.186 -3371.797 -6424.826 9514.416 -3445.033 -6492.217
1 6549.458 -2240.017 -3890.015 0 0 0 59.99995 59.99995 3599.993 6475.542 -2229.017 -3832.871 6789.26 -2191.017 -3848.657
1 6477.684 -2259.017 -3847.965 0 0 0 59.99995 59.99995 3599.993 6475.542 -2229.017 -3832.871 6789.26 -2191.017 -3848.657
3 9508.052 -3441.708 -6617.042 0 0 0 70 30 110 9527.744 -3451.708 -6525.368 9467.623 -3583.708 -8011.313
1 6439.923 -2259.017 -3768.99 0 0 0 59.99995 59.99995 3599.993 6475.542 -2229.017 -3832.871 6789.26 -2191.017 -3848.657
1 6621.084 -2259.017 -3775.908 0 0 0 59.99995 59.99995 3599.993 6475.542 -2229.017 -3832.871 6789.26 -2191.017 -3848.657
3 6526.122 -2218.071 -2939.717 0 0 0 40 70 10 6548.099 -2142.071 -2993.842 6548.099 -2142.071 -3013.842
3 6536.557 -2076.071 -3084.843 0 0 0 40 70 10 6540.193 -2022.071 -3111.546 6500.36 -2637.071 -4283.017
3 9524.44 -3439.708 -6816.052 0 0 0 70 110 110 9524.007 -3451.708 -6707.889 9467.623 -4353.708 -8011.313
1 6491.101 -2236.017 -3721.75 0 0 0 59.99995 59.99995 3599.993 6475.542 -2229.017 -3832.871 6789.26 -2191.017 -3848.657
3 6464.748 -2222.884 -3813.524 0 0 0 60 70 40 6500.988 -2263.884 -3796.483 6500.988 -2263.884 -3816.483
3 6534.158 -2274.017 -3751.692 0 0 0 79.99995 20 10.1 6472.692 -2189.017 -3747.734 6636.718 -2291.017 -3748.422
3 6534.326 -2230.017 -3748.696 0 0 0 79.99995 20 16.1 6472.692 -2189.017 -3747.734 6636.718 -2291.017 -3748.422
1 6565.067 -2208.001 -3827.764 0 0 0 30 30 900 6559.245 -2264.001 -3777.796 6559.245 -2264.001 -3797.796
1 2149.722 -1094 892.4496 0 0 0 50 50 2500 2224.861 -1107 909.6124 2224.861 -1107 889.6124
3 6586.503 -2197 -3667.573 0 0 0 17.1 30 15 6587.34 -2143 -3761.953 7952.045 -2417 -3745.892
1 6462.794 -2258.012 -3649.204 0 0 0 31.99999 31.99999 1024 6480.899 -2216.012 -3625.425 6497.052 -2264.012 -3649.34
3 9531.789 -3536.708 -7382.989 0 0 0 70 30 110 9527.744 -3451.708 -6525.368 9467.623 -3583.708 -8011.313
1 9196.411 -3471.073 -7548.055 0 0 0 310 310 96100.02 9533.523 -3540.073 -7455.268 9533.523 -3540.073 -7475.268
1 9196.411 -3171.073 -7548.055 0 0 0 310 310 96100.02 9533.523 -3540.073 -7455.268 9533.523 -3540.073 -7475.268
1 9196.411 -2871.073 -7548.055 0 0 0 310 310 96100.02 9533.523 -3540.073 -7455.268 9533.523 -3540.073 -7475.268
3 8928.965 -3291.073 -7584.29 0 0 0 110 220 10 9501.156 -3150.073 -7173.654 9149.887 -3445.073 -7433.269
1 9785.894 -3140.974 -7943.531 0 0 0 320 320 102400 9655.382 -3186.974 -8148.321 9655.382 -3186.974 -8168.321
1 9436.626 -2980.837 -7235.561 0 0 0 120 120 14400 9418.708 -3067.837 -7234.85 10714.48 -3632.837 -7465.926
3 9436.088 -3471.073 -7706.383 0 22.5 0 110 110 10 9533.523 -3540.073 -7455.268 9533.523 -3540.073 -7475.268
3 10394.42 -3492.554 -7464.15 0 0 0 190 70 90 10304.96 -3538.554 -7462.778 12397.33 -4125.555 -7474.513
3 10422.33 -3530.554 -7462.141 0 0 0 39.99997 70 90 10304.96 -3523.554 -7462.778 12397.33 -5145.555 -7474.513
1 10401.83 -3593.497 -7461.277 0 0 0 80 80 6400 10473.73 -3581.497 -7469.505 10473.73 -3581.497 -7489.505
3 10757.3 -3559.073 -7463.993 0 0 0 9.999998 60 60 11295.8 -3559.073 -7433.804 11295.8 -3559.073 -7453.804
3 10947.3 -3559.073 -7463.993 0 0 0 9.999998 60 60 11165.23 -3559.073 -7451.872 14405.37 -4149.073 -7498.251
1 12019.8 -3609 -7422.639 0 0 0 40 40 1600 12039.85 -3599 -7434.741 12039.85 -3599 -7454.741
1 12019.8 -3548 -7422.639 0 0 0 40 40 1600 12039.85 -3599 -7434.741 12039.85 -3599 -7454.741
1 11569.95 -3564 -7413.068 0 0 0 20 20 400 11610.5 -3599 -7405.098 11610.5 -3599 -7425.098
1 11578.62 -3597 -7504.006 0 0 0 20 20 400 11610.5 -3599 -7405.098 11610.5 -3599 -7425.098
1 11578.62 -3568 -7504.006 0 0 0 20 20 400 11610.5 -3599 -7405.098 11610.5 -3599 -7425.098
1 11724.13 -3602 -7413.323 0 0 0 20 20 400 11610.5 -3599 -7405.098 11610.5 -3599 -7425.098
1 11724.13 -3570 -7413.323 0 0 0 20 20 400 11610.5 -3599 -7405.098 11610.5 -3599 -7425.098
1 11875.72 -3603 -7415.854 0 0 0 20 20 400 11610.5 -3599 -7405.098 11610.5 -3599 -7425.098
1 11875.72 -3569 -7415.854 0 0 0 20 20 400 11610.5 -3599 -7405.098 11610.5 -3599 -7425.098
3 12079.24 -3562 -7496.538 0 21.09375 0 20 50 80 12198.99 -3555 -7492.472 12106.96 -3929 -9570.873
1 12146.12 -3580.99 -7675.539 0 0 0 50 50 2500 12188.29 -3598.99 -7691.106 12188.29 -3598.99 -7711.106
1 12206.2 -3580.99 -7673.565 0 0 0 50 50 2500 12188.29 -3598.99 -7691.106 12188.29 -3598.99 -7711.106
3 12171.89 -3593 -7578.597 0 0 0 60 20 80 12198.99 -3555 -7492.472 12106.96 -3929 -9570.873
3 12056.66 -3430.036 -7517.767 0 0 0 19.99994 79.99997 140 12165.6 -3419.036 -7499.392 13284.73 -3843.036 -7471.513
3 12382.01 -3460 -7495.654 0 0 0 90 30 50 12213.42 -3470 -7449.26 12213.42 -3470 -7469.26
3 13033.83 -3445 -7382.909 0 275.625 0 90 30 50 12213.42 -3470 -7449.26 12213.42 -3470 -7469.26
3 12481.58 -3458.036 -7492.184 0 0 0 19.99994 39.99997 89.99996 12380.6 -3419.036 -7497.632 15237.12 -3823.036 -7551.588
1 13062.07 -3460.653 -7258.189 0 0 0 80 80 6400 13034.89 -3446.653 -7548.778 13308.1 -4090.653 -4723.311
3 13150.48 -3530.653 -6324.464 0 0 0 80 80 10 13034.89 -3446.653 -7548.778 13308.1 -4090.653 -4723.311
3 13216.88 -3604.322 -6164.095 0 0 0 120 10 140 13173.17 -3599.322 -6302.475 13173.17 -3599.322 -6322.475
1 13190.67 -3607.042 -6425.608 0 0 0 30 30 900 13147.77 -3599.042 -6540.699 13147.77 -3599.042 -6560.699
1 13136.58 -3607.042 -6342.401 0 0 0 30 30 900 13147.77 -3599.042 -6540.699 13147.77 -3599.042 -6560.699
1 13136.58 -3567.042 -6342.401 0 0 0 20 20 400 13147.77 -3599.042 -6540.699 13147.77 -3599.042 -6560.699
1 13189.02 -3567.042 -6426.934 0 0 0 20 20 400 13147.77 -3599.042 -6540.699 13147.77 -3599.042 -6560.699
1 13220.79 -3603 -6207.991 0 0 0 20 20 400 13223.24 -3599 -6157.416 13223.24 -3599 -6177.416
1 13213.79 -3567 -6208.04 0 0 0 20 20 400 13223.24 -3599 -6157.416 13223.24 -3599 -6177.416
1 13294.59 -3580 -6221.3 0 0 0 50 50 2500 13223.24 -3599 -6157.416 13223.24 -3599 -6177.416
1 13270.76 -3580 -6264.963 0 0 0 50 50 2500 13223.24 -3599 -6157.416 13223.24 -3599 -6177.416
1 13249.94 -3580 -6314.899 0 0 0 50 50 2500 13223.24 -3599 -6157.416 13223.24 -3599 -6177.416
3 13404.97 -3554.979 -6108.923 0 0 0 70 60 80 13404.93 -3552.979 -5994.823 13378.92 -3988.979 -7206.229
3 13484.97 -3554.979 -6108.923 0 0 0 70 60 80 13397.28 -3575.979 -6080.718 14590.1 -3748.979 -5937.805
3 13577.33 -3554.979 -6060.406 0 0 0 70 60 80 13519.22 -3575.979 -6075.271 13471.44 -3748.979 -4523.877
3 13537.71 -3550.989 -6119.239 0 0 0 40 60 30 13451.36 -3598.989 -6049.319 13451.36 -3598.989 -6069.319
1 13560.28 -3595.99 -6140.162 0 0 0 60 60 3600 13462.21 -3598.99 -6044.613 13462.21 -3598.99 -6064.613
1 13499.39 -3578.99 -6154.457 0 0 0 60 60 3600 13462.21 -3598.99 -6044.613 13462.21 -3598.99 -6064.613
1 13525.59 -3587.979 -5960.146 0 0 0 50 50 2500 13519.22 -3575.979 -6075.271 13471.44 -3748.979 -4523.877
1 13585.98 -3583.123 -5510.98 0 0 0 50 50 2500 13498.18 -3525.123 -5502.055 12610.69 -4154.123 -5541.567
1 13434.11 -3646.979 -6076.571 0 0 0 70 70 4900 13397.28 -3575.979 -6080.718 14590.1 -3748.979 -5937.805
3 7113.402 -1920 -3765.422 0 0 0 9.999998 30 40 7086.621 -1928.52 -3761.614 7125.678 -1930 -3763.732
3 7008.402 -1920 -3765.422 0 0 0 9.999998 30 40 6797.89 -1912 -3759.946 9034.235 -1894 -3763.363
3 11745.21 -3405.204 -7439.703 0 0 0 30 60 120 11703 -3441.204 -7553.078 12468.89 -4023.204 -6393.807
3 11846.64 -3405.204 -7369.703 0 90 0 40 60 130 11670.3 -3388.204 -7413.206 13877.57 -4023.204 -6329.162
1 12879.19 -3172.268 -7370.783 0 0 0 50 50 2500 12797.63 -3139.268 -7371.599 14182.29 -3782.268 -7343.626
1 12766.72 -2988.613 -7369.995 0 0 0 40 40 1600 12745.94 -2967.613 -7369.955 13231.72 -3731.613 -7371.017
3 12793.21 -3240.936 -7370.012 0 0 0 50 50 50 12793.21 -3264.936 -7350.012 12793.21 -3264.936 -7370.012
1 13282.16 -3137.268 -7370.066 0 0 0 70 70 4900 12797.63 -3139.268 -7371.599 14182.29 -3462.268 -7343.626
1 13282.16 -3137.268 -7370.066 0 0 0 77 77 5929 13177.83 -3103.268 -7370.583 13299.51 -3182.268 -7367.538
1 6974.177 -1933 -3706.527 0 0 0 30 30 900 6923.814 -1922 -3741.754 8453.742 -2082 -2296.672
1 9216.869 -3159 -5017.635 0 0 0 30 30 900 9214.71 -3154 -4949.493 9214.71 -3154 -4969.493
3 9075.985 -3372 -5119.33 0 0 0 40 50 20 9077.043 -3393 -5063.784 9076.289 -3410 -5125.17
3 4198.957 -2128 -806.1888 0 0 0 60 40 20 4206.207 -2198 -430.038 4157.895 -2868 -2559.467
3 2386.031 -1086.766 885.3068 0 0 0 100 100 100 2395.334 -1105.766 905.8427 2395.334 -1105.766 885.8427
3 2556.558 -1139.766 814.2775 0 0 0 180 100 40.00002 2395.334 -1105.766 905.8427 2395.334 -1105.766 885.8427
3 2556.558 -1139.766 964.2775 0 0 0 190 100 40.00002 2395.334 -1105.766 905.8427 2395.334 -1105.766 885.8427
3 969.5079 -1984.186 914.7794 0 0 0 70.00003 140 200 1002.301 -1774.186 1161.803 1002.301 -1774.186 1141.803
3 4311.958 -2180 -803.7118 0 7.03125 0 60 40 70 4299.334 -2178 -768.2482 3204.618 -3638 -3085.852
3 2260.722 -1491 1172.085 0 61.875 0 250 760.0001 10 2111.157 -1301 1171.936 2111.157 -1301 1151.936
3 2336.028 -1426 866.4965 0 90 0 250 300 10 2111.157 -1301 1171.936 2111.157 -1301 1151.936
3 2222.676 -1396 610.8378 0 125.1563 0 250 800.0001 10 2111.157 -1301 1171.936 2111.157 -1301 1151.936
3 4204.797 -2180.858 533.8765 0 0 0 60 30 110 4200.215 -2176.858 584.1777 4164.619 -2410.858 -2242.421
3 4202.965 -2093.858 537.8695 0 0 0 50 50 58 4199.942 -2057.858 604.1383 4164.619 -4420.858 -2242.421
1 4204.555 -2110.858 528.0966 0 0 0 60 60 3600 4199.942 -2057.858 604.1383 4164.619 -4420.858 -2242.421
3 4248.672 -2130.858 607.4852 0 0 0 20 50 28 4199.942 -2057.858 604.1383 4164.619 -4420.858 -2242.421
3 4153.672 -2130.858 607.4852 0 0 0 20 50 28 4199.942 -2057.858 604.1383 4164.619 -4420.858 -2242.421
1 4207.033 -2118.858 420.1257 0 0 0 40 40 1600 4199.942 -2057.858 604.1383 4164.619 -4420.858 -2242.421
1 4207.033 -2118.858 320.1257 0 0 0 40 40 1600 4199.942 -2057.858 604.1383 4164.619 -4420.858 -2242.421
1 4207.033 -2118.858 220.1257 0 0 0 40 40 1600 4199.942 -2057.858 604.1383 4164.619 -4420.858 -2242.421
3 6158.495 -2034 -2308.408 0 0 0 20 250 250 6205.748 -1671 -1822.14 7668.833 -8495 -8069.321
3 6261.495 -2034 -2308.408 0 0 0 20 250 250 6205.748 -1657 -1822.14 4768.896 -8525 -8074.976
3 9524.44 -3442.708 -6996.052 0 0 0 70 50 110 9528.623 -3415.708 -6894.667 9467.623 -4353.708 -8011.313
3 9524.44 -3442.708 -7299.052 0 0 0 70 50 120 9528.623 -3415.708 -6894.667 9467.623 -4353.708 -8011.313
1 9524.042 -3426.708 -6951.103 0 0 0 90 90 8100 9528.623 -3415.708 -6894.667 9467.623 -4353.708 -8011.313
1 9524.042 -3426.708 -7051.103 0 0 0 90 90 8100 9528.623 -3415.708 -6894.667 9467.623 -4353.708 -8011.313
1 9523.95 -3436.708 -7232.098 0 0 0 80.00001 80.00001 6400.001 9528.623 -3415.708 -6894.667 9467.623 -4353.708 -8011.313
1 9523.95 -3436.708 -7372.098 0 0 0 80.00001 80.00001 6400.001 9528.623 -3415.708 -6894.667 9467.623 -4353.708 -8011.313
3 9179.475 -3412 -5070.71 0 0 0 50 10 60 9154.909 -3378 -5013.317 9215.543 -3279 -5014.986
3 9133.067 -3232 -5208.984 0 0 0 120 50 80 9135.284 -3074 -5156.553 9135.156 -3182 -5174.757
3 9133.067 -3337 -4828.984 0 0 0 120 50 80 9137.921 -3114 -4781.553 9137.547 -3182 -4834.757
1 694.8876 -1370.514 838.0279 0 0 0 30 30 900 793.8154 -1427.514 981.6633 702.6395 -1370.514 864.3716
1 1205.981 -1591.957 852.08 0 0 0 160 160 25600 1061.073 -1456.957 883.9193 1129.27 -1523.957 851.7057
1 781.8378 -1420.828 1315.702 0 0 0 50 50 2500 1416.436 -1487.828 1163.424 2928.56 -2759.828 1212.016
1 1504.648 -1176.972 1175.638 0 0 0 30 30 900 1463.033 -1147.972 1167.043 1811.09 -1803.972 1172.747
3 1720.37 -1679 1156.722 0 0 0 249.9999 29.99982 180 1694.247 -1556 1162.693 2988.774 -2022 1090.129
3 848.2097 -1936.809 1351.201 0 0 0 140 10 170 881.543 -1893.809 1351.112 881.543 -1893.809 1331.112
1 8978.737 -2698.679 -4633.287 0 0 0 50 50 2500 8978.737 -2698.679 -4613.287 8978.737 -2698.679 -4633.287
1 8607.271 -2847.346 -4797.628 0 0 0 30 30 900 8760.331 -2788.346 -4711.663 8760.331 -2788.346 -4731.663
3 8229.134 -3389.472 -4419.188 0 336.6211 0 30 30 10 8176.355 -3420.472 -4520.063 8213.023 -3394.472 -4381.258
3 8336.871 -3058.134 -4741.984 0 292.5 0 60 50 20 8328.671 -3088.134 -4708.812 8783.467 -2439.134 -5469.659
3 8380.758 -2960.134 -4841.664 0 292.5 0 60 50 20 8328.671 -3088.134 -4708.812 8783.467 -2439.134 -5469.659
3 9140.963 -3136 -4854.801 0 0 0 70.00001 39.99999 40 9122.674 -3087 -4777.026 9131.26 -5043 -6970.993
1 9038.071 -3184 -5037.566 0 0 0 60 60 3600 9054.956 -3154 -5048.118 9054.956 -3154 -5068.118
1 9236.521 -3184 -5087.511 0 0 0 60 60 3600 9054.956 -3154 -5048.118 9054.956 -3154 -5068.118
1 9165.901 -2943.501 -5925.312 0 0 0 100 100 10000 9124.82 -2922.501 -5641.32 9118.199 -7994.501 -8931.44
3 9334.423 -2859.708 -6387.593 0 0 0 120 160 110 9524.007 -3451.708 -6707.889 9467.623 -4353.708 -8011.313
