3 4.235633 -87 -2008.779 0 0 0 100 130 70 -0.019704 -90 -2045.214 -0.386262 -506 -3001.699
3 0.225148 -146 -2489.77 0 0 0 110 210 429.9999 -1.934462 -91 -2915.668 0.187559 -405 -3281.583
3 809.4133 -190 -3276.097 0 0 5.625 70 170 90 767.2715 -106 -3278.029 1026.298 -410 -3274.792
3 892.3218 -217 -3277.065 0 0 16.875 100 190 90 866.9278 -122 -3265.093 1398.118 -450 -3272.535
3 1092.322 -172 -3277.065 0 0 0 180 160 90 814.7939 -130 -3275.667 1657.132 -600 -3278.953
3 1902.484 -135 -5521.967 0 0 0 210 170 429.9999 1923.726 -116 -5856.775 1923.496 -410 -5996.846
3 1902.484 -83 -6491.967 0 0 0 210 260 689.9999 1924.461 -211 -5907.69 1915.93 -619 -8400.813
3 0 -140 0 270 0 0 200 200 10 -2.682302 -117 37.14844 -5.201994 -1630 -3238.874
3 280.6007 -271 -3308.095 0 0 0 509.9999 60 160 -156.6869 -266 -3302.999 3356.132 -1157 -3259.205
3 1245.068 -166 -3262.703 0 90 0 110 190 10 1492.791 -290 -3237.656 1492.791 -290 -3257.656
3 1922.354 -161 -7199.198 5.625 0 0 110 160 50 1934.465 -170 -7147.499 1947.531 -306 -7276.925
2 1613.305 -199 -3293.319 90 0 0 309.9999 509.9999 0 1847.869 -160 -3330.416 1847.869 -160 -3350.416
3 1733.064 -165 -3335.333 0 135 0 210 210 10 1938.283 -122 -5132.352 2122.724 -1251 -7912.328
3 1925.182 -231.9716 -6620.351 0 0 0 50 40 170 1937.041 -209.9716 -6493.188 1918.249 -465.9716 -6925.972
3 1825.808 -265 -6788.003 0 0 0 60 50 90 1858.997 -233 -6725.477 1907.775 -331 -6828.545
3 2054.25 -298 -7295.845 5.625 0 0 250 110 100 1940.276 -154 -7262.963 2949.464 -651 -7255.567
3 286.5196 -278 -3366.87 0 0 0 60 70 50 279.4283 -268 -3406.16 378.0096 -352 -3270.324
2 945.0682 -191 -3262.703 0 90 0 110 110 0 1492.791 -290 -3237.656 1492.791 -290 -3257.656
3 1591.059 -239 -6010.114 0 0 0 200 260 89.99994 1863.687 -211 -6011.052 535.2096 -634 -5995.866
2 2280.456 -159 -7239.722 0 90 0 210 210 0 2324.521 -278 -7257.766 6012.458 -290 -7269.271
3 2904.758 -310 -7171.26 0 0 0 110 90 50 2884.866 -210 -7200.103 2957.663 -368 -7263.363
2 3283.141 -200 -7408.196 90 0 0 309.9999 309.9999 0 3348.948 -170 -7239.972 3348.948 -170 -7259.972
2 3350.003 -200 -7275.567 0 135 0 210 210 0 3464.65 -141 -7212.167 3565.505 -292 -10231.66
3 3854.354 -228 -10228.57 0 0 0 509.9999 100 180 3659.091 -163 -10121.49 5155.267 -640 -10144.79
3 3851.222 -267 -10228.45 0 0 0 110 70 50 3837.138 -201 -10210.29 3897.427 -306 -10042.11
3 -177.4331 -170 -1491.364 0 0 0 70 78 60 -61.32291 -109 -1464.309 -438.6116 -254 -1546.681
3 -179.4087 -170 -1707.461 0 0 0 80 70 67 -142.0494 -139 -1679.019 -565.22 -309 -1879.22
3 -189.2261 -170 -1599.465 0 0 0 90 130 50 -133.7356 -139 -1595.568 -444.913 -270 -1626.113
3 -179.4087 -157 -1807.461 0 0 0 80 70 36 -106.671 -99 -1811.039 -470.23 -369 -1855.674
3 86.66795 74.99998 -905.1412 0 0 0 400 300 880 -3.096465 -7 -502.8515 -5.201994 -1001 -3238.874
3 263.0095 -130 -1625.099 0 12.65625 0 90 78 50 132.5972 -88 -1595.935 933.3296 -484 -1770.131
3 4.295665 -55 -1954.306 0 0 0 60 70 50 9.052237 -27 -1856.303 -24.68726 -801 -2545.611
3 11.22163 -3 52.3683 0 0 0 100 100 100 1.489783 38 13.79073 2.891856 -1344 -585.0875
1 1751.479 -238 -7262.019 0 0 0 150 150 22499.99 1940.276 -154 -7262.963 2949.464 -651 -7255.567
3 95.75178 -55 -1547.7 0 0 0 400 200 400 -3.096465 -7 -502.8515 -5.201994 -500.9998 -3238.874
3 16.36406 -251 -2402.421 0 0 0 89.99998 210 59.99997 1.160593 -113 -2342.9 0.187561 -405 -2661.583
1 -161.1565 -360 -3372.991 0 0 0 100 100 10000 -98.54504 -315 -3364.771 -98.54504 -315 -3384.771
3 1478.843 -242 -3280.944 0 0 0 260 150 90 1227.068 -260 -3275.371 4161.892 -500 -3276.091
3 1675.862 -84 -3270.93 0 0 0 60.00001 70.00001 60 1650.23 -72 -3206.783 2517.448 -130 -4227.722
3 1613.017 -218 -6014.541 0 0 0 25 50 70 1675.426 -223 -6004.973 1331.761 -247 -6006.788
3 2119.8 -160 -4151.961 0 0 0 60 60 70 2060.373 -51 -4084.332 2087.384 -160 -4145.76
3 2119.8 -160 -4285.961 0 0 0 60 60 63 2083.726 -35 -4198.868 2136.786 -190 -4311.668
3 2118.631 -160 -4480.014 0 0 0 80 60 130 2016.517 -104 -4445.038 2102.892 -170 -4511.585
3 2096.411 -106 -3615.368 0 0 0 80 70 35 1995.615 -74 -3612.882 2486.885 -298 -3595.812
3 1946.156 -160 -4227.182 0 0 0 110 60 70 2016.084 -50 -4147.527 1871.156 -190 -4340.229
3 1944.365 -160 -4502.175 0 0 0 110 60 104 1999.868 -68 -4375.675 1847.62 -175 -4668.596
3 1931.071 -130 -4704.014 0 0 0 160 60 97 2032.83 -31 -4586.278 1877.702 -189 -4735.634
3 1830.42 -135 -4691.915 0 0 0 80 60 127 1949.697 -58 -4612.2 1734.234 -189 -4830.583
3 1880.785 -130 -4510.138 0 0 0 40 60 110 1936.221 -70 -4406.252 1737.668 -199 -4734.927
3 1919.864 -108 -5042.331 0 0 0 160 90 240 1921.398 -106 -4804.563 1935.689 -609 -6625.869
3 4.303771 -75 -928.7719 0 0 0 130 200 120 3.167391 -70 -756.3721 -5.201994 -1001 -3238.874
3 -192.0874 -75 -1039.967 0 0 0 120 200 80 -50.51878 -67 -906.4138 -816.0062 -550.9998 -1872.014
3 -192.0874 -75 -895.9671 0 0 0 120 200 65 -96.5255 -67 -783.7412 -816.0062 -550.9998 -1872.014
3 -5.53854 -75 -1076.777 0 0 0 120 200 53 6.990117 -63 -955.5034 -5.201994 -1001 -3238.874
3 499.1238 -150 -1606.433 0 0 0 200 200 400 132.5972 -88 -1595.935 933.3296 -484 -1770.131
3 572.5754 -140 -882.846 0 12.65625 0 190 200 400 132.5972 -88 -1595.935 933.3296 -484 -1770.131
3 262.8298 -120 -1602.865 0 0 0 90 78 50 132.5972 -88 -1595.935 933.3296 -484 -1770.131
3 -165.684 -216 -2948.232 0 0 0 110 210 210 -55.79443 -256 -2933.278 311.0549 -545 -3595.125
3 1946.156 -160 -4337.182 0 0 0 110 60 60 1969.161 -50 -4205.773 1871.156 -190 -4340.229
3 1872.125 -130 -4271.914 0 0 0 40 60 120 1944.094 -76 -4217.161 1782.491 -179 -4382.447
1 1786.288 -276 -6621.878 0 0 0 50 50 2500 1840.165 -295 -6556.764 1840.165 -295 -6576.764
1 1883.764 -276 -6624.064 0 0 0 50 50 2500 1840.165 -295 -6556.764 1840.165 -295 -6576.764
3 -4.384652 -115 -203.2372 0 0 0 200 100 65 7.399325 -80 -96.57957 -654.2982 -1285 -2179.928
3 -5.166635 -115 -339.1756 0 0 0 200 100 90 19.78072 -88 -181.1746 -654.2982 -1285 -2179.928
3 -34.89634 -115 -387.2169 0 0 0 200 100 40 7.717703 -28 -310.6156 -654.2982 -1285 -2179.928
1 2045.413 -277 -6004.855 0 0 0 100 100 10000 1950.126 -295 -6032.75 1950.126 -295 -6052.75
3 3268 -87 -7261.999 0 0 0 50 80 50 3225.849 -86 -7184.549 3465.29 -23 -7363.059
3 3268 -192 -7261.999 0 0 0 50 80 50 3195.146 -194 -7209.224 3730.266 -406 -7515.135
3 3103.57 -237 -7263.231 0 0 0 200 80 50 2955.937 -241 -7259.644 5666.885 -768 -7162.214
3 3565.677 -102 -8198.523 0 0 0 250 100 1000 3467.588 16 -7483.37 3689.343 -930.9998 -11694.78
3 3580.861 -27.5 -8729.552 0 0 0 40 100 40 3529.273 70.5 -8580.001 3580.492 -59.5 -8725.199
3 3563.59 -39.5 -8871.729 0 0 0 90 70 170 3678.583 -55.5 -8736.798 3040.814 -149.5 -8828.474
3 3417.934 -39.5 -8848.866 0 0 0 90 70 170 3554.835 -10.5 -8663.597 3040.814 -149.5 -8828.474
3 3290.321 -140 -8175.173 0 0 0 100 50 43 3404.906 -35 -8115.854 3201.72 -218 -8221.633
3 3293.563 -141 -8319.641 0 0 0 100.1 50 43.09999 3451.316 -40 -8271.351 3134.34 -170 -8399.307
3 3293.563 -141 -8247.641 0 0 0 100.1 50 30.09999 3449.982 -30 -8219.315 3156.686 -170 -8347.126
3 3293.563 -141 -8429.641 0 0 0 100.1 50 68.09999 3427.306 -79 -8386.269 3061.232 -170 -8563.86
3 3314.748 -142 -8745.226 0 0 0 60 40 70 3381.958 -121 -8720.208 3016.936 -283 -8807.083
3 3284.71 -117 -8854.951 0 0 0 90 70 41 3410.104 -91 -8843.617 2819.07 -303 -8966.357
3 3284.71 -117 -8963.951 0 0 0 90 70 73 3407.843 -91 -8952.242 2813.853 -303 -9093.041
3 3224.71 -117 -9118.951 0 0 0 90 70 83 3392.631 -91 -9038.711 2789.194 -303 -9167.51
3 3290.321 -140 -8069.173 0 0 0 100.1 50 63 3388.967 -74 -8007.623 3201.72 -218 -8221.633
3 3423.802 -172 -9774.753 0 0 0 250 200 600 3471.974 -84 -9400.224 3624.675 -1431 -12597.13
1 1558 -165 -6008 0 0 0 3 3 9 1477.392 -186 -6051.111 1615.065 -152 -5986.576
1 3237 -136 -8967.003 0 0 0 3 3 9 3315.389 -118 -8943.065 3108.074 -183 -9016.032
3 1504.441 -199 -6008.582 0 0 0 73.99997 160 67.99994 1580.239 -126 -6054.724 293.6366 -1014 -5516.461
3 3261 -136 -8967.003 0 0 0 38 40 60 3315.389 -118 -8943.065 3108.074 -183 -9016.032
3 2088.321 -168 -3508.896 0 0 0 80 70 70.00001 1972.381 -115 -3477.24 2545.147 -287 -3520.975
1 3365.517 -216 -8955.385 0 0 0 90 90 8100 3397.228 -160 -8878.503 3397.228 -160 -8898.503
3 3421.415 -27.5 -8849.786 0 0 0 40 100 40 3540.664 25.5 -8817.413 3231.357 -104.5 -8856.331
3 -356.5562 -157 -1510.325 0 0 0 110 70 400 -318.467 -24 -1891.176 -172.9513 -904 1149.899
3 -248.9334 -167 -1801.011 0 0 0 60 70 50.00001 -318.467 -24 -1891.176 -172.9513 -904 1149.899
3 2116.411 -106 -3715.368 0 0 0 70 70 65 1995.615 -74 -3702.882 2486.885 -298 -3775.812
3 1409.144 -157 -3279.522 0 0 0 190 190 90 1227.068 -260 -3275.371 4161.892 -500 -3276.091
3 296.9355 -110 -1793.808 0 0 0 80 140 150 315.3958 -62 -1635.816 77.61371 -609 -2141.256
3 215.5936 -104 -1749.679 0 0 0 35 140 30.00001 283.272 -18 -1719.153 77.61371 -609 -2141.256
1 218.1648 -159 -1703.236 0 0 0 60 60 3600 216.8261 -170 -1726.545 216.8261 -170 -1746.545
1 231.847 -167 -1800.022 0 0 0 90 90 8100 216.8261 -170 -1726.545 216.8261 -170 -1746.545
