3 2.933849 22 -3.136285 0 0 0 50 150 50 -11.36566 -14 -9.876119 56.76454 -330 13.605
3 179.512 -250 6.063921 0 0 0 250 39.99998 80 357.5345 -235.2849 6.934436 425.7516 -250 34.36476
3 2719.856 -613.0003 -481.2689 0 0 0 50 110 260 2750.6 -634.0003 -364.3358 2740.634 -868.0003 -42.90605
3 3151.824 -803.0008 -47.54177 0 0 0 130 100 100 3191.655 -763.0008 -34.93926 3184.547 -924.0008 -496.6797
3 2779.995 -731.0003 -119.8448 0 0 0 100 110 80 2725.906 -671.0003 -73.60815 3389.294 -1010 -64.94973
3 1719.884 -510.9881 -1034.577 0 0 30.9375 70 369.9999 80 1752.709 -539.0339 -1036.828 1835.756 -567.3541 -1016.455
3 3181.986 -750 -494.8035 0 0 0 219 160 180 3307.551 -882.6656 -537.3937 3392.046 -882.9999 -547.0367
1 3910.105 -809 -702.0851 0 0 0 200 200 40000 3888.784 -870 -680.2289 4157.668 -1032 -694.4393
3 3626.854 -873.9741 -652.9121 0 0 0 110 90 200 3557.672 -853.9741 -533.6224 3814.841 -902.9741 -711.0597
2 2894.759 -398 -377.6015 0 0 0 210 69.99998 0 2866.339 -398 -282.6183 2913.481 -433 -967.559
2 2896.619 -398 -339.8481 0 0 0 210 69.99998 0 2866.339 -398 -282.6183 2913.481 -433 -967.559
2 2877.152 -398 -658.8805 0 0 0 210 69.99998 0 2850.775 -353 -589.4161 2862.347 -368 -96.4696
3 3627.892 -862.9735 -409.5107 0 0 0 60 50 90 3539.212 -785.9735 -398.4238 3640.301 -902.9735 -540.2649
1 3350.56 -823.0008 -76.84388 0 0 0 100 100 10000 3247.705 -745.0008 -55.90152 3516.197 -927.0008 -109.1429
3 772.8792 -235 -561.729 0 0 0 50 50 50 718.0579 -159 -653.9752 802.0714 -251 -569.4011
3 757.8276 -235 -574.8055 0 0 0 20 50 40 718.0579 -159 -653.9752 802.0714 -251 -569.4011
1 2821.904 -668 -697.3802 0 0 0 100 100 10000 2754.246 -629 -637.583 3048.482 -639 -810.954
3 2956.333 -751 -60.35308 0 90 0 100.1 110 76 2828.64 -688 -70.49236 3321.748 -999 -63.03771
3 5732.978 -1388.641 -1232.269 0 0 0 320 40 40 5948.105 -1404.641 -1233.223 7734.946 -1668.641 -1092.177
3 -34.85442 -265.9932 -0.599645 0 0 0 27 20 50 -22.98953 -210.9932 3.864308 72.42122 -269.9932 6.375247
3 0.403194 -160 -1.528535 0 0 0 50 59.99999 50 40.42133 -261 -26.10744 -14.78352 -200 13.73932
1 580.1509 -256 -24.64722 0 0 0 200 200 40000 582.9166 -243 16.83355 633.9589 -370 -612.619
3 705.1917 -231 -645.6644 0 0 0 89.99998 150 80 658.9492 -196 -633.9191 1264.37 -372 -642.1573
3 1816.439 -642.7115 -1030.153 0 0 0 50 30 50 1772.563 -647.7115 -1033.955 2215.904 -662.7115 -1019.561
2 1917.683 -755.988 -1026.804 90 0 0 180 180 0 1841.648 -690.988 -1025.678 2474.071 -1279.988 -1025.431
3 1746.439 -658.7115 -1030.153 0 0 0 50 30 50 1772.563 -647.7115 -1033.955 2215.904 -662.7115 -1019.561
1 1314.068 -238 -993.3535 0 0 0 110 110 12100 1293.408 -253 -1021.385 1688.891 -309 -1014.795
1 2436.016 -633 -693.1253 0 0 0 120 120 14400 2408.484 -646 -656.7451 2830.225 -751 -651.0712
3 4130.216 -1126.998 -695.8213 0 0 29.53125 110 309.9999 110 4351.767 -1296.469 -678.8492 4155.449 -1143.73 -683.7018
3 4204.471 -1260.241 -683.2561 0 0 0 140 89.99998 110.1 4173.05 -1278.241 -681.5958 4633.654 -1380.241 -683.9946
3 -1.978344 -266.9932 1.249197 0 0 0 27 20 50 -15.5548 -245.9932 3.878285 72.42122 -269.9932 6.375247
3 4909.98 -1361 -1039.72 0 0 0 130 80 250 4966.317 -1407.964 -1235.497 5014.048 -1416 -1247.254
3 2931.397 -544.4683 -485.7047 0 270 0 300 100 80 2919.909 -536.0287 -635.8546 2937.664 -534.2303 -562.9263
3 2867.5 -693.4683 -667.6132 0 0 0 100 30 40 2868.028 -576.5606 -706.3379 2938.352 -646.997 -673.5141
3 2376.441 -620 -1023.487 0 0 0 80 60 80 2386.792 -644 -1023.719 2392.295 -663 -619.3821
3 2376.441 -620 -1103.487 0 0 0 90 60 30 2386.792 -644 -1023.719 2392.295 -663 -619.3821
3 5218.016 -1392 -1229.759 0 0 0 200 50 90 5299.59 -1365.409 -1221.768 5413.157 -1383.526 -1224.337
1 6088.584 -1407 -1235.934 0 0 0 50 50 2500 6142.091 -1387 -1232.798 6404.279 -1774 -1229.603
1 6102.566 -1435 -1231.147 0 0 0 35 35 1225 6139.762 -1521 -1203.935 6139.762 -1521 -1223.935
3 6168.607 -1479 -1233.358 0 0 0 80.00003 60 80.00003 6190.557 -1472 -1242.717 6224.21 -1499 -1232.813
3 6168.607 -1516 -1233.358 0 0 0 140 60 150 6190.557 -1472 -1242.717 6224.21 -1499 -1232.813
1 736.1496 -261.896 -557.2888 0 0 0 65 65 4225 791.3662 -261.896 -623.7419 791.3662 -261.896 -643.7419
3 1814.461 -803.7115 -1029.944 0 0 32.34375 50.00001 600 150 1772.563 -647.7115 -1033.955 2215.904 -662.7115 -1019.561
3 920.1286 -173 -636.1914 0 0 0 140 35 35 985.0069 -155.6717 -635.9799 1042.043 -170.3502 -637.4575
1 1036.019 -227 -639.2271 0 0 0 40 40 1600 1113.655 -275 -637.4008 1113.655 -275 -657.4008
3 1240.747 -212 -658.6058 0 0 0 200 70.00001 130 1258.116 -240.9592 -680.8953 1253.007 -249.9988 -759.6935
3 1494.694 -200.9881 -1026.587 0 0 0 100 101 130 1474.12 -230.3326 -1027.731 1750.137 -360.9937 -1027.254
3 2670.679 -620 -1028.984 0 0 0 200 60 80.00001 2423.461 -629.6733 -1031.434 2472.38 -642.9992 -1014.607
3 3005.473 -544.4683 -298.9394 0 270 0 100.1 100 80 2938.538 -523.5764 -281.54 2928.668 -540.1395 -281.8959
1 2455.548 -636 -1027.464 0 0 0 60 60 3600 2400.064 -638 -1034.807 2655.555 -743 -1022.168
1 6069.448 -1435 -1234.464 0 0 0 42 42 1764 6139.762 -1521 -1203.935 6139.762 -1521 -1223.935
3 4790.539 -1296 -701.5504 0 0 0 180 80 110 4885.96 -1341.879 -724.4932 4880.758 -1346 -787.474
1 1051.958 -270 -627.9891 0 0 0 60 60 3600 1068.56 -270 -610.9861 1068.56 -270 -630.9861
1 1258.391 -230 -868.5064 0 0 0 110 110 12100 1068.56 -270 -610.9861 1068.56 -270 -630.9861
3 2996.718 -826 -38.21894 0 90 0 60.09999 29.99999 40 3001.482 -715 -168.3634 3022.914 -899 63.83699
3 3189.685 -759.0008 76.70363 0 0 0 550 200 100 3191.655 -763.0008 -34.93926 3184.547 -974.0008 -496.6797
3 3181.479 -803.0008 -192.0702 0 0 0 100 100 120 3191.655 -763.0008 -34.93926 3184.547 -1224.001 -2396.679
3 3189.685 -758.0008 61.70363 0 0 0 550 200 95 3191.655 -763.0008 -34.93926 3184.547 -974.0008 -496.6797
3 3267.631 -801.0008 -58.88781 0 0 0 50 70 90 3169.942 -754.0008 -15.34879 4101.524 -1327.001 -365.5887
3 2839.208 -791 -79.87737 0 90 0 60.09999 29.99999 40 2843.364 -715 -164.981 2910.094 -884 124.1932
3 3051.248 -841 -248.4015 0 90 0 150.1 29.99999 40 2967.585 -725 -207.7204 3844.495 -1354 51.4586
1 4002.403 -1390.241 -681.1887 0 0 0 200.1 200.1 40040 4173.05 -1278.241 -681.5958 4633.654 -1380.241 -683.9946
3 3437.051 -324 -505.9457 0 0 0 40 60 260 3496.344 -188 -412.2972 2894.208 -908 143.9966
3 3372.491 -274 -288.9025 0 0 0 90 40 30.00001 3370.354 -188 -216.3825 3079.857 -803 -1511.293
1 869.7336 -174 -685.7672 0 0 0 30 30 900 838.2272 -200 -606.8908 838.2272 -200 -626.8908
1 188.6848 -247 -76.74992 0 0 0 40 40 1600 192.0986 -270 24.38059 192.0986 -270 4.380594
1 338.7924 -247 -77.5047 0 0 0 40 40 1600 192.0986 -270 24.38059 192.0986 -270 4.380594
1 441.9561 -247 -75.44866 0 0 0 40 40 1600 192.0986 -270 24.38059 192.0986 -270 4.380594
1 340.1381 -257 85.0974 0 0 0 50 50 2500 192.0986 -270 24.38059 192.0986 -270 4.380594
1 250.1715 -257 83.16245 0 0 0 50 50 2500 192.0986 -270 24.38059 192.0986 -270 4.380594
3 669.9374 -235 -175.4233 0 0 0 20 60 170 603.0664 -270 -30.73783 603.0664 -270 -50.73783
1 542.8001 -245 -247.5581 0 0 0 30 30 900 609.9385 -270 -221.3518 609.9385 -270 -241.3518
1 1316.207 -246 -798.0637 0 0 0 30 30 900 1252.933 -270 -802.1302 1252.933 -270 -822.1302
1 2438.573 -620 -918.392 0 0 0 30 30 900 2392.866 -663 -913.0987 2392.866 -663 -933.0987
1 2616.588 -640 -697.7026 0 0 0 30 30 900 2630.839 -663 -634.0058 2630.839 -663 -654.0058
3 2914.208 -551.4683 -717.4968 0 0 0 50 100 150 2870.642 -516.3972 -745.8268 2949.151 -644.8347 -627.6817
