1 -0.552951 -12.5 -53.58845 0 0 0 140 140 19600 -1.280899 14.5 43.74818 -69.78235 -372.5 -3020.871
3 115.495 37.5 -2.114141 0 0 0 40 60 130 -1.280899 14.5 43.74818 1367.749 -372.5 -2740.604
3 -114.5051 37.5 -2.114141 0 0 0 40 60 130 -1.280899 14.5 43.74818 -1099.075 -372.5 -2860.438
3 0.371379 27.5 125.0724 0 0 0 100 80 30 21.03472 -7.5 145.209 21.03472 -7.5 125.209
3 -4.911731 -7.5 -704.2813 0 0 0 120 90 10 -1.280899 14.5 43.74818 -69.78235 -372.5 -3020.871
3 9.383293 -7.5 -736.0955 0 0 0 120 90 10 -12.37148 9.5 -862.0742 219.4566 -48.5762 -1062.16
3 237.7485 27.5 -1348.935 0 0 0 120 90 10 -279.9127 10.53483 -1928.777 -601.6732 10.94315 -1935.696
3 241.4488 -14.48863 -1009.435 0 0 0 100 70 60 218.1708 4.511375 -882.5522 228.5775 -145.4886 -2718.003
3 238.4247 30.51137 -1289.145 0 0 0 100 100 10 218.1708 4.511375 -882.5522 228.5775 -145.4886 -2718.003
3 -382.2957 0.486571 -1953.339 0 0 0 20 60 60 -313.2524 10.53568 -1935.814 -625.0705 10.96232 -1942.255
3 -415.2947 0.486571 -1953.629 0 0 0 20 60 60 -407.3727 12.48657 -1954.336 -2883.446 -374.5134 -1874.04
3 198.3169 81.5 -853.954 0 0 0 130 130 40 0.370135 9.5 -889.2275 2057.395 -168.5762 -869.2295
3 126.6166 -7.5 -916.1989 0 270 0 120 90 10 -12.37148 9.5 -862.0742 219.4566 1.423794 -1062.16
3 -996.2874 94.66797 -1947.328 0 0 0 9.999998 100 70 -1218.154 -17.95749 -2061.177 -1238.788 -26.26216 -2115.045
3 -1234.189 27.66797 -2145.092 0 271.4063 0 20 90 70 -1231.287 -24.12808 -2107.567 -1249.122 -32.38657 -2162.561
3 -1247.8 -12.33202 -2241.133 0 271.4063 0 70 50 70 -1253.748 -29.33202 -2236.418 -1255.099 -693.332 -3539.189
3 3600.025 356 -3134.93 0 0 0 20 170 470.0001 3394.313 365.7353 -2982.075 3377.351 375.7509 -3061.283
3 3353.979 382 -3084.016 0 90 0 20 70 70 3362.759 368.6381 -3032.669 3345.81 367.1635 -3112.331
3 -1252.27 -156 -2416.792 0 0 0 110 30 120 -1237.555 -160 -2300.902 -1291.845 -335 -3945.865
3 -1248.992 18 -2573.452 0 0 0 120 50 120 -1255.51 43 -2439.865 -1189.865 -155 -4112.7
1 -0.814407 199.5 0.144736 0 0 0 30 30 900 15.84372 -5.5 -22.89537 -2.350643 -5.5 2.000475
3 -1019.607 -115.0215 -1948.463 0 0 0 20 90 60 -944.8493 -151.0215 -1954.698 -1979.58 -300.0215 -1930.7
3 -1159.607 -111.0215 -1948.463 0 0 0 20 70 60 -1113.51 -139.2696 -1945.136 -1169.895 -144.9996 -1941.186
3 -967.5519 -115.0215 -1947.457 0 0 0 20 90 60 -926.874 -132.5853 -1968.151 -995.2551 -129.6966 -1954.035
3 -833.0912 -127.0215 -1945.303 0 0 90 20 150 60 -875.5216 -126.2179 -1966.38 -944.4009 -127.4979 -1943.99
3 -1248.828 -126.0215 -1693.36 0 0 0 60 70 30 -1247.538 -83.02148 -1637.066 -1247.281 -151.0215 -1691.26
3 -1253.872 -95.96266 -1745.188 0 0 0 80 90 10 -1251.15 -141.9627 -1781.923 -1239.137 -339.9626 -3487.078
3 -1242.96 -131.9672 -2132.929 0 0 0 70 64 200 -1251.12 -146.9672 -1974.182 -1265.028 -519.9671 -3879.295
3 -1161.207 344.0012 -2985.87 0 0 0 100 20 60 -1287.175 367.0012 -2984.402 1044.453 350.0012 -2999.698
3 -801.2693 311.0083 -2983.957 0 0 0 140 50 70 -851.0369 368.0083 -2989.323 744.7359 -4.991669 -2987.385
1 -1191.881 93 -3084.149 0 0 0 230 230 52900.03 -1226.681 35 -2605.295 -1226.681 35 -2625.295
3 -1250.863 35 -2884.406 0 0 0 120 30 170 -1255.51 43 -2439.865 -1189.865 -155 -4112.7
1 -1176.756 180.0449 -2920.901 0 0 0 50 50 2500 -1296.779 291.0012 -2846.368 -1292.416 250.2563 -2925.656
1 -1293.823 269.0449 -2986.054 0 0 0 70 70 4900 -1353.51 374.6 -2982.334 -1261.203 384.132 -2983.473
3 -147.6726 304.9961 -2988.226 0 0 0 20 70 70 131.601 230.95 -3170.833 121.3757 220.3393 -3237.498
3 -194.4199 311.0083 -2989.206 0 0 0 20 100 70 -851.0369 368.0083 -2989.323 744.7359 -4.991669 -2987.385
3 251.173 260 -3385.154 0 0 0 120 80 90 126.9839 233 -3390.457 5820.885 200 -3414.087
3 149.4372 254.9961 -3262.847 0 270 0 20 70 70 -15.22392 256.0608 -3302.712 -75.26963 220.0287 -3367.262
3 590.7905 172 -3390.609 0 0 0 9.999998 110 120 126.9839 233 -3390.457 5820.885 200 -3414.087
3 738.9243 267 -3397.219 0 0 0 30 110 130 1543.662 223.7601 -3392.229 1590.226 220 -3382.719
3 372.0102 278 -3424.522 0 0 0 9.999998 110 120 126.9839 233 -3390.457 5820.885 200 -3414.087
3 2256.635 212 -3393.419 0 0 0 60 50 130 126.9839 238 -3390.457 5820.885 979 -3414.087
3 2406.635 212 -3393.419 0 0 0 60 50 130 2455.288 268 -3394.457 6600.885 -378 -3418.657
3 -123.0381 52.5 -920.9384 0 347.3438 0 70 130 180 -12.37148 9.5 -862.0742 219.4566 1.423794 -1062.16
1 -702.1948 -69.02405 -1940.374 0 0 0 100 100 10000 -725.5558 -165.024 -1935.856 -725.5558 -165.024 -1955.856
3 2089.978 267 -3396.335 0 0 0 30 110 130 126.9839 233 -3390.457 5820.885 1000 -3414.087
3 1926.524 142 -3394.524 0 0 0 120 40 130 1778.026 223 -3385.906 5820.885 -2880 -3414.087
3 3263.609 252 -3293.877 0 0 0 40 60 40.1 3156.897 268 -3303.272 6418.662 260 -4423.887
1 3342.907 324 -3392.915 0 0 0 80 80 6400 3490.889 200 -3382.489 3490.889 200 -3402.489
3 3357.969 207 -3389.337 0 0 0 220 30 60 2455.288 268 -3394.457 6600.885 -120 -3418.657
3 4703.021 563.4961 -4719.392 0 0 0 320 100 290 4973.665 616.3888 -4945.679 4962.005 618.4669 -5039.173
3 -833.0912 -34.02148 -1945.303 0 0 90 20 150 60 -816.3438 -129.3551 -1991.718 -867.5831 -127.522 -1973.495
3 3351.175 395 -3135.352 0 90 0 20 70 70 3358.496 386 -3126.33 3324.333 275 -5936.932
1 -1106.639 -35 -2742.353 0 0 0 170 170 28900 -1247.58 35 -2584.335 -1247.58 35 -2604.335
1 -1396.585 -30 -2745.054 0 0 0 170 170 28900 -1247.58 35 -2584.335 -1247.58 35 -2604.335
3 1735.856 267 -3411.054 0 0 0 65 110 130 126.9839 233 -3390.457 5820.885 1000 -3414.087
3 3346.703 475 -3609.256 0 90 0 80 140 70 3353.382 376 -3500.956 3299.253 559 -6358.462
3 3341.587 395 -3726.292 0 90 0 30 70 70 3356.736 411 -3698.927 3283.862 -1020 -6478.341
3 3349.51 391.9963 -3855.684 0 0 0 60 10 80 3349.094 463.9963 -3755.45 3349.472 446.9963 -3804.649
3 3352.246 480.9963 -3890.62 0 0 0 30 4 60 3338.875 525.9963 -3786.45 3366.938 490.9963 -3877.848
3 3382.217 564.9963 -3892.005 0 0 0 30 15 26 3398.875 635.9963 -3816.45 3358.663 557.9963 -3894.348
3 3334.941 624.9963 -3890.642 0 0 0 18 22 25 3338.875 675.9963 -3816.45 3331.656 660.9963 -3881.461
3 3348.387 666 -3957.34 0 90 0 53 30 60 3355.208 677 -3891.161 3281.362 850 -6804.473
3 3341.317 685 -3830.289 0 90 0 9.999998 70 70 3356.736 411 -3698.927 3283.862 -1020 -6478.341
3 3342.004 562 -3806.299 0 90 0 9.999998 70 70 3356.736 411 -3698.927 3283.862 -1020 -6478.341
3 3352.246 532.9963 -3890.62 0 0 0 30 10 26 3398.875 530.9963 -3816.45 3358.663 498.9963 -3894.348
1 3341.008 335.9963 -3790.37 0 0 0 30 30 900 3354.018 413.9963 -3716.346 3352.542 395.9963 -3783.069
3 3334.941 573.9963 -3890.642 0 0 0 18 22 25 3338.875 592.9963 -3816.45 3331.656 547.9963 -3881.461
3 3343.675 486 -3771.36 0 90 0 9.999998 70 70 3356.736 411 -3698.927 3283.862 -1020 -6478.341
3 3352.246 450.9963 -3890.62 0 0 0 30 22 60 3338.875 480.9963 -3786.45 3366.938 490.9963 -3877.848
3 3422.884 681 -4074.166 0 0 0 130 50 60 3409.367 676 -4065.236 5832.59 -781 -4077.73
3 4462.698 448.4961 -4114.435 0 0 0 70 20 120 4476.672 478.4961 -3993.391 4349.654 188.4961 -6634.078
3 4966.897 635.4961 -5092.904 0 0 0 60 60 50 4975.893 610.4961 -5059.502 4937.199 168.4961 -7200.373
3 4970.755 635.4961 -5475.171 0 0 0 60 60 50 4975.893 610.4961 -5059.502 4937.199 168.4961 -7200.373
3 4973.704 635.4961 -5671.88 0 0 0 70 60 140 4969.229 610.4961 -5534.847 4932.51 643.4961 -7445.325
3 4968.251 649.5 -5829.401 0 0 0 80 80 10 4987.712 583.5 -5848.793 4987.712 583.5 -5868.793
3 5285.278 642.5 -6246.382 0 270 0 80 80 10 4987.712 583.5 -5848.793 4987.712 583.5 -5868.793
3 5319.069 643.5 -6252.809 0 270 0 90 80 10 5319.885 605.5 -6249.563 8334.744 583.5 -6254.429
3 5874.776 643.5 -6235 0 270 0 90 80 10 5319.885 605.5 -6249.563 8334.744 583.5 -6254.429
3 5966.064 623.5 -6244.216 0 90 0 120 90 10 5911.234 605.5 -6251.442 8334.744 283.5 -6254.429
3 6317.274 623.5 -6253.312 0 90 0 120 90 10 6326.234 605.5 -6251.969 6797.229 283.5 -8207.775
1 7178.119 568.5 -6906.644 0 0 0 130 130 16900 6979.526 605.5 -6913.34 10745.79 518.5 -6836.781
3 6442.721 623.5 -6396.026 0 180 0 120 90 10 6443.573 605.5 -6345.996 6229.292 -306.5 -10468.81
3 6451.173 623.5 -6372.355 0 180 0 120 90 10 6326.234 605.5 -6251.969 6797.229 283.5 -8207.775
3 6439.254 657.5 -6191.61 0 180 0 110 90 40 6326.234 605.5 -6251.969 6797.229 283.5 -8207.775
3 6433.892 623.5 -6780.878 0 180 0 120 90 10 6439.965 605.5 -6816.573 9969.69 -306.5 -7807.774
3 6458.326 623.5 -6756.226 0 180 0 120 90 10 6443.573 605.5 -6345.996 6229.292 -306.5 -10468.81
3 6536.013 623.5 -6917.349 0 90 0 120 90 10 6439.965 605.5 -6816.573 9969.69 -306.5 -7807.774
3 6561.939 623.5 -6918.541 0 90 0 120 90 10 6560.616 605.5 -6913.781 10745.79 -306.5 -6836.781
3 6362.711 657.5 -6907.195 0 90 0 110 90 40 6326.234 605.5 -6251.969 6797.229 283.5 -8207.775
3 7036.939 623.5 -6918.76 0 90 0 120 90 10 6560.616 605.5 -6913.781 10745.79 -306.5 -6836.781
1 -720.0873 358 -2888.874 0 0 0 30 30 900 -723.7869 359 -2892.958 -71.90462 225 -2102.909
3 1925.41 267 -3406.581 0 0 0 120 110 130 126.9839 233 -3390.457 5820.885 -405 -3414.087
3 3346.322 650.9919 -4179.288 0 0 0 60 40 60 3350.774 673.9919 -4045.397 3286.885 657.9919 -6628.527
3 6090.848 623.5 -6252.629 0 90 0 120 90 10 5911.234 628.5 -6251.442 8334.744 -6.5 -6254.429
3 4952.54 496.4961 -5279.595 0 0 0 120 60 180 5044.564 548.4961 -5148.375 4937.199 168.4961 -7200.373
1 4386.734 452.4989 -4143.769 0 0 0 70 70 4900 4489.563 448.4989 -4147.491 4489.563 448.4989 -4167.491
1 4497.743 421.4989 -4222.169 0 0 0 70 70 4900 4489.563 448.4989 -4147.491 4489.563 448.4989 -4167.491
3 4483.996 482.4961 -4224.741 0 12.65625 0 20 9.999998 40 4545.993 520.4961 -4165.007 2657.008 -1251.504 -6906.762
1 4471.588 482.4961 -4361.43 0 0 0 70 70 4900 4545.993 520.4961 -4165.007 2657.008 -1251.504 -6906.762
3 6289.654 623.5 -6261.375 0 90 0 120 90 10 5911.234 628.5 -6251.442 8334.744 -6.5 -6254.429
3 -1251.813 -110 -2482.421 0 0 0 160 60 60 -1250.866 -160 -2317.321 -1291.845 125 -3945.865
3 -1251.801 -79.98631 -2336.442 0 0 0 60 10 60 -1253.893 -89.98631 -2293.142 -1249.776 -154.9863 -2412.948
3 -1198.054 -85.98631 -1979.809 0 0 0 120 25 120 -1169.115 -76.98631 -2043.846 -1255.898 -144.9863 -1969.533
1 845.3712 201.0266 -3466.512 0 0 0 50 50 2500 807.0739 200.0266 -3371.337 807.0739 200.0266 -3391.337
1 890.184 201.0266 -3322.144 0 0 0 50 50 2500 807.0739 200.0266 -3371.337 807.0739 200.0266 -3391.337
1 1090.651 201.0266 -3461.637 0 0 0 50 50 2500 807.0739 200.0266 -3371.337 807.0739 200.0266 -3391.337
1 1115.97 188.0266 -3321.801 0 0 0 70 70 4900 807.0739 200.0266 -3371.337 807.0739 200.0266 -3391.337
3 1624.005 267 -3415.065 0 0 0 30 110 130 1618.142 231.6459 -3386.517 1667.668 238.8796 -3363.756
3 3317.969 217 -3389.337 0 0 0 60 30 60 2455.288 268 -3394.457 6600.885 900 -3418.657
1 1668.622 225.9814 -3465.535 0 0 0 50 50 2500 1643.579 199.9814 -3389.302 1643.579 199.9814 -3409.302
1 1719.778 191.9814 -3328.958 0 0 0 70 70 4900 1643.579 199.9814 -3389.302 1643.579 199.9814 -3409.302
3 2188.107 270 -3447.355 0 25.3125 0 40 50 20 2110.23 233 -3391.154 5820.885 394 -3414.087
3 2174.654 240 -3318.206 37.96875 300.9375 311.5723 19 52 18 2067.809 200 -3346.57 2067.809 200 -3366.57
1 2151.571 205 -3347.13 0 0 0 30 30 900 2124.866 200 -3300.98 2124.866 200 -3320.98
3 2198.189 194 -3450.863 0 25.3125 0 50 40 20 2072.687 200 -3382.663 2072.687 200 -3402.663
3 2273.093 194 -3434.118 0 0 0 70 50 68 126.9839 233 -3390.457 5820.885 -1156 -3414.087
1 2245.246 211 -3472.254 0 0 0 30 30 900 2072.687 200 -3382.663 2072.687 200 -3402.663
3 3345.983 315 -3380.914 0 0 0 90 9.999998 90 3195.65 269 -3353.772 3342.119 329 -3388.811
3 6811.356 607.4814 -6910.009 0 0 0 60 70 80 6762.01 622.4814 -6912.097 7031.044 732.4814 -6911.45
3 6065.989 621.5 -6252.896 0 0 0 60 80 90 5975.708 606.5 -6251.026 6488.646 863.5 -6252.677
1 -522.6294 313 -2891.823 0 0 0 30 30 900 -723.7869 359 -2892.958 -71.90462 225 -2102.909
3 449.6809 248.0188 -3314.97 0 0 0 50 70 40 377.028 249.0188 -3273.405 475.7713 245.0188 -3351.624
1 102.2921 77.5 -1834.693 0 0 0 50 50 2500 76.24075 -7.5 -1819.147 76.24075 -7.5 -1839.147
1 25.68229 -25.5 -1891.758 0 0 0 50 50 2500 55.91408 -7.5 -1845.379 55.91408 -7.5 -1865.379
1 25.68229 67.5 -1891.758 0 0 0 50 50 2500 55.91408 -7.5 -1845.379 55.91408 -7.5 -1865.379
1 168.2946 -7.508426 -1611.082 0 0 0 50 50 2500 205.8931 -7.508426 -1512.536 205.8931 -7.508426 -1532.536
1 4948.413 583.5557 -5898.101 0 0 0 40 40 1600 4965.264 598.5557 -5798.766 4965.264 598.5557 -5818.766
1 5002.239 585.5557 -5957.5 0 0 0 50 50 2500 4965.264 598.5557 -5798.766 4965.264 598.5557 -5818.766
1 4959.776 620.5557 -5892.295 0 0 0 20 20 400 4965.264 598.5557 -5798.766 4965.264 598.5557 -5818.766
1 4986.999 624.5557 -5961.433 0 0 0 20 20 400 4965.264 598.5557 -5798.766 4965.264 598.5557 -5818.766
3 5017.173 607.5 -6033.477 0 329.0625 0 60 50 10 4995.972 612.5 -6001.29 6178.748 598.5 -7333.833
3 5119.864 643.5 -6181.205 0 315 0 90 80 10 5319.885 605.5 -6249.563 8334.744 583.5 -6254.429
1 5115.84 544.5 -6158.184 0 0 0 80 80 6400 5046.06 598.5 -6068.55 5046.06 598.5 -6088.55
3 2211.234 270 -3453.777 0 25.3125 0 20 50 20 2110.23 233 -3391.154 5820.885 394 -3414.087
3 5205.859 643.5 -6240.784 0 292.5 0 90 80 10 5162.939 621.5 -6198.71 8641.605 583.5 -7293.906
3 -723.0266 303.2838 -2888.925 0 0 0 24 50 21 -754.0228 331.2838 -2952.799 -754.0228 331.2838 -2972.799
1 5083.336 717.5 -6131.196 0 0 0 80 80 6400 5046.06 598.5 -6068.55 5046.06 598.5 -6088.55
3 -723.0266 303.2838 -3078.925 0 0 0 24 50 21 -754.0228 331.2838 -2952.799 -754.0228 331.2838 -2972.799
3 -523.0266 253.2838 -3078.925 0 0 0 24 50 21 -754.0228 331.2838 -2952.799 -754.0228 331.2838 -2972.799
3 -523.0266 253.2838 -2888.925 0 0 0 24 50 21 -754.0228 331.2838 -2952.799 -754.0228 331.2838 -2972.799
3 3347.322 652.9919 -4199.288 0 0 0 62 40 40 3383.689 667.9919 -4208.284 3357.691 657.9919 -4177.792
3 2833.939 220 -3462.228 0 0 0 50 30 60 2808.849 212 -3391.459 4463.658 -1170 -3400.561
3 1344.804 230.0246 -3390.203 0 0 0 30.00002 30 60 1326.194 207.0246 -3391.63 2931.921 -224.9753 -3451.14
3 1228.783 230.0246 -3339.508 0 0 0 30.00002 30 40 1326.194 207.0246 -3391.63 2931.921 -224.9753 -3451.14
3 -82.13195 238 -3392.993 0 0 0 4.999998 55 70 -119.854 224 -3390.924 2101.278 -370 -3471.459
3 3356.146 354 -3397.69 0 90 0 70 20 70 3358.496 386 -3126.33 3324.333 275 -5936.932
1 3287.153 332.9962 -3363.222 0 0 0 60 60 3600 3331.827 334.9962 -3359.639 3331.827 334.9962 -3379.639
3 873.2379 293 -3392.094 0 0 0 170 70 80 1157.5 200 -3344.751 1157.5 200 -3364.751
3 1213.238 293 -3392.094 0 0 0 170 70 80 1157.5 200 -3344.751 1157.5 200 -3364.751
3 1473.238 293 -3392.094 0 0 0 90 70 80 1157.5 200 -3344.751 1157.5 200 -3364.751
3 2148.889 116.9994 -3393.347 0 0 0 140 70 100 2120.015 115.9994 -3389.615 5300.521 -108.0006 -3441.287
3 3317.884 681 -4074.166 0 0 0 70 50 60 3329.691 676 -4063.708 5657.585 -640 -4985.68
1 3190.814 242.7192 -3530.38 0 0 0 60 60 3600 3104.048 265.7191 -3458.899 4279.88 240.7192 -4207.033
3 3387.996 316.9973 -3525.852 0 0 0 25 10 27 3382.49 337.9973 -3493.343 3382.49 230.9973 -3854.343
3 3221.071 493.9963 -3939.069 0 0 0 80 152 120 3167.634 377.9963 -3921.932 3416.724 344.9963 -4017.051
3 3352.62 322.9989 -3965.167 0 0 0 110 10 100 3352.2 349.9989 -3953.156 3352.2 349.9989 -3973.156
3 3351.865 386.9989 -3971.121 0 0 0 60 40.00002 60 3259.882 406.9989 -3964.477 3350.2 349.9989 -3973.162
1 3352.128 757 -4214.825 0 0 0 10 10 100 3291.141 728 -4202.097 3352.128 760 -4214.825
3 3351.011 713 -4171.668 0 0 0 70 20 60 3285.324 726 -4165.297 8154.75 -1470 -4237.536
3 3351.011 713 -4181.668 0 0 0 80 20 70 3285.324 726 -4165.297 8154.75 -1470 -4237.536
1 -1301.968 45 -3010.194 0 0 0 90.00005 90.00005 8100.011 -1291.75 74.29264 -2856.807 -1297.799 55.38242 -2923.148
3 3223.73 649 -3986.857 0 0 0 70 50 60 3329.691 676 -4063.708 5657.585 -640 -4985.68
3 3351.865 523.9988 -3971.121 0 0 0 60 110 60 3259.882 406.9989 -3964.477 3350.2 349.9989 -3973.162
3 4023.811 686.9963 -4179.992 0 0 0 50 70 50 3937.925 719.9963 -4166.109 4609.295 -70.00372 -4222.422
3 4053.811 753.9963 -4169.992 0 0 0 50 60 25 3937.925 773.9963 -4166.109 4609.295 688.9963 -4222.422
3 -1072.436 -124.9863 -2125.595 0 0 0 120 55 120 -1169.115 -76.98631 -2043.846 -1255.898 -144.9863 -1969.533
3 6871.939 623.5 -6918.541 0 90 0 120 90 10 6560.616 605.5 -6913.781 10745.79 -306.5 -6836.781
3 4466.033 423.4989 -4306.69 0 0 0 90 10 120 4479.467 417.4989 -4200.67 4475.215 362.4989 -4268.666
