3 481.1911 974.9097 -63.13762 0 0 0 25 25 22 404.0849 992.9097 -49.83524 507.776 936.9097 -74.09549
3 572.1911 974.9097 35.86237 0 0 0 25 25 22 500.6544 989.9097 17.20803 569.5756 956.9097 41.66686
3 699.3627 974.9097 -15.13467 0 0 0 25 25 22 631.2728 993.9097 -1.612936 721.0419 945.9097 -13.92844
3 939.3186 800 28.68012 0 0 0 90 40 120 1072.696 836 32.45458 518.0221 557 -13.19726
1 -452.9447 909 3.747737 0 0 0 90 90 8100 -389.8839 1002 29.85073 -389.8839 1002 9.850726
3 323.4962 733.0532 119.0656 0 315 0 70 120 40 200.4275 738.0533 250 200.4275 738.0533 230
3 203.7512 535.9614 91.37451 0 0 0 100 30 30 240 435.9614 -0.282745 212.427 1076.961 88.33752
3 200.6582 530 2.298256 0 0 0 70 270 70 226.8718 282.3286 14.11489 191.4969 777.4258 12.5583
3 276.9213 535.9614 -47.14243 0 119.5313 0 30 30 30 240 435.9614 -0.282745 212.427 1076.961 88.33752
3 219.4368 1190 10.98636 0 0 0 1000 100 500 446.8399 1140 11.9001 446.8399 1140 -8.099895
1 200.6973 1024.259 5.563005 0 0 0 200 200 40000 235.4406 784.2596 35.83051 235.4406 784.2596 15.83051
3 203.7512 535.9614 -88.62546 0 0 0 100 30 30 240 435.9614 -0.282745 212.427 1076.961 88.33752
3 112.1933 535.9614 -25.9455 0 61.875 0 100 30 30 240 435.9614 -0.282745 212.427 1076.961 88.33752
3 267.6711 535.9614 63.43496 0 60.46875 0 100 30 30 240 435.9614 -0.282745 212.427 1076.961 88.33752
3 61.36264 734.0532 -137.9506 0 135 0 90 120 41 200.4275 738.0533 250 200.4275 738.0533 230
3 121.0141 535.9614 42.5158 0 119.5313 0 30 30 30 240 435.9614 -0.282745 212.427 1076.961 88.33752
3 1143.282 700.2866 -78.56374 0 0 0 60 200 100 1038.268 942.2866 -19.43846 1265.543 725.2866 8.100257
3 1221.147 989.2866 23.81479 0 0 0 60 300 100 1114.167 808.2866 37.51726 1114.167 808.2866 17.51726
3 1162.172 989.2866 -82.71997 0 67.5 0 60 300 100 1114.167 808.2866 37.51726 1114.167 808.2866 17.51726
3 1127.321 989.2866 165.0437 0 112.5 0 60 300 100 1114.167 808.2866 37.51726 1114.167 808.2866 17.51726
3 1142.816 700.2866 120.5518 0 0 0 60 200 100 1037.094 942.2866 57.22878 1265.543 725.2866 8.100257
3 1143.83 930.2866 20.24122 0 0 0 60 80.00001 100 1045.175 1001.287 23.53551 1265.543 725.2866 8.100257
3 929.3186 857 28.68012 0 0 0 90 40 120 1072.696 886 32.45458 518.0221 557 -13.19726
3 411.3562 602.6076 10.24797 0 0 0 70 30 70 340.3161 768.6076 4.302926 466.8059 376.6076 1.659529
3 429.0701 569.6076 3.468522 0 0 0 40 20 40 312.7621 508.6076 7.459512 415.8594 524.6076 0.777521
3 431.0335 538.6076 3.087937 0 0 0 60 20 60 260.4571 508.6076 -17.85427 415.8594 524.6076 0.777521
3 -30.2701 55.51136 -290.2384 0 0 0 90 50 70 -2.414702 109.5114 -135.4373 -16.19079 63.51136 -233.3308
3 -30.2701 141.5114 -290.2384 0 0 0 90 50 70 -11.43167 232.5114 -158.5896 -11.1522 63.51136 -315.251
3 424.7299 55.51136 -290.2384 0 0 0 90 50 90 414.0406 109.5114 -132.6808 410.536 58.51136 -236.3429
3 414.804 131.5114 -307.6169 0 0 0 35 50 70 413.1292 208.5114 -159.6656 410.131 175.5114 -237.7269
3 414.804 131.5114 -367.6169 0 0 0 90 50 70 413.1292 208.5114 -159.6656 410.131 175.5114 -237.7269
3 510.5284 132.5114 -331.3614 0 315 0 90 50 70 413.1292 208.5114 -159.6656 410.131 175.5114 -237.7269
3 500.0645 33.51136 -318.5855 0 0 0 130 150 90 414.0406 109.5114 -132.6808 410.536 58.51136 -236.3429
3 436.0752 53.51136 -374.7805 0 0 0 130 130 90 414.0406 109.5114 -132.6808 410.536 58.51136 -236.3429
3 -35.13343 61.51136 -378.8506 0 0 0 130 130 90 414.0406 109.5114 -132.6808 410.536 58.51136 -236.3429
3 -116.3312 41.51136 -309.6973 0 0 0 130 150 90 414.0406 109.5114 -132.6808 410.536 58.51136 -236.3429
3 193.4241 264.5114 -388.2256 0 0 0 320 184 90 414.0406 109.5114 -132.6808 410.536 58.51136 -236.3429
3 435.7298 55.51136 249.7615 0 0 0 90 50 90 424.1371 137.5114 118.4653 735.9166 -755.4886 1758.964
3 435.7298 145.5114 249.7615 0 0 0 90 50 90 398.276 202.5114 144.5856 735.9166 -755.4886 1758.964
3 -38.14448 55.51136 248.8272 0 0 0 90 50 90 -25.8629 137.5114 118.4653 -20.84367 -1085.489 1797.827
3 -39.01436 135.5114 248.359 0 0 0 90 50 90 -24.95843 219.5114 136.1934 -20.84367 -1085.489 1797.827
3 -43.37236 1.511353 423.5795 0 0 0 100 100 130 -24.95843 219.5114 136.1934 -20.84367 -1085.489 1797.827
3 -64.60215 32.51135 358.8129 0 0 0 100 150 130 -24.95843 219.5114 136.1934 -20.84367 -1085.489 1797.827
3 113.1779 47.51136 371.6891 0 0 0 60 60 90 158.2592 67.51135 289.2635 -139.451 -359.4886 1829.09
3 258.1778 37.51136 371.6891 0 0 0 90 70 90 248.2592 67.51135 289.2635 -139.451 -359.4886 1829.09
3 437.5904 46.51135 413.4836 0 0 0 100 100 130 -24.95843 219.5114 136.1934 -20.84367 -1085.489 1797.827
3 436.9914 66.51135 330.2957 0 0 0 100 150 130 -24.95843 219.5114 136.1934 -20.84367 -1085.489 1797.827
3 315.1894 37.51136 -420.02 0 0 0 60 170 120 256.2906 114.5114 -266.7202 -139.451 -359.4886 -3970.91
3 200.0529 60.2 -400.6624 0 0 0 30 20 10 220 65.2 -380 220 65.2 -400
3 90.15369 37.51136 -421.6163 0 0 0 60 170 120 149.2832 114.5114 -294.3205 -139.451 -359.4886 -3970.91
3 202.9156 37.51136 -485.9374 0 0 0 90 170 60 200.2906 107.5114 -296.7202 -139.451 -359.4886 -3970.91
3 -167.7763 128.5114 3.811077 0 0 0 120 30 160 -2.414702 109.5114 -135.4373 -16.19079 63.51136 -233.3308
3 919.3186 902 28.68012 0 0 0 100 18 130 1072.696 886 32.45458 518.0221 557 -13.19726
3 816.583 903 -9.821818 0 0 0 20 40 100 837.6724 900 7.024479 837.6724 900 -12.97552
3 -18.6675 538.6076 0.102865 0 0 0 60 20 60 260.4571 508.6076 -17.85427 415.8594 524.6076 0.777521
3 202.8174 833.0532 194.713 0 270 0 90 28 96 200.4275 738.0533 250 200.4275 738.0533 230
3 342.2235 734.0532 -132.5797 0 45 0 90 120 41 200.4275 738.0533 250 200.4275 738.0533 230
3 -30.92986 569.6076 3.468522 0 0 0 40 20 40 260.4571 508.6076 -17.85427 415.8594 524.6076 0.777521
3 68.89228 739.0532 131.8662 0 45 0 90 120 41 200.4275 738.0533 250 200.4275 738.0533 230
3 388.0749 753.0532 188.729 0 315 0 30 150 140 200.4275 738.0533 250 200.4275 738.0533 230
3 26.90245 783.0532 -208.0541 0 315 0 30 150 140 200.4275 738.0533 250 200.4275 738.0533 230
3 379.6486 748.0532 -197.3041 0 45 0 40 150 140 200.4275 738.0533 250 200.4275 738.0533 230
3 2.521454 753.0532 179.9956 0 45 0 30 150 140 200.4275 738.0533 250 200.4275 738.0533 230
3 -68.7406 758.0532 -2.368806 0 0 0 30 150 140 200.4275 738.0533 250 200.4275 738.0533 230
3 465.9361 758.0532 10.21447 0 0 0 30 150 140 200.4275 738.0533 250 200.4275 738.0533 230
3 202.4156 758.0532 -259.8397 0 90 0 30 150 140 200.4275 738.0533 250 200.4275 738.0533 230
3 209.9185 758.0532 256.6203 0 90 0 30 150 140 200.4275 738.0533 250 200.4275 738.0533 230
3 202.8174 833.0532 -195.287 0 270 0 90 28 96 200.4275 738.0533 250 200.4275 738.0533 230
3 277.3803 701.0532 214.0215 0 315 0 90 50 66 283.57 734.0533 122.7986 184.3923 738.0533 564.8607
3 -592.278 1017 -105.255 0 319.2188 0 60.00001 120 130 -389.8839 1002 29.85073 -389.8839 1002 9.850726
3 -600.2503 1017 104.3544 0 37.96875 0 60.00001 120 130 -389.8839 1002 29.85073 -389.8839 1002 9.850726
3 -621.926 1012 -2.975304 0 0 0 60.00001 120 130 -389.8839 1002 29.85073 -389.8839 1002 9.850726
3 -461.3949 956 156.3946 0 0 0 170 190 50 -389.8839 1002 29.85073 -389.8839 1002 9.850726
3 -461.2558 949 -138.1316 0 0 0 170 190 20 -389.8839 1002 29.85073 -389.8839 1002 9.850726
3 -132.6866 506 -334.1009 0 45 0 110 50 30 -73.8817 462 343.5932 -73.8817 462 323.5932
3 141.3416 539.9343 -261.8081 0 0 0 600 20 200 85.86341 476.9343 278.2324 85.86341 476.9343 258.2324
3 -28.64381 602.6076 10.24797 0 0 0 70 30 70 30.31611 768.6076 4.302933 16.80588 376.6076 1.659529
3 140.7385 539.9343 257.912 0 0 0 600 20 200 85.86341 476.9343 278.2324 85.86341 476.9343 258.2324
3 204.564 928.0532 -320.7128 0 90 0 130 300 740 200.4275 738.0533 250 200.4275 738.0533 230
1 203.2958 1050.316 -253.2995 0 0 0 110 110 12100 140.6446 1046.316 -192.7044 140.6446 1046.316 -212.7044
3 -69.26147 539.9343 147.912 0 90 0 600 20 200 85.86341 476.9343 278.2324 85.86341 476.9343 258.2324
3 -135.4592 506 339.244 0 315 0 110 50 30 -73.8817 462 343.5932 -73.8817 462 323.5932
3 537.4244 506 -342.7351 0 315 0 110 50 30 -73.8817 462 343.5932 -73.8817 462 323.5932
3 470.7385 539.9343 147.912 0 90 0 600 20 200 85.86341 476.9343 278.2324 85.86341 476.9343 258.2324
3 544.2135 506 339.3842 0 45 0 110 50 30 -73.8817 462 343.5932 -73.8817 462 323.5932
3 212.5973 928.0532 319.2507 0 90 0 130 300 1000 200.4275 738.0533 250 200.4275 738.0533 230
1 198.0878 1050.316 259.0902 0 0 0 110 110 12100 140.6446 1046.316 -192.7044 140.6446 1046.316 -212.7044
3 -61.94899 903.0532 -351.7332 0 303.75 0 200 350 140 200.4275 738.0533 250 200.4275 738.0533 230
3 412.5673 903.0532 -286.6818 0 236.25 0 130 350 140 200.4275 738.0533 250 200.4275 738.0533 230
3 -186.9509 873.0532 -332.1286 0 270 0 200 350 140 200.4275 738.0533 250 200.4275 738.0533 230
3 1028.626 950.0532 -307.224 0 270 0 200 350 570 200.4275 738.0533 250 200.4275 738.0533 230
3 1048.626 950.0532 302.7759 0 270 0 200 350 570 200.4275 738.0533 250 200.4275 738.0533 230
3 446.659 978.0532 284.4554 0 303.75 0 130 350 140 200.4275 738.0533 250 200.4275 738.0533 230
3 18.89401 898.0532 332.1808 0 236.25 0 140 350 180 200.4275 738.0533 250 200.4275 738.0533 230
3 -619.8184 950.0532 317.5279 0 270 0 200 350 570 200.4275 738.0533 250 200.4275 738.0533 230
3 -625.8184 950.0532 -312.472 0 270 0 200 350 570 200.4275 738.0533 250 200.4275 738.0533 230
3 1797.314 46 -1123.713 0 0 0 150 80 70 1661.915 0 -1098.006 1661.915 0 -1118.006
3 1737.314 46 -1217.713 0 0 0 150 80 70 1661.915 0 -1098.006 1661.915 0 -1118.006
3 1737.314 46 -1022.713 0 0 0 150 80 70 1661.915 0 -1098.006 1661.915 0 -1118.006
3 1737.314 129 -1127.713 0 0 0 150 80 70 1661.915 0 -1098.006 1661.915 0 -1118.006
3 196.5427 30.5973 359.5784 0 0 0 120 70 110 324.9063 19.5973 270.8322 324.9063 19.5973 250.8322
3 227.7773 20.51136 -365.3284 0 0 0 200 30 70 -2.414702 109.5114 -135.4373 -16.19079 63.51136 -233.3308
3 177.7773 140.5114 363.6716 0 0 0 220 40 82 -2.414702 109.5114 -135.4373 -16.19079 63.51136 -233.3308
3 -464.1986 956 136.5921 0 0 0 170 190 50 -389.8839 1002 29.85073 -389.8839 1002 9.850726
3 -465.9273 949 -118.6848 0 0 0 190 190 20 -389.8839 1002 29.85073 -389.8839 1002 9.850726
1 1799.784 35 -1119.995 0 0 0 2 2 4 1719.654 7 -1120.32 1831.683 43 -1120.288
3 -155.2751 935.0532 -137.3156 348.75 82.96875 0 80 100 95 200.4275 738.0533 250 200.4275 738.0533 230
1 1619.755 79.79999 119.8045 0 0 0 2 2 4 1678.555 53 156.5917 1591.418 95 109.0174
1 1624.49 50 740.0334 0 0 0 3 3 9 1700.537 7 740.0622 1653.59 20 740.8732
