3 -1515.533 -6246 9390.19 0 0 0 131 21.00002 110 -1573.099 -6251 9358.563 -963.7396 -6183 9366.258
3 -1086.853 -6152 9374.977 0 0 0 198 110 110 -1196.493 -6198 9361.284 7029.842 -7788 9494.36
3 -817.7482 -6353 9451.802 0 0 0 221.2 101 182 -712.5865 -6259.798 9416.423 -660.5414 -6275.07 9449.975
3 -778.4969 -6144 9424.595 0 0 0 41 71 25 -760.2903 -6185 9406.13 -688.4094 -6248 10123.75
3 7740.283 -14196 5597.205 0 0 0 60 60 20.1 7687.178 -14131 5652.064 7820.695 -14186 5395.74
3 -926.5742 -6243 9425.313 0 0 0 102 121 25 -1004.657 -6187 9422.985 -563.2899 -6248 9457.328
3 -679.6149 -6233 10032.96 0 0 0 131 62 101 -565.7747 -6242 10018.53 -203.2944 -6249 10010.36
3 -708.2917 -6309.343 9920.394 0 0 0 92 110 10 -668.9398 -6299.343 9955.987 -668.9398 -6299.343 9935.987
3 -427.1723 -6231.008 10013.69 0 0 0 40 50 60 -426.9435 -6254.008 10009.31 576.1912 -6928.008 10019.01
3 115.6305 -6528.008 10002.66 0 0 0 40 50 60 -426.9435 -6254.008 10009.31 576.1912 -6928.008 10019.01
3 334.865 -6602.008 9995.182 0 0 0 100 50 90 350.4091 -6435.843 10016.03 324.4106 -6554.714 10016.05
3 382.1554 -6450.008 10039.06 0 0 0 22 50 40 301.9108 -6528.008 10015.91 304.9795 -6613.008 9536.175
3 319.2061 -6470 9694.139 0 0 0 90 70 60 320.2269 -6443 9758.465 304.6637 -6558 7147.552
1 1.033739 307.9285 349.6935 0 0 0 91 91 8281 -75.75184 -283.0715 466.8379 3.320756 -209.0715 340.7116
3 -3.498035 -249.0715 570.5459 0 0 0 111 141 10 -0.864543 -273.0715 455.3383 -34.44652 -4016.071 6296.737
3 -7.005889 -1985.205 3099.116 0 0 0 91 100 100 -9.491735 -1976.205 3006.826 6.21888 -1982.205 3577.973
3 2.800433 -3010 4835.918 0 0 0 91 40.1 220 -31.7046 -2989 4871.505 -406.8992 -3010 4869.157
3 -103.624 -2992 4865.175 0 0 0 10 170 90 -109.2868 -2978 4882.445 -2713.604 -5008 4884.253
3 -1725.143 -4020 4867.209 0 0 0 140 70 90 -1768.91 -4004 4869.291 -1709.054 -4020 5501.722
3 -1763.064 -3914 4986.061 0 0 0 100 120 9.999998 -1747.482 -4004 4986.279 -1770.613 -8691 11895.95
3 -1761.947 -4535 5880.968 0 0 0 91 80 130 -1757.532 -4522 5890.569 -1788.329 -4535 6572.607
3 -1652.371 -5024 6870.33 0 0 0 201 40 140 -1735.019 -5028 6891.512 -1537.137 -5058 7091.033
3 -1542.762 -5910 8471.219 0 0 0 90 160 10 -1575.224 -6060 8668.824 -1575.224 -6060 8648.824
3 -1536.288 -6003.986 9118.197 0 0 0 91 90 10 -1570.969 -6200.986 9296.505 -1487.887 -6237.986 9343.911
3 -1356.878 -6182 9251.112 0 0 0 121 110 60.00002 -1573.099 -6251 9358.563 -963.7396 -6183 9366.258
3 -1602.647 -6207 9360.559 0 0 0 41 71.00002 110 -1573.099 -6251 9358.563 -963.7396 -6183 9366.258
3 -17.55223 -2849.071 4634.833 0 0 0 111 141 10 -0.864543 -273.0715 455.3383 -34.44652 -4016.071 6296.737
3 -1553.625 -3917 4871.75 0 0 0 10 170 90 -109.2868 -2978 4882.445 -2713.604 -5008 4884.253
3 -1539.649 -5874 8427.105 0 0 0 100 120 9.999998 -1747.482 -4004 4986.279 -1770.613 -8691 11895.95
3 317.7253 -6453 9575.974 0 0 0 30 30 10 319.7932 -6461 9311.661 287.6844 -6470 7399.875
3 316.6088 -6422 9059.97 0 0 0 91 60.00005 20 327.67 -6457 9025.894 314.6388 -8515 5916.438
3 313.1368 -6453 9100.397 0 0 0 90 90 10 319.7932 -6461 9311.661 287.6844 -6470 7399.875
3 319.8209 -7466 7408.406 0 0 0 101 40 120 325.038 -7433 7445.427 326.0545 -7480 6877.873
3 303.1163 -7988.316 6381.654 0 0 0 101 60 170 399.0371 -7950.316 6359.243 1071.926 -7987.316 6360.429
3 320.4888 -7896 6581.094 0 0 0 91 60.00005 20 327.67 -6457 9025.894 314.6388 -8515 5916.438
3 433.4026 -7899 6373.792 0 0 0 13 130 101 453.0401 -7980 6362.718 3801.885 -10630 6361.518
3 1951.263 -8888 6368.976 0 0 0 13 130 101 453.0401 -7980 6362.718 3801.885 -10625 6361.518
3 2074.269 -9004 6371.962 0 0 0 102 20 100 1999.343 -9001 6375.977 3333.168 -9335 6363.933
3 2194.915 -8890 6374.229 0 0 0 11 120 82 2095.271 -9005 6424.778 2095.271 -9005 6404.778
3 2531.422 -8755 6375.266 0 0 0 41 10 80 2471.039 -8750 6375.647 2874.666 -8737 6380.225
3 2438.345 -8710 6375.276 0 0 0 51 52 31 2367.324 -8715 6375.194 2417.595 -8750 6375
3 2368.061 -8782 6376.413 0 0 0 141 9.999998 92 2232.275 -8749 6376.405 3810.034 -8745 6342.927
3 2752.087 -8502 6429.637 0 0 0 187 210 30 2679.27 -8588.26 6377.907 2752.383 -8592.371 6379.036
3 2752.087 -8502 6319.637 0 0 0 187 210 30 2697.902 -8584.299 6380.398 2766.819 -8590.145 6380.684
3 2946.932 -8436 6377.365 0 0 0 42 120 92 2934.029 -8490 6377.139 5111.126 -8793 6348.661
1 2618.443 -8750 6375.562 0 0 0 51 51 2601 2570.008 -8734 6372.236 4118.993 -8336 6397.955
1 2685.435 -8701 6374.411 0 0 0 51 51 2601 2570.008 -8734 6372.236 4118.993 -8106 6397.955
1 2761.417 -8654 6372.889 0 0 0 51 51 2601 2570.008 -8734 6372.236 4118.993 -8106 6397.955
1 2832.161 -8604 6374.696 0 0 0 51 51 2601 2570.008 -8734 6372.236 4118.993 -8106 6397.955
1 2909.016 -8552 6374.019 0 0 0 51 51 2601 2570.008 -8734 6372.236 4118.993 -8106 6397.955
3 3153.18 -8433 6374.063 0 0 0 20 90 110 3195.244 -8505 6370.814 9483.132 -14124 6468.748
3 3117.715 -8436 6373.717 0 0 0 10.1 80 132 2934.029 -8490 6377.139 5111.126 -8793 6348.661
3 -763.0742 -6253 10033.61 0 0 0 31 82 111 -565.7747 -6242 10018.53 -203.2944 -6249 10010.36
3 -628.5272 -6213.061 9667.048 0 0 0 31 70 210 -654.7007 -6222.061 9520.954 -562.9096 -6194.061 10254.91
3 -477.0726 -6241 10013.81 0 0 0 20 30.0001 50 -422.2378 -6270 10035.9 -422.2378 -6270 10015.9
3 -708.0073 -6353.887 9726.835 0 0 0 91 60 170 -709.4083 -6283.887 9481.967 -911.5839 -8040.887 15970.04
3 365.6581 -6540.797 10019.07 0 0 0 31 60 43 297.0613 -6569.797 10031.61 297.0613 -6569.797 10011.61
3 359.6583 -6481.797 10019.11 0 0 0 31 9 43 315.6384 -6406.797 10017.12 564.1708 -6772.797 10011.76
3 365.6581 -6324.797 10019.07 0 0 0 81 100 83 297.0613 -6569.797 10031.61 297.0613 -6569.797 10011.61
3 385.9555 -6461.797 10047.18 0 0 0 31 73 8.999998 326.0208 -6460.797 10050.62 1217.212 -6466.797 10162.46
3 398.2596 -6460.797 10010.71 0 0 0 11 73 39 370.3108 -6461.797 10013.25 668.0464 -6463.797 7457.198
3 4778.526 -9520.501 6377.293 0 0 0 131 30 90 4812.461 -9503.501 6336.072 4796.318 -9520.501 4435.236
3 4618.783 -9333 6379.993 0 0 0 20 171 110 3195.244 -8505 6370.814 9483.132 -14124 6468.748
3 4802.522 -9420 6256.792 0 0 0 110 120 20 4811.552 -9504 6244.892 4824.482 -12518 2600.514
3 4807.161 -9864 5427.257 0 0 0 112 200 10 4809.009 -10025 5456.729 4840.21 -10034 700.7482
3 4804.561 -9920 5465.811 0 0 0 110 120 20 4811.552 -9504 6244.892 4824.482 -12518 2600.514
3 4812.005 -10132 4244.135 0 0 0 51 114 10 4822.705 -10030 4636.525 4822.705 -10030 4616.525
3 4811.517 -10103 4316.151 0 0 0 63 100 50.1 4811.913 -10025 4551.109 4842.333 -12009 410.7553
3 4811.3 -9994 4587.307 0 0 0 112 80.1 10 4809.009 -10025 5456.729 4840.21 -10034 700.7482
3 4757.974 -10009 4558.979 0 0 0 40 70 90 4793.932 -10030 4839.853 4793.932 -10030 4819.853
3 4862.974 -10009 4558.517 0 0 0 40 70 90 4793.932 -10030 4839.853 4793.932 -10030 4819.853
3 5976.215 -10690.02 4385.125 0 0 0 80 60 60 5975.178 -10642.04 4445.044 5974.624 -10682.19 4470.575
3 5930.912 -10818.78 4450.105 0 0 0 120 50 130.1 5626.42 -10702.78 4441.521 5626.42 -10702.78 4421.521
1 5949.952 -10763.11 4964.792 0 0 0 15 15 225 5952.125 -10755.11 4963.7 6435.372 -10813.11 4959.226
3 5920.136 -10704 4966.626 0 0 0 41 40 40 5987.942 -10790 4976.583 5987.942 -10790 4956.583
3 5996.315 -10885 4966.342 0 0 0 101 9.999998 100 6035.944 -10790 4975.34 6035.944 -10790 4955.34
3 6007.509 -10789 4965.363 0 0 0 36 9.999998 40 6046.8 -10785 4960.377 12460.76 -14835 4931.553
3 6746.625 -10971 4951.03 0 0 0 15 190 370 6046.8 -10785 4960.377 12460.76 -14835 4931.553
3 6352.172 -10917.99 4878.05 0 0 0 190 80 45 6412.605 -10856.2 4893.062 6450.939 -10932.66 4926.753
3 6358.046 -10917.99 5052.665 0 0 0 190 80 45 6255.466 -10832.39 5032.285 6299.463 -10864.12 4998.645
3 6275.104 -10966 4965.578 0 0 0 195 80 36 6046.8 -10785 4960.377 12460.76 -14835 4931.553
3 6157.865 -10874 4964.366 0 0 0 105 80 36 6046.8 -10785 4960.377 12460.76 -14835 4931.553
3 6629.584 -10983 5176.897 0 0 0 95 140 170 6635.106 -11078.69 5009.724 6605.041 -11056.43 5012.3
3 6621.943 -10986 4758.904 0 0 0 95 140 170 6710.271 -11120.14 4927.25 6612.94 -11060.87 4908.765
3 6586.498 -11072 4964.715 0 0 0 135 80 36 6046.8 -10785 4960.377 12460.76 -14835 4931.553
3 7496.707 -11472.05 4931.904 0 0 0 20 60 110 7346.354 -11435.05 5025.113 7346.354 -11435.05 5005.113
3 7509.344 -11334.05 4888.96 0 0 0 42 90 290 7527.814 -11372.05 4906.052 7900.809 -11849.05 5237.342
3 7443.745 -11344 4927.547 0 0 0 15 180 370 6046.8 -10785 4960.377 12460.76 -14835 4931.553
3 7573.258 -11362.27 5017.25 0 0 0 9.999998 220 180 7799.696 -11717.41 5250.554 7793.135 -11737.17 5315.72
1 7838.908 -11886.38 5195.33 0 0 0 130 130 16900.01 7843.42 -11677.38 5084.675 7709.236 -11718.38 5609.44
1 7819.167 -11847.38 5050.335 0 0 0 130 130 16900.01 7792.767 -11644.38 4987.502 7961.723 -11718.38 5608.493
1 7763.828 -11896.38 5335.06 0 0 0 130 130 16900.01 7808.247 -11724.38 5269.555 7448.866 -11743.38 6768.309
3 7631.986 -11535 5600.266 0 0 0 130 90 170 7517.493 -11625 5589.231 7605.001 -11625 5471.236
3 7700.663 -11700 5677.255 0 0 0 60 100 90 7648.313 -11698 5532.447 7693.63 -11661 5729.387
3 7614.632 -11849 5426.645 0 0 0 52.00003 240 40 7531.253 -11781 5527.516 7615.262 -11606 5396.729
3 7460.226 -14071 5462.196 0 0 0 61 20 90 7632.063 -14092 5530.004 7630.774 -14540 5347.3
3 7664.735 -14575 5574.007 0 0 0 102 30 150 7632.063 -14532 5530.004 7630.774 -14540 5347.3
3 7620.437 -14548.48 5446.859 0 0 0 37 13 10 7576.203 -14446.48 5563.726 7625.783 -14374.48 5683.641
3 7660.863 -14580 6067.609 0 0 0 61 40 70 7664.623 -14579.83 6110.021 7645.299 -14598 6078.097
3 7662.142 -14487 6059.101 0 0 0 30 20 30 7659.826 -14395 6040.791 7659.738 -14497 6070.716
3 7660.182 -14397 6061.503 0 0 0 30 10.1 30 7659.826 -14395 6040.791 7659.738 -14497 6070.716
3 7664.498 -14503 5854.458 0 0 0 110 54 110 7659.601 -14518 5790.493 7674.234 -14499 6665.801
3 7657.448 -14399 5932.932 0 0 0 90 90 20 7659.889 -14423 5919.878 7652.376 -14700 8254.34
3 7336.177 -14517 6253.604 0 0 0 90.00003 10 90 7419.933 -14378 6244.121 7350.144 -14552 6244.794
3 6440.817 -15885.99 9160.331 0 0 0 18 43 10 6446.668 -15914.99 9302.641 6446.668 -15914.99 9282.641
3 6440.642 -15885.99 9181.235 0 0 0 18 43 10 6443.13 -15906.99 9365.36 6433.97 -15908.99 8896.079
3 6430.129 -15881 9811.992 0 0 0 110 80 30 6441.393 -16089 10098.48 6430.405 -15190 8784.184
3 6437.469 -17880 12875.35 0 0 0 110 70 200 6428.241 -17908 13017.71 6473.073 -17815 10913.44
3 6438.87 -18913 14635.71 0 0 0 103 60 170 6437.133 -18917 14740.86 6440.974 -18790 13287.07
3 6451.777 -19451 15635.28 0 0 0 141 30 140 6583.696 -19434 15671.25 4759.699 -19625 15636.02
3 6636.109 -19381 15673.12 0 0 0 31 130 140 6796.946 -19519 15666.51 4759.699 -18455 15636.02
3 8181.726 -20433 15674.11 0 0 0 130 40 130 8198.362 -20424 15858.09 8139.32 -20350 14492.14
3 8184.357 -20433 16031.95 0 0 0 130 40 130 7989.807 -20414 16051.95 10578.11 -20350 15868.27
3 8037.152 -20380 16038.14 0 0 0 11 100 120 7926.18 -20507 16051.41 9073.3 -19700 16015.33
3 6444.928 -21410 16049.9 0 0 0 170 91 120 6406.678 -21456 16046.33 8226.485 -21161 16021.18
3 5552.722 -21876.22 16054.31 0 0 0 40 130 130 5433.976 -21968.22 16048.8 7289.189 -21973.22 16051.98
3 4303.953 -21968 16051.72 0 0 0 9.999998 90 90 4167.931 -22070 16089.96 4261.239 -22016 16038.7
3 3954.696 -22139 16038.85 0 0 0 130 50 109.9999 3952.665 -22162 15954.16 3957.069 -22169 16177.56
3 336.5043 -6583 9826.095 0 0 0 60 10 80 344.5613 -6418 9902.222 345.8116 -6631 9801.104
3 -519.7399 -6182.993 10016.19 0 0 0 20 50 70 -505.159 -6269.993 10032.55 -505.159 -6269.993 10012.55
3 -482.419 -6241 10062.4 0 337.5 0 30 60.0001 20 -500.015 -6249 10013.69 -482.9095 -6270 10042.47
1 7610.3 -14349.48 5655.878 0 0 0 70 70 4900 7658.109 -14323.48 5685.642 7655.092 -14573.48 6447.947
3 7624.601 -14595 5457.016 0 0 0 152 130 90 7632.063 -14532 5530.004 7630.774 -14540 5347.3
3 7751.453 -14527 5498.917 0 0 0 92 70.00003 90 7632.063 -14532 5530.004 7630.774 -14540 5347.3
3 7612.328 -12288 5427.043 0 0 0 62.00003 200 50 7489.696 -12196 5623.811 9706.114 -9237 3996.508
3 7612.328 -12883 5427.043 0 0 0 72.00003 190 50 7619.391 -12219 5447.917 7622.095 -10412 5416.328
3 7664.681 -14369 6121.255 0 0 0 90 90 20 7659.889 -14423 5919.878 7652.376 -14700 8254.34
3 7668.467 -14350 6298.346 0 0 0 90 10.1 70 7615.045 -14435 6213.177 6108.661 -14801 6306.142
3 7715.918 -14455 6234.229 0 0 0 30 90 60 7714.073 -14431 6139.586 7728.703 -14455 6183.115
3 7017.047 -14461 6260.25 0 0 0 9.999998 60 30 7141.083 -14455 6290.838 7141.083 -14455 6270.838
3 235.0957 -6516.008 9846.63 0 0 0 60.00003 50 60 -426.9435 -6254.008 10009.31 576.1912 -6928.008 10019.01
3 359.944 -6570 10017.69 0 0 0 50 99 50 263.601 -6570 9969.248 263.601 -6570 9949.248
3 223.7958 -6454.008 10017.45 0 0 0 9.999998 40 60 199.2852 -6466.008 10022.07 576.1912 -6538.008 10019.01
1 5974.864 -10691 4567.404 0 0 0 10 10 100 5936.326 -10658 4517.174 5953.352 -10644 4459.099
3 5977.405 -10570.92 4709.57 0 0 0 60 50 10 5965.835 -10765.92 5025.095 6009.89 -10779.92 4938.507
3 347.1201 -6494 9840.293 0 0 0 40 30 50 359.4624 -6443 9896.97 368.9297 -6958 9028.642
1 4810.848 -10019.6 4536.121 0 0 0 40 40 1600 4786.346 -10051.6 4522.595 4786.346 -10051.6 4502.595
3 5980.872 -10755 4763.329 0 0 0 101 9.999998 100 6035.944 -10790 4975.34 6035.944 -10790 4955.34
1 5984.474 -10474.92 4602.854 0 0 0 20 20 400 5992.906 -10620.92 4674.679 6444.715 -8679.918 2487.189
3 7646.736 -11799 5696.58 0 0 0 262.0001 10.1 240.1 7645.987 -11781 5880.395 7671.75 -10286 5056.781
1 6954.041 -14523.37 6258.095 0 0 0 80 80 6400 6833.141 -14515.37 6279 6833.141 -14515.37 6259
3 7271.541 -14402 6258.432 0 0 0 7.999999 60.1 90 7615.045 -14435 6213.177 6106.09 -14638 6236.195
1 6439.304 -15011.65 6841.512 0 0 0 70 70 4900 6445 -14983.65 6922.47 6445 -14983.65 6902.47
1 6037.071 -15603.65 7927.397 0 0 0 70 70 4900 6445 -14983.65 6922.47 6445 -14983.65 6902.47
3 3952.329 -22175 16043.49 0 0 0 180 20 140 3952.665 -22162 15954.16 3957.069 -22169 16177.56
1 -653.377 -6215.061 9366.387 0 0 0 91 91 8281 -717.7392 -6225.061 9343.226 -151.8216 -6194.061 10065.46
3 180.9066 -6635.008 10029.67 0 0 0 20.00003 50 90 -426.9435 -6254.008 10009.31 576.1912 -6928.008 10019.01
3 376.2429 -6475.797 9964.034 0 0 0 21 3.1 23 375.4735 -6451.797 9970.016 375.4373 -6517.797 9964.842
3 6441.599 -14868.65 6601.72 33.75 270 0 180 30 4 6445 -14983.65 6922.47 6445 -14983.65 6902.47
3 6763.099 -14594.65 6258.438 1.40625 0 35.15625 180 30 4 6445 -14983.65 6922.47 6445 -14983.65 6902.47
3 5738.901 -10695.78 4431.128 0 0 0 69.1 100 90.1 5669.699 -10700.78 4432.967 7079.449 -11252.78 4435.901
1 6046.294 -15416.37 7524.495 0 0 0 80 80 6400 6833.141 -14515.37 6279 6833.141 -14515.37 6259
3 6041.471 -15478.65 7711.621 33.75 270 0 180 30 4 6445 -14983.65 6922.47 6445 -14983.65 6902.47
1 6040.123 -15571.37 7785.595 0 0 0 80 80 6400 6833.141 -14515.37 6279 6833.141 -14515.37 6259
3 6040.802 -15673.65 8107.049 33.75 270 0 180 30 4 6445 -14983.65 6922.47 6445 -14983.65 6902.47
1 5706.698 -10835.78 4438.493 0 0 0 109.1 109.1 11902.81 5669.699 -10700.78 4432.967 7079.449 -11252.78 4435.901
3 6438.891 -15073.65 7001.887 33.75 270 0 180 30 4 6445 -14983.65 6922.47 6445 -14983.65 6902.47
3 4901.192 -21876.22 16043.75 0 0 0 40 130 130 5433.976 -21968.22 16048.8 7289.189 -21973.22 16051.98
3 5005.295 -21901.22 16034.37 0 0 0 40 130 130 4916.883 -21967.79 16031.97 4949.498 -21967.97 16022.56
1 4810.993 -10157.91 4543.375 0 0 0 140 140 19600 4791.644 -10064.91 4502.635 4791.644 -10064.91 4482.635
3 5976.088 -10680.92 4599.118 0 0 0 100 150 10 5975.088 -10634.92 4583.781 5983.03 -11252.92 5264.441
1 5976.609 -10819 4570.243 0 0 0 40 40 1600 5978.077 -10790 4560.121 5978.077 -10790 4540.121
3 5799.064 -10735 4363.384 0 0 0 100 124 30 5834.626 -10700 4422.829 6535.184 -11490 2494.838
3 6483.533 -15955 8853.012 0 0 0 32 11.1 11.1 6444.219 -15975 8813.855 6477.972 -15954 8852.585
3 5646.008 -10647.78 4431.684 0 0 0 19.1 100 90.1 5669.699 -10700.78 4432.967 7079.449 -11252.78 4435.901
1 7661.684 -14508.88 5929.524 0 0 0 60 60 3600 7670 -14479.88 5917.183 7670 -14479.88 5897.183
3 6436.536 -15918.99 9060.44 0 0 0 88 13 80 6437.773 -15896.99 9020.855 6718.198 -16895 17331.12
3 6436.446 -16028.07 8743.735 0 0 0 80 30 120 6398.641 -15911.07 8546.382 6398.641 -15911.07 8526.382
3 -753.3091 -6204.061 9211.354 0 348.75 0 211 191 110 -654.7007 -6222.061 9520.954 -151.8216 -6194.061 10065.46
3 417.2875 -6459.998 9484.529 0 0 0 60 130 110 349.4545 -6469.998 9590 349.4545 -6469.998 9570
3 217.2875 -6459.998 9484.529 0 0 0 60 130 110 349.4545 -6469.998 9590 349.4545 -6469.998 9570
3 5976.215 -10572.02 4385.125 0 0 0 110 20 60 5860.669 -10614.68 4406.437 7156.563 -10588.01 4384.488
1 5894.025 -10827.02 4419.286 0 0 0 80 80 6400 5849.93 -10789.02 4442.161 5849.93 -10789.02 4422.161
1 5728.751 -10838.78 4570.04 0 0 0 139.1 139.1 19348.81 5669.699 -10700.78 4432.967 7079.449 -11252.78 4435.901
3 5749.579 -10677.99 4504.418 0 0 0 50 70 30 5731.749 -10705.99 4460.685 6744.677 -11639.99 5340.049
3 -1480.599 -6182 9499.461 0 0 0 191 110 60.00002 -1573.099 -6251 9358.563 -963.7396 -6183 9366.258
3 7624.359 -11640.07 5159.983 0 0 0 80.00005 260 180 7717.444 -11398.07 4934.567 7368.092 -14249.07 8490.338
3 -1511.549 -6223 9213.224 0 0 0 121 50.00002 60.00002 -1573.099 -6251 9358.563 -963.7396 -6183 9366.258
1 5985.712 -10611 4357.429 0 0 0 10 10 100 5963.55 -10612 4397.628 6015.952 -10647 4463.183
3 7718.022 -11640.07 5151.48 0 0 0 40.00006 260 110 7717.444 -11398.07 4934.567 7368.092 -14249.07 8490.338
3 6591.943 -10986 4598.904 0 0 0 95 140 170 6579.324 -10982.72 4827.61 6590.186 -11012.76 4697.451
3 6589.584 -10983 5336.897 0 0 0 95 140 170 6613.364 -10966.43 5080.43 6568.902 -11028.7 5285.538
1 6829.366 -11613.14 5010.517 0 0 0 410.0001 410.0001 168100.1 7031.433 -11309.14 5011.844 7031.433 -11309.14 4991.844
1 7017.302 -11718.14 4982.31 0 0 0 410.0001 410.0001 168100.1 7031.433 -11309.14 5011.844 7031.433 -11309.14 4991.844
1 7001.786 -11668.14 4693.211 0 0 0 410.0001 410.0001 168100.1 7031.433 -11309.14 5011.844 7031.433 -11309.14 4991.844
1 7025.18 -11678.14 5288.811 0 0 0 410.0001 410.0001 168100.1 7031.433 -11309.14 5011.844 7031.433 -11309.14 4991.844
1 7243.25 -11793.14 4795.45 0 0 0 410.0001 410.0001 168100.1 7031.433 -11309.14 5011.844 7031.433 -11309.14 4991.844
1 7452.927 -11463.21 5327.195 0 0 0 130 130 16900.01 7466.064 -11425.21 5326.645 7466.064 -11425.21 5306.645
3 7529.118 -11328.05 4594.117 0 0 0 55 90 120 7457.958 -11350.05 4659.87 8181.105 -11849.05 4539.47
3 7723.366 -14308 6299.888 0 0 0 30 50.1 70 7694.942 -14313 6222.138 7744.357 -14371 6307.689
1 7532.762 -14528 6230.302 0 0 0 50 50 2500 7584.597 -14414 6211.578 7547.201 -14492 6211.425
3 7490.387 -14459 6246.427 0 0 0 31 30.1 34 7553.948 -14412 6246.313 6106.09 -15698 6236.195
3 7039.579 -14416 6264.038 0 0 0 7.999999 60.1 90 7615.045 -14435 6213.177 6106.09 -14638 6236.195
3 7314.315 -14416 6255.572 0 0 0 20 9.999998 20 7362.012 -14400 6258.765 6106.09 -14638 6236.195
3 7337.496 -14475 6246.97 0 0 0 61 30.1 34 7553.948 -14412 6246.313 6106.09 -15698 6236.195
1 7192.088 -14485 6260.298 0 0 0 30 30 900 7241.935 -14436 6260.438 6106.09 -15298 6236.195
3 6975.022 -14417.99 6259.808 0 0 0 20 40 60 6990.58 -14428.99 6260.637 6939.567 -14454.99 6260.317
3 6961.173 -14442 6259.974 0 0 0 40.1 70 20.1 7141.083 -14455 6290.838 7141.083 -14455 6270.838
3 7129.061 -14397 6367.043 0 0 0 110 70 40.00002 7119.33 -14455 6252.811 7119.33 -14455 6232.811
3 7118.104 -14397 6156.604 0 0 0 110 70 40.00002 7119.33 -14455 6252.811 7119.33 -14455 6232.811
3 1848.457 -8628.177 6330.684 0 0 348.75 300 60.09999 40 1972.761 -8706.177 6357.59 1828.234 -8661.177 6323.382
1 2148.615 -9126 6309.682 0 0 0 150 150 22500 1984.681 -9005 6405.704 1984.681 -9005 6385.704
1 2159.745 -9131 6429.552 0 0 0 150 150 22500 1984.681 -9005 6405.704 1984.681 -9005 6385.704
1 2028.615 -9125 6314.682 0 0 0 150 150 22500 1984.681 -9005 6405.704 1984.681 -9005 6385.704
3 382.1554 -6433.008 9940.061 0 0 0 25 38 60 370.3695 -6451.008 9986.802 257.4381 -7415.008 8654.117
3 6817.585 -14441.08 6255.582 0 0 33.75 90 100 50 6919.425 -14398.08 6257.064 5362.932 -16128.08 6278.167
3 2513.278 -8705.005 6290.633 0 347.3438 0 70 80 30 2520.27 -8755.005 6329.432 2520.27 -8755.005 6309.432
3 2510.8 -8705.005 6462.783 0 12.65625 0 80 80 30 2520.27 -8755.005 6329.432 2520.27 -8755.005 6309.432
3 -929.2948 -6152 9289.279 0 0 0 108 110 110 -1196.493 -6198 9361.284 7029.842 -8968 9494.36
3 6433.533 -15955 8853.012 0 0 0 22 11.1 11.1 6466.18 -15969 8827.094 6434.496 -15954 8853.241
1 4771.599 -22034 15926.75 0 0 0 110 110 12100 4805.711 -21975 16013.63 4805.711 -21975 15993.63
1 4600.508 -22034 16170.08 0 0 0 110 110 12100 4805.711 -21975 16013.63 4805.711 -21975 15993.63
1 4566.93 -22034 15936.71 0 0 0 110 110 12100 4805.711 -21975 16013.63 4805.711 -21975 15993.63
3 -1312.484 -5986 9398.724 0 0 0 131 161 110 -1456.862 -6199 9372.141 -963.7396 -5863 9366.258
3 7620.437 -14033.48 5446.859 0 0 0 37 13 10 7576.203 -14446.48 5563.726 7625.783 -14374.48 5683.641
1 7651.452 -14455.01 6095.571 0 0 0 20 20 400 7669.713 -14455.01 6099.865 7669.713 -14455.01 6079.865
1 7700.125 -14469.01 6096.767 0 0 0 40 40 1600 7669.713 -14455.01 6099.865 7669.713 -14455.01 6079.865
1 6498.428 -15905 9066.177 0 0 0 15 15 225 6450.299 -15915 9033.601 6450.299 -15915 9013.601
3 6370.273 -15915 9080.788 0 0 0 20 80 80 6370.12 -15901 8987.135 6279.221 -16153 10384.37
1 -1555.509 -6269 9378.057 0 0 0 30 30 900 -1522.842 -6260 9397.117 -1522.842 -6260 9377.117
1 -1482.569 -6266 9378.418 0 0 0 30 30 900 -1522.842 -6260 9397.117 -1522.842 -6260 9377.117
1 -1266.73 -6213 9359.476 0 0 0 30 30 900 -1522.842 -6260 9397.117 -1522.842 -6260 9377.117
1 -679.111 -6277.989 10085.68 0 0 0 40 40 1600 -640.0197 -6313.989 9934.019 -640.0197 -6313.989 9914.019
3 7645.695 -12123 5700.442 0 0 0 262.0001 10.1 240.1 7645.987 -11781 5880.395 7671.75 -10286 5056.781
1 -1275.24 -6202 9423.648 0 0 0 20 20 400 -1266.217 -6210 9427.322 -1266.217 -6210 9407.322
1 -970.9221 -6213 9488.092 0 0 0 60 60 3600 -936.7858 -6210 9465 -936.7858 -6210 9445
1 -807.6711 -6199 9407.059 0 0 0 14 14 196 -799.9189 -6210 9463.309 -799.9189 -6210 9443.309
1 -762.8574 -6210 9427.48 0 0 0 24 24 576 -799.9189 -6210 9463.309 -799.9189 -6210 9443.309
1 -778.7928 -6300.989 10087.8 0 0 0 80 80 6400 -640.0197 -6313.989 9934.019 -640.0197 -6313.989 9914.019
1 -628.3765 -6258.989 9988.166 0 0 0 15 15 225 -640.0197 -6313.989 9934.019 -640.0197 -6313.989 9914.019
1 283.8321 -6474 9662.517 0 0 0 40 40 1600 261.0406 -6470 9712.944 261.0406 -6470 9692.944
3 221.7216 -7480 7417.766 0 0 0 20 10 60 235.1979 -7480 7426.113 235.1979 -7480 7406.113
3 4804.003 -9452 6451.035 0 0 0 120 80 40 4796.179 -9515 6465 4796.179 -9515 6445
3 256.1127 -7995 6375.637 0 0 0 20 160 120 282.7773 -7995 6397.247 282.7773 -7995 6377.247
3 7436.806 -14461 6248.884 0 0 0 51 60.1 74 7491.948 -14393 6245.889 6106.09 -17377 6236.195
3 -1526.201 -6176 9207.521 0 0 0 121 50.00002 60.00002 -1573.099 -6119 9358.563 -1555.133 -6185 9165.833
3 -1513.011 -6204 9239.93 0 0 0 121 50.00002 60.00002 -1573.099 -6200 9358.563 -1513.26 -6228 9244.612
3 5896.067 -10818.5 4625.543 0 0 0 9.999998 80 100 5905 -10824.5 4646.748 5905 -10824.5 4626.748
3 5969.55 -10885 4811.437 0 0 0 101 9.999998 50 5968.083 -10882 4790.957 6070.086 -11022 6507.944
1 7729.913 -14553 5751.076 0 0 0 14 14 196 7744.929 -14555 5742.359 7744.929 -14555 5722.359
1 7665.809 -14553 5666.467 0 0 0 20 20 400 7744.929 -14555 5742.359 7744.929 -14555 5722.359
1 7697.3 -14584 5550.915 0 0 0 90 90 8100 7744.929 -14555 5742.359 7744.929 -14555 5722.359
3 7700.491 -14483 5804.444 0 0 0 41 11 11 7664.182 -14504 5767.727 7695.527 -14483 5805.753
3 7620.491 -14483 5804.444 0 0 0 41 11 11 7651.324 -14504 5776.419 7614.326 -14477 5818.461
3 7700.491 -14395 5944.444 0 0 0 41 11 11 7673.427 -14411 5907.149 7702.211 -14397 5943.476
3 7620.491 -14395 5944.444 0 0 0 41 11 11 7647.397 -14415 5905.815 7620.257 -14397 5947.757
1 7596.838 -14444 6109.722 0 0 0 14 14 196 7595.26 -14455 6179.474 7595.26 -14455 6159.474
3 7664.498 -14363 5854.458 0 0 0 110 50 80 7659.601 -14518 5790.493 7674.234 -14499 6665.801
3 7660.491 -14483 5804.444 0 0 0 21 11 11 7617.964 -14504 5781.746 7646.92 -14481 5808.151
3 7660.491 -14395 5944.444 0 0 0 21 11 11 7622.766 -14416 5907.532 7654.382 -14395 5943.066
1 7708.316 -14453 6188.556 0 0 0 20 20 400 7676.109 -14455 6215.451 7676.109 -14455 6195.451
3 7663.139 -14513 6058.811 0 0 0 24 5.999999 20 7659.627 -14537 6126.418 7659.738 -14520 6070.716
1 7051.359 -14449 6302.729 0 0 0 15 15 225 7135.036 -14455 6241.629 7135.036 -14455 6221.629
3 6383.533 -15955 8853.012 0 0 0 32 11.1 11.1 6427.252 -15963 8819.918 6403.614 -15954 8854.958
3 6432.503 -15823.99 9005.579 0 0 0 88 13 140 6437.773 -15897.99 9020.855 6718.198 -13280 17331.12
1 6421.244 -16023 8942.777 0 0 0 50 50 2500 6419.684 -15974 8850.938 6407.861 -16435 9524.724
1 6419.047 -15955 8944.815 0 0 0 30 30 900 6419.684 -15974 8850.938 6407.861 -16125 9524.724
1 6058.328 -10902.01 4899.474 0 0 0 40 40 1600 5975.892 -10890.01 4915.705 5975.892 -10890.01 4895.705
1 6468.571 -15925 8983.076 0 0 0 30 30 900 6439.403 -15915 9057.579 6439.403 -15915 9037.579
1 6062.98 -10899.01 5029.211 0 0 0 40 40 1600 5975.892 -10890.01 4915.705 5975.892 -10890.01 4895.705
1 5998.942 -10902 4963.911 0 0 0 60 60 3600 5942.004 -10890 4870.633 5942.004 -10890 4850.633
3 300.3662 -6432.194 10024.67 0 0 0 50 30 62 315.5252 -6432.194 10038.29 315.5252 -6432.194 10018.29
3 5746.541 -10735 4352.871 0 0 0 40 124 40 5834.626 -10700 4422.829 5300.83 -11490 2440.6
3 5724.628 -10677.99 4505.969 0 0 0 20 70 30 5731.749 -10705.99 4460.685 5589.833 -11639.99 5795.335
3 2926.932 -8483 6375.365 0 0 0 10 60 43.99999 2899.195 -8513 6375.001 2953.304 -8502 6375.907
3 2946.932 -8483 6377.365 0 0 0 12 30 92 2936.09 -8501 6375.573 2953.304 -8502 6375.907
1 -1626.619 -6257.983 9278.84 0 0 0 70 70 4900 -1597.348 -6257.983 9339.472 -1597.348 -6257.983 9319.472
3 -1537.539 -6244 9274.063 0 0 0 70 20 20 -1531.589 -6260 9338.782 -1531.589 -6260 9318.782
3 -572.3891 -6221 9931.253 0 0 0 61 62 41 -565.7747 -6242 10018.53 -216.5616 -6249 9920.572
3 -479.835 -6241 9967.84 0 22.5 0 30 60.0001 20 -500.015 -6249 10013.69 -482.9095 -6270 10042.47
3 189.7145 -6528.008 10005.02 0 0 0 30 50 60 171.9315 -6545.008 10014.64 576.1912 -6658.008 10019.01
1 229.6727 -6549 10071.83 0 0 0 50 50 2500 253.6918 -6570 9971.987 253.6918 -6570 9951.987
1 223.5656 -6549 9960.869 0 0 0 50 50 2500 253.6918 -6570 9971.987 253.6918 -6570 9951.987
3 6037.906 -15476.41 8099.41 33.75 0 0 90 60 170 6041.511 -15552.41 8047.227 6098.043 -14667.41 11176.95
3 6080.663 -15619.41 8336.059 22.5 37.96875 0 90 60 170 6041.511 -15552.41 8047.227 6098.043 -14667.41 11176.95
3 6440.538 -14768 6839.916 0 0 0 90 70 80 6440.101 -14923 6754.641 6447.868 -14255 9568.61
3 6442.925 -14887 7061.648 33.75 0 0 90 70 230 6440.101 -14923 6754.641 6447.868 -14255 9568.61
3 6425.281 -14659 6615.038 33.75 0 0 90 70 230 6440.101 -14923 6754.641 6447.868 -14255 9568.61
3 6377.014 -15938 8698.074 0 0 0 20 70 50 6427.84 -15917 8647.012 4565.151 -16980 11812.74
3 6373.151 -15938 8674.906 0 0 0 20 80 20 6427.84 -15917 8647.012 2814.698 -16980 9712.347
3 6499.08 -15910 8697.668 0 0 0 20 70 50 6446.894 -15917 8652.545 8480.835 -16980 11723.71
3 6508.047 -15910 8673.829 0 0 0 20 70 20 6446.894 -15917 8652.545 10033.44 -16980 9508.355
3 4135.201 -22167 16055.63 0 0 0 30 40 170 4097.711 -22174 16076.07 4097.711 -22174 16056.07
1 5895.806 -10936.03 5055.842 0 0 0 90 90 8100 5925.563 -10890.03 5045.451 5925.563 -10890.03 5025.451
1 7671.514 -14558 5616.658 0 0 0 14 14 196 7744.929 -14555 5742.359 7744.929 -14555 5722.359
1 7743.069 -14544 5594.29 0 0 0 60 60 3600 7680.024 -14541 5611.317 7922 -14630 5531.885
1 7762.938 -14553 5576.416 0 0 0 44 44 1936 7744.929 -14555 5742.359 7744.929 -14555 5722.359
1 7596.75 -14555 5706.9 0 0 0 22 22 484 7744.929 -14555 5742.359 7744.929 -14555 5722.359
3 7058.307 -14355.99 6257.868 0 0 0 50 60 120 6944.503 -14454.99 6270.55 6944.503 -14454.99 6250.55
1 4061.951 -22179.98 16172.5 0 0 0 29.99999 29.99999 899.9998 4053.224 -22173.98 16173.69 4053.224 -22173.98 16153.69
3 370.127 -6462.998 9557.916 0 45 0 30 80 10 328.1354 -6451.998 9577.038 355.9286 -6463.998 9569.798
3 265.6812 -6459.998 9565.753 0 315 0 30 80 20 328.1354 -6451.998 9577.038 355.9286 -6463.998 9569.798
3 7740.283 -13270 5597.205 0 0 0 60 60 20.1 7661.665 -13143 5676.467 7821.824 -13336 5307.729
3 62.76432 -3009 4869.664 0 0 0 20 140 120 68.43043 -3010 4902.345 68.43043 -3010 4882.345
3 7740.283 -13802 5597.205 0 0 0 60 60 20.1 7703.064 -13782 5645.727 7851.269 -13549 5337.42
3 -1764.73 -3958 4811.621 0 0 0 110 80 20 -1761.321 -4019 4820.401 -1761.321 -4019 4800.401
3 7740.283 -13617 5597.205 0 0 0 10 20 20.1 7703.064 -13628 5645.727 7851.269 -13881 5337.42
3 7763.562 -13566 5722.079 0 0 0 90 10 100 7621.618 -14524 5599.816 7759.152 -14228 5590.251
3 -1819.693 -5006 6903.888 0 0 0 20 110 110 -1788.314 -5050 6949.519 -1788.314 -5050 6929.519
3 7740.283 -13440 5597.205 0 0 0 60 80 20.1 7776.96 -13375 5683.492 7631.709 -13510 5333.758
1 394.68 -7792.535 6834.428 0 0 0 50 50 2500 338.7422 -7778.535 6849.48 338.7422 -7778.535 6829.48
3 -1560.995 -5006 6862.642 0 270 0 20 110 110 -1788.314 -5050 6949.519 -1788.314 -5050 6929.519
1 3496.384 -8752.454 6324.258 0 0 0 50 50 2500 3467.6 -8696.454 6401.953 3467.6 -8696.454 6381.953
1 3658.818 -8861.454 6434.533 0 0 0 50 50 2500 3467.6 -8696.454 6401.953 3467.6 -8696.454 6381.953
3 2885.632 -8468 6471.703 0 0 0 57.00001 57.00001 30.1 2946.932 -8453.269 6340.238 2939.43 -8502.828 6460.566
1 4096.08 -9156.454 6317.62 0 0 0 50 50 2500 3467.6 -8696.454 6401.953 3467.6 -8696.454 6381.953
3 2887.056 -8468 6269.917 0 0 0 57.00001 57.00001 30.1 2910.426 -8490.72 6320.029 2933.769 -8496.429 6297.857
1 4357.736 -9324.357 6440.257 0 0 0 50 50 2500 4403.923 -9331.357 6454.314 4403.923 -9331.357 6434.314
1 4743.745 -9676.543 6039.343 0 0 0 50 50 2500 4813.567 -9633.543 6084.925 4813.567 -9633.543 6064.925
1 4875.208 -9770.543 5911.494 0 0 0 50 50 2500 4813.567 -9633.543 6084.925 4813.567 -9633.543 6064.925
1 4739.288 -10058 5396.878 0 0 0 50 50 2500 4740.432 -10029 5381.543 4740.432 -10029 5361.543
1 4875.654 -10059 5081.394 0 0 0 50 50 2500 4740.432 -10029 5381.543 4740.432 -10029 5361.543
1 4939.279 -10042 4876.146 0 0 0 50 50 2500 4918.592 -10030 4840.473 4918.592 -10030 4820.473
3 6359.458 -16002 8767.619 0 0 0 40 50 30 6440.314 -15987 8741.916 4362.175 -17585 9242.275
3 6519.458 -16002 8767.619 0 0 0 40 50 30 6440.314 -15987 8741.916 8399.757 -17585 9219.958
1 311.3438 -6466 9754.534 0 0 0 20 20 400 313.0977 -6470 9761.804 313.0977 -6470 9741.804
3 5817.33 -10778.99 4515.44 0 49.21875 0 20 36 40 5792.595 -10745.99 4442.717 5821.938 -11639.99 5924.559
3 5878.683 -10778.99 4481.905 0 0 0 16 26 40 5827.934 -10745.99 4476.454 7306.181 -10964.99 4856.889
1 5877.134 -10821.49 4544.43 0 0 0 80 80 6400 5905 -10794.49 4601.738 5905 -10794.49 4581.738
3 7763.562 -14286 5652.079 0 0 0 90 10 100 7621.618 -14524 5599.816 7759.152 -14228 5590.251
1 3846.235 -22179.98 16190.52 0 0 0 39.99999 39.99999 1599.999 4053.224 -22173.98 16173.69 4053.224 -22173.98 16153.69
3 7740.283 -14306 5597.205 0 0 0 60 60 20.1 7676.823 -14460 5655.289 7805.351 -14198 5385.351
3 7740.283 -14196 5597.205 0 0 0 60 60 20.1 7676.823 -14135 5655.289 7876.595 -14158 5431.338
1 6421.244 -16033 8942.777 0 0 0 50 50 2500 6419.684 -15974 8850.938 6407.861 -16435 9524.724
3 7732.596 -11738 5450.442 0 0 0 60 10.1 120 7713.098 -11734.03 5491.01 7699.268 -11747.24 5572.507
3 6436.446 -15985.07 8698.735 0 0 0 40 9.999998 50 6439.672 -15934.07 8654.4 6466.81 -17581.07 11033.31
3 6439.075 -15895.34 8641.938 0 0 0 50 80 10 6438.694 -15952.34 8669.744 6438.694 -15952.34 8649.744
3 6439.418 -15983 8700.342 33.75 0 0 3 10 70 6441.436 -16015 8773.722 6441.436 -16015 8753.722
3 6418.642 -16039 8925.65 0 0 0 50 10 80 6418.573 -15896 8850.906 6418.77 -16020 8937.017
3 7516.177 -14517 6253.604 0 0 0 90.00003 10 90 7581.173 -14378 6207.939 7504.349 -14552 6236.789
3 7156.177 -14517 6253.604 0 0 0 90.00003 10 90 7300.301 -14364 6204.932 7220.207 -14527 6255.298
3 6063.961 -10835 4900.354 0 0 0 10.1 30 40 6008.36 -10834.47 4897.031 7906.435 -11464.08 4939.158
3 201.0338 109.9285 389.6935 0 0 0 101 221 20 -75.75184 -283.0715 466.8379 3.320756 -209.0715 340.7116
1 1.033739 -242.0715 349.6935 0 0 0 91 91 8281 -75.75184 -283.0715 466.8379 3.320756 -209.0715 340.7116
3 7740.283 -13982 5597.205 0 0 0 60 60 20.1 7761.728 -13954 5642.887 7660.241 -13881 5403.703
3 7740.283 -13802 5597.205 0 0 0 60 60 20.1 7703.064 -13782 5645.727 7851.269 -13549 5337.42
3 7740.283 -13476 5597.205 0 0 0 60 60 20.1 7738.41 -13391 5654.451 7561.25 -13619 5337.069
3 7740.283 -13270 5597.205 0 0 0 60 60 20.1 7661.665 -13143 5676.467 7821.824 -13336 5307.729
3 7741.064 -13202.11 5653.897 0 0 0 11 11 81 7739.413 -13249 5660.798 7739.493 -13204 5621.196
3 7740.283 -13053 5597.205 0 0 0 60 100 20.1 7709.366 -13143 5651.874 7709.154 -13327 5228.027
3 7708.363 -13115 5545.635 0 0 0 30 40 40 7712.232 -13091 5623.022 7712.422 -13145 5544.986
3 7763.562 -13986 5712.079 0 0 0 90 10 100 7621.618 -14524 5599.816 7759.152 -14228 5590.251
3 7763.562 -13786 5712.079 0 0 0 90 10 100 7621.618 -14524 5599.816 7759.152 -14228 5590.251
3 7763.562 -13486 5712.079 0 0 0 90 10 100 7621.618 -14524 5599.816 7759.152 -14228 5590.251
3 7763.562 -13286 5712.079 0 0 0 90 10 100 7621.618 -14524 5599.816 7759.152 -14228 5590.251
3 7740.283 -13157 5637.205 0 0 0 60 140 20.1 7727.46 -13222 5640.55 7693.01 -13062 5560.51
3 7660.863 -14545 6067.609 0 0 0 61 20 70 7663.142 -14562 6121.003 7655.336 -14528.31 5206.547
3 7616.154 -14285.48 5551.54 0 0 0 57 13 60 7598.164 -14406.48 5691.668 7593.784 -14194.48 5495.757
3 319.5867 -6419 9596.501 0 0 0 180 130 24 319.7932 -6461 9311.661 287.6844 -6470 7399.875
3 -516.7401 -6213.993 10016.16 0 0 0 25 150 130 -505.159 -6269.993 10032.55 -505.159 -6269.993 10012.55
1 220.7765 -6468 9597.142 0 0 0 90 90 8100 268.3359 -6470 9653.449 268.3359 -6470 9633.449
1 420.7765 -6468 9597.142 0 0 0 90 90 8100 268.3359 -6470 9653.449 268.3359 -6470 9633.449
1 -524.7319 -6270 9912.732 0 0 0 90.00002 90.00002 8100.003 -620.5568 -6270 10041.37 -620.5568 -6270 10021.37
1 -520.478 -6270 10116.69 0 0 0 90.00002 90.00002 8100.003 -620.5568 -6270 10041.37 -620.5568 -6270 10021.37
3 7010.935 -14405 6260.076 0 0 0 24 110 120 7047.359 -14455 6276.156 7047.359 -14455 6256.156
3 7063.868 -14422 6210.521 0 0 0 40 50 33 7113.202 -14455 6283.347 7113.202 -14455 6263.347
3 7063.868 -14422 6310.521 0 0 0 40 50 33 7113.202 -14455 6283.347 7113.202 -14455 6263.347
3 6438.173 -15854.99 9169.177 0 0 0 88 113 23 6437.773 -15897.99 9020.855 6718.198 -13280 17331.12
3 6499.646 -15882.99 9159.48 0 0 0 38 43.00002 63 6437.773 -15897.99 9020.855 6718.198 -13280 17331.12
3 6380.646 -15882.99 9159.48 0 0 0 38 43.00002 63 6437.773 -15897.99 9020.855 6718.198 -13280 17331.12
1 4898.26 -10042 4646.579 0 0 0 50 50 2500 4918.592 -10030 4840.473 4918.592 -10030 4820.473
1 4712.209 -10042 4633.001 0 0 0 50 50 2500 4918.592 -10030 4840.473 4918.592 -10030 4820.473
1 4698.505 -10042 4707.814 0 0 0 50 50 2500 4918.592 -10030 4840.473 4918.592 -10030 4820.473
1 5676.22 -10779.78 4514.245 0 0 0 89.1 89.1 7938.811 5669.699 -10700.78 4432.967 7079.449 -11252.78 4435.901
3 7660.863 -14542 6120.609 0 0 0 61 50 40 7683.979 -14572.39 6102.543 7685.309 -14586.57 6091.439
1 -564.8011 -6142 10014.09 0 0 0 100 100 10000 -541.0524 -6270 10034.23 -541.0524 -6270 10014.23
1 251.7309 -6493.109 9225.674 0 0 0 50 50 2500 374.1129 -6648.109 8787.079 374.1129 -6648.109 8767.079
1 388.3387 -6521.109 8999.819 0 0 0 50 50 2500 374.1129 -6648.109 8787.079 374.1129 -6648.109 8767.079
1 249.834 -6530.109 8971.213 0 0 0 50 50 2500 374.1129 -6648.109 8787.079 374.1129 -6648.109 8767.079
1 249.959 -6631.109 8837.439 0 0 0 50 50 2500 374.1129 -6648.109 8787.079 374.1129 -6648.109 8767.079
1 249.585 -6680.109 8764.282 0 0 0 50 50 2500 374.1129 -6648.109 8787.079 374.1129 -6648.109 8767.079
1 396.0719 -6673.109 8748.238 0 0 0 50 50 2500 374.1129 -6648.109 8787.079 374.1129 -6648.109 8767.079
1 247.0618 -6787.109 8604.729 0 0 0 50 50 2500 374.1129 -6648.109 8787.079 374.1129 -6648.109 8767.079
1 247.4888 -6817.109 8543.898 0 0 0 50 50 2500 374.1129 -6648.109 8787.079 374.1129 -6648.109 8767.079
1 245.964 -6864.109 8471.682 0 0 0 50 50 2500 374.1129 -6648.109 8787.079 374.1129 -6648.109 8767.079
1 400.3874 -6775.109 8598.148 0 0 0 50 50 2500 374.1129 -6648.109 8787.079 374.1129 -6648.109 8767.079
1 395.9066 -6843.109 8510.165 0 0 0 50 50 2500 374.1129 -6648.109 8787.079 374.1129 -6648.109 8767.079
1 395.8619 -6942.109 8346.521 0 0 0 50 50 2500 374.1129 -6648.109 8787.079 374.1129 -6648.109 8767.079
1 394.5551 -6985.109 8300.642 0 0 0 50 50 2500 374.1129 -6648.109 8787.079 374.1129 -6648.109 8767.079
1 390.7388 -7036.109 8232.873 0 0 0 50 50 2500 374.1129 -6648.109 8787.079 374.1129 -6648.109 8767.079
1 243.8552 -7112.109 8111.216 0 0 0 50 50 2500 374.1129 -6648.109 8787.079 374.1129 -6648.109 8767.079
1 247.4072 -7152.109 8058.005 0 0 0 50 50 2500 374.1129 -6648.109 8787.079 374.1129 -6648.109 8767.079
1 399.5598 -7152.109 8046.377 0 0 0 50 50 2500 374.1129 -6648.109 8787.079 374.1129 -6648.109 8767.079
1 390.2242 -7281.109 7874.302 0 0 0 50 50 2500 374.1129 -6648.109 8787.079 374.1129 -6648.109 8767.079
1 391.3354 -7330.109 7805.328 0 0 0 50 50 2500 374.1129 -6648.109 8787.079 374.1129 -6648.109 8767.079
1 246.4526 -7282.109 7859.605 0 0 0 50 50 2500 374.1129 -6648.109 8787.079 374.1129 -6648.109 8767.079
1 243.1847 -7348.109 7761.32 0 0 0 50 50 2500 374.1129 -6648.109 8787.079 374.1129 -6648.109 8767.079
1 242.4985 -7536.262 7212.296 0 0 0 50 50 2500 367.7802 -7495.262 7267.241 367.7802 -7495.262 7247.241
1 396.8143 -7626.262 7083.919 0 0 0 50 50 2500 367.7802 -7495.262 7267.241 367.7802 -7495.262 7247.241
1 391.1978 -7672.262 7027.927 0 0 0 50 50 2500 367.7802 -7495.262 7267.241 367.7802 -7495.262 7247.241
1 249.2389 -7692.262 6995.954 0 0 0 50 50 2500 367.7802 -7495.262 7267.241 367.7802 -7495.262 7247.241
1 393.434 -7718.262 6955.104 0 0 0 50 50 2500 367.7802 -7495.262 7267.241 367.7802 -7495.262 7247.241
1 248.7569 -7802.262 6832.713 0 0 0 50 50 2500 367.7802 -7495.262 7267.241 367.7802 -7495.262 7247.241
1 393.9774 -7831.535 6773.494 0 0 0 50 50 2500 338.7422 -7778.535 6849.48 338.7422 -7778.535 6829.48
1 385.8795 -7880.535 6724.314 0 0 0 50 50 2500 338.7422 -7778.535 6849.48 338.7422 -7778.535 6829.48
1 244.3011 -7846.535 6740.435 0 0 0 50 50 2500 338.7422 -7778.535 6849.48 338.7422 -7778.535 6829.48
1 246.8108 -7956.535 6584.306 0 0 0 50 50 2500 338.7422 -7778.535 6849.48 338.7422 -7778.535 6829.48
1 394.5217 -7956.535 6590.967 0 0 0 50 50 2500 338.7422 -7778.535 6849.48 338.7422 -7778.535 6829.48
1 246.6153 -8019.535 6421.704 0 0 0 50 50 2500 338.7422 -7778.535 6849.48 338.7422 -7778.535 6829.48
1 641.6831 -8154.535 6310.878 0 0 0 50 50 2500 338.7422 -7778.535 6849.48 338.7422 -7778.535 6829.48
1 695.7186 -8188.535 6308.893 0 0 0 50 50 2500 338.7422 -7778.535 6849.48 338.7422 -7778.535 6829.48
1 672.1179 -8172.535 6442.943 0 0 0 50 50 2500 338.7422 -7778.535 6849.48 338.7422 -7778.535 6829.48
1 757.6671 -8230.535 6305.148 0 0 0 50 50 2500 338.7422 -7778.535 6849.48 338.7422 -7778.535 6829.48
1 885.367 -8308.13 6440.877 0 0 0 50 50 2500 763.6671 -8204.13 6404.831 763.6671 -8204.13 6384.831
1 941.5555 -8352.13 6444.145 0 0 0 50 50 2500 763.6671 -8204.13 6404.831 763.6671 -8204.13 6384.831
1 1001.612 -8389.13 6443.862 0 0 0 50 50 2500 763.6671 -8204.13 6404.831 763.6671 -8204.13 6384.831
1 973.1545 -8363.13 6302.794 0 0 0 50 50 2500 763.6671 -8204.13 6404.831 763.6671 -8204.13 6384.831
1 1144.258 -8480.13 6301.911 0 0 0 50 50 2500 763.6671 -8204.13 6404.831 763.6671 -8204.13 6384.831
1 1198.13 -8531.13 6309.372 0 0 0 50 50 2500 763.6671 -8204.13 6404.831 763.6671 -8204.13 6384.831
1 1233.929 -8531.13 6451.952 0 0 0 50 50 2500 763.6671 -8204.13 6404.831 763.6671 -8204.13 6384.831
1 1368.203 -8645.13 6442.427 0 0 0 50 50 2500 763.6671 -8204.13 6404.831 763.6671 -8204.13 6384.831
1 1435.598 -8678.13 6447.164 0 0 0 50 50 2500 763.6671 -8204.13 6404.831 763.6671 -8204.13 6384.831
1 1445.389 -8689.13 6305.973 0 0 0 50 50 2500 763.6671 -8204.13 6404.831 763.6671 -8204.13 6384.831
1 1499.291 -8727.13 6302.521 0 0 0 50 50 2500 763.6671 -8204.13 6404.831 763.6671 -8204.13 6384.831
1 1627.002 -8810.13 6299.917 0 0 0 50 50 2500 763.6671 -8204.13 6404.831 763.6671 -8204.13 6384.831
1 1684.049 -8852.13 6301.749 0 0 0 50 50 2500 763.6671 -8204.13 6404.831 763.6671 -8204.13 6384.831
1 1748.866 -8889.13 6304.594 0 0 0 50 50 2500 763.6671 -8204.13 6404.831 763.6671 -8204.13 6384.831
1 1618.258 -8815.13 6442.988 0 0 0 50 50 2500 763.6671 -8204.13 6404.831 763.6671 -8204.13 6384.831
1 1675.133 -8856.13 6440.199 0 0 0 50 50 2500 763.6671 -8204.13 6404.831 763.6671 -8204.13 6384.831
1 1733.319 -8879.13 6444.856 0 0 0 50 50 2500 763.6671 -8204.13 6404.831 763.6671 -8204.13 6384.831
1 1860.024 -8974.13 6446.857 0 0 0 50 50 2500 763.6671 -8204.13 6404.831 763.6671 -8204.13 6384.831
1 1872.462 -8980.13 6300.756 0 0 0 50 50 2500 763.6671 -8204.13 6404.831 763.6671 -8204.13 6384.831
3 2829.965 -8519 6320.667 0 0 0 40 40 30 2730.042 -8528 6341.012 2815.987 -8555 6322.055
3 2829.965 -8519 6428.667 0 0 0 40 40 30 2730.042 -8528 6411.012 2818.79 -8555 6429.361
3 2829.965 -8476 6374.667 0 0 0 40 40 27 2740.042 -8498 6380.012 2800.195 -8506 6374.64
3 2946.932 -8483 6377.365 0 0 0 12 30 92 2936.09 -8501 6375.573 2953.304 -8502 6375.907
3 2921.932 -8483 6375.365 0 0 0 20 30 24 2899.195 -8513 6375.001 2953.304 -8502 6375.907
1 3436.184 -8713.454 6318.356 0 0 0 50 50 2500 3467.6 -8696.454 6401.953 3467.6 -8696.454 6381.953
1 3379.373 -8670.454 6312.158 0 0 0 50 50 2500 3467.6 -8696.454 6401.953 3467.6 -8696.454 6381.953
1 3239.689 -8573.454 6313.423 0 0 0 50 50 2500 3467.6 -8696.454 6401.953 3467.6 -8696.454 6381.953
1 3236.974 -8554.454 6448.723 0 0 0 50 50 2500 3467.6 -8696.454 6401.953 3467.6 -8696.454 6381.953
