1 105.9978 101.9999 -82.93346 0 0 0 100 100 10000 237.7232 -339 -522.395 38.02946 -65.00005 -163.9265
3 -4.6731 -318 -565.0093 0 0 0 160 120 10 3.143536 -382 -644.6471 7.681647 -655 -2877.509
1 0.094978 -30.9973 -1822.888 0 0 0 80 80 6400 -11.84876 -97.99729 -1891.596 -7.199869 -8799.996 -6543.55
1 1.255349 -1263.325 -2696.83 0 0 0 150 150 22500 -0.134752 -1236.325 -2558.709 7.229747 -1263.325 -5510.691
1 -0.762403 -1155.997 -2480.843 0 0 0 80 80 6400 -11.84876 -97.99729 -1891.596 -7.199869 -8799.996 -6543.55
1 72.88602 -1285.601 -2921.727 0 0 0 70 70 4900 116.9393 -1245.601 -2869.987 -147.5405 -1661.601 -5148.189
1 -67.77502 -1285.601 -2923.146 0 0 0 70 70 4900 -67.52255 -1245.601 -2884.019 -121.0286 -1661.601 -5198.976
3 56.4747 -872.6141 -3038.217 0 0 0 40 40 30 117.3122 -988.6141 -2974.243 22.7463 -1149.614 -2967.123
3 0.610882 -1123.614 -3233.134 0 0 0 60 70 210 1.352129 -1135.614 -3107.829 -58.09919 -1164.614 -7697.211
3 99.18808 -1137.614 -3181.275 0 0 0 40 50 30 209.9975 -1160.614 -3127.064 87.36601 -993.6141 -3176.452
3 -100.8119 -1137.614 -3181.275 0 0 0 40 50 30 -193.0025 -1160.614 -3127.064 -72.63398 -993.6141 -3176.452
3 -63.5253 -872.6141 -3038.217 0 0 0 40 40 30 -112.6879 -988.6141 -2974.243 -37.25371 -1149.614 -2967.123
3 -43.5253 -1142.614 -2988.217 0 0 0 40 40 30 -112.6879 -988.6141 -2974.243 -37.25371 -1149.614 -2967.123
3 40.4747 -1142.614 -2988.217 0 0 0 40 40 30 117.3122 -988.6141 -2974.243 22.7463 -1149.614 -2967.123
1 -790.3781 -1158.978 -4448.415 0 0 0 110 110 12100 14.93554 -1169.978 -3625.411 14.93554 -1169.978 -3645.411
3 -652.5388 -1158.978 -4446.078 0 0 0 9.999998 110 80 -600.5159 -1165.185 -4452.921 -786.324 -1160.667 -4454.019
3 2.638471 -1158.978 -3802.661 0 90 0 9.999998 110 80 -569.0041 -1165.274 -4450.378 -763.1129 -1160.84 -4451.576
3 -2.155583 -1123.614 -3529.645 0 0 0 120 70 20 10.61471 -1156.614 -3420.69 -581.7719 -1164.614 -9416.892
3 -2.708392 -1123.614 -3748.639 0 0 0 120 70 20 10.61471 -1156.614 -3420.69 -581.7719 -1164.614 -9416.892
3 -1392.908 -1005.981 -4403.257 0 0 0 260 22 110 -1372.62 -903.9809 -4477.045 -1500.13 -1019.981 -4406.151
1 -1487.969 -1063.985 -4166.158 0 0 0 143 143 20449 -1308.978 -1019.985 -4309.849 -1308.978 -1019.985 -4329.849
3 -1495.444 -913 -4295.09 0 0 0 60 20 170 -1491.158 -888 -4439.072 -1475.91 -1278 -2886.709
3 -1491.382 -792.0453 -4102.268 0 0 0 172 40 50 -1847.107 -772.8746 -4221.656 -1859.81 -771.3875 -4292.561
3 -1901.908 -754.9892 -4646.302 0 0 0 70 90 90 -1820.914 -726.9892 -4665.705 -1845.878 -745.9892 -4638.314
3 -1936.42 -670 -4499.182 0 0 0 100 20 60 -1806.846 -653 -4502.647 -2152.712 -670 -4494.746
3 -1895.459 -768.9579 -4410.963 0 0 0 70 30 110 -1888.795 -738.3273 -4471.373 -1886.325 -741.3901 -4545.222
3 -2288.479 -511.9938 -4479.993 0 0 0 9.999998 130 80 -2312.138 -281.9938 -4477.223 -2881.486 -445.9938 -4453.395
3 -2921.279 -481.9938 -4451.142 0 0 0 140.1 20 70 -2780.911 -438.9938 -4456.974 -4860.097 -579.9938 -4389.517
1 -3280.369 -548 -4443.054 0 0 0 150 150 22500 -3231.052 -574 -4444.047 -5373.339 -4703 -4458.479
1 -4084.897 -1749.76 -4470.649 0 0 0 110 110 12100 -3950.846 -1735.76 -4445.342 -6191.728 -1636.76 -4573.948
1 -4193.883 -1519.76 -4505.35 0 0 0 140 140 19600 -4044.563 -1647.76 -4641.786 -4201.017 -1585.76 -4492.688
1 -3974.604 -1451.76 -4537.33 0 0 0 90 90 8100 -3879.406 -1647.76 -4665.045 -3726.481 -1622.76 -4616.942
1 -3694.951 -1693.76 -4604.923 0 0 0 90 90 8100 -3837.957 -1814.76 -4732.503 -3840.552 -2047.76 -4645.143
1 -3741.509 -2036.76 -4647.84 0 0 0 90 90 8100 -3752.399 -1814.76 -4751.418 -3773.287 -2019.76 -4640.554
3 -3888.208 -1688 -4447.095 0 0 0 80 110 60 -3231.052 -574 -4444.047 -5373.339 -4477 -4458.479
3 -3854.656 -2022 -4637.001 0 0 0 20 50 70 -3872.531 -2033 -4644.486 -5734.536 -2073 -4635.186
1 -4001.039 -2214 -4647.807 0 0 0 150 150 22500 -4070.637 -2046 -4753.665 -4055.059 -2112 -4651.048
3 -3885.501 -2003.76 -4401.025 0 0 0 250 250 160 -3950.846 -1735.76 -4445.342 -6191.728 -1636.76 -4573.948
3 -4424.475 -2894.023 -4638.879 0 0 0 5.999998 40 70 -4531.245 -2887.023 -4705.538 -4486.542 -2908.023 -4659.286
1 -1492.388 -886 -4149.351 0 0 0 40 40 1600 -1489.557 -728 -4216.876 -1683.649 -847 -4065.491
1 -2814.987 -300.974 -4450.92 0 0 0 70 70 4900 -2724.294 -227.974 -4444.905 -3083.755 -770.9739 -4464.739
1 -1889.159 -645.0185 -4601.949 0 0 0 50 50 2500 -1887.628 -594.0185 -4632.601 -1886.869 -718.0185 -4437.035
1 -1492.983 -907.0214 -4492.964 0 0 0 30 30 900 -1494.066 -886.0214 -4512.198 -1496.919 -1150.021 -4034.866
3 -4619.843 -2914.023 -4645.124 0 0 0 176 14.10002 70 -4447.082 -2895.023 -4651.122 -5073.62 -2908.023 -4639.561
3 -4211.939 -2095 -4645.991 0 0 0 20 50 55 -3872.531 -2033 -4644.486 -5734.536 -2073 -4635.186
3 -4285.958 -2095 -4646.977 0 0 0 20 50 70 -4234.085 -2078.856 -4644.497 -4295.126 -2105.962 -4643.792
3 -4455.167 -2911.982 -4633.922 0 0 0 20 14 80 -4336.844 -2830.982 -4644.542 -4494.651 -2911.982 -4638.776
3 -4896.667 -2818.004 -4646.529 0 0 0 150 30 60 -4760.567 -2801.004 -4645.429 -7128.758 -2812.004 -4620.897
3 -5121.376 -2739.003 -4643.555 0 0 0 60 100 80 -5347.816 -2760.227 -4501.001 -5360.079 -2760.934 -4436.139
3 -5404.215 -2751.977 -4340.698 0 0 0 70 30 60 -5433.539 -2620.977 -4341.833 -4492.03 -2795.977 -4369.415
3 -5402.458 -2708.989 -4411.995 0 0 0 70 80 9.999998 -5353.324 -2757.066 -4478.686 -5360.974 -2757.273 -4412.989
1 -5579.504 -2948.31 -4375 0 0 0 240 240 57600 -5390.79 -2764.31 -4398.817 -5390.79 -2764.31 -4418.817
3 -5177.878 -2782.989 -4351.08 0 0 0 140 30 70 -5278.671 -2795.989 -4344.201 -3655.529 -2806.989 -4368.771
3 -5363.017 -2799.989 -4333.215 0 0 0 50 30 70 -5308.448 -2751.989 -4423.675 -5355.953 -2825.989 -4328.38
3 -4994.37 -2715 -4444.316 0 0 0 60 10 160 -5000.617 -2693 -4355.961 -5023.991 -2804 -5738.619
3 -5009 -2645.003 -4785.288 0 0 0 60 90 10 -5120.067 -2719.93 -4994.402 -5186.263 -2744.073 -4989.195
3 -5195.691 -2710.003 -5043.791 0 80.15625 0 60 90 10 -5144.785 -2723.498 -5005.184 -5211.483 -2748.101 -4996.986
1 -5322.001 -2747.003 -5048.586 0 0 0 113 113 12769 -5295.638 -2697.003 -5047.406 -7410.271 -4577.003 -5038.524
1 -9973.305 -6990.967 -18555.93 0 0 0 110 110 12100 -9975.095 -6965.967 -18390.32 -10000.5 -6998.967 -18770.85
3 -6310.628 -3311.042 -5051.738 0 0 0 120 20 110 -6247.239 -3294.042 -5059.852 -8144.314 -3301.042 -4977.607
3 -6160.238 -3227.003 -5051.58 0 0 0 23 113 80 -5295.638 -2697.003 -5047.406 -7410.271 -4577.003 -5038.524
3 -6566.652 -3112.997 -5049.584 0 0 0 160 20 120 -6442.739 -3077.997 -5044.082 -6823.237 -3100.997 -5037.842
3 -6515.45 -3124.998 -4835.021 0 0 0 300.1 200.1 110 -6661.868 -3100.998 -4932.042 -6661.868 -3100.998 -4952.042
3 -6398.115 -3218.979 -5049.109 0 0 0 20 10 110 -6367.745 -3077.979 -5057.382 -7954.257 -3670.979 -5012.584
3 -6658.533 -2996.004 -5007.264 0 0 0 30 10 30 -6656.633 -2675.004 -4975.248 -6662.862 -2873.004 -5157.09
3 -6673.154 -2784.004 -5145.375 0 0 0 60 10 110 -6658.132 -2777.004 -5088.251 -6666.668 -2786.004 -5280.984
1 -6657.767 -2500.004 -6050.781 0 0 0 110 110 12100 -6664.078 -2491.004 -5729.413 -6662.549 -3251.004 -6330.013
3 -6665.444 -3286.012 -6233.11 0 0 0 120 10 190 -6664.248 -3275.012 -6136.072 -6671.736 -3286.012 -7119.524
1 -6671.627 -3328.675 -6558.186 0 0 0 110 110 12100.01 -6665.036 -3366.675 -6579.769 -6663.649 -6326.675 -8094.83
3 -6665.44 -4561.227 -7466.079 0 0 0 64 70 130 -6665.09 -4513.227 -7266.566 -6660.029 -4554.227 -7598.071
1 -6664.303 -4551.675 -7232.302 0 0 0 110 110 12100.01 -6665.036 -3366.675 -6579.769 -6663.649 -6326.675 -8094.83
3 -6627.902 -4465.086 -7549.63 0 0 0 71 10 30 -6419.39 -4532.937 -7381.41 -6424.814 -4398.216 -7538.328
3 -6454.101 -4440.086 -7642.107 0 0 0 71 10 30 -6517.18 -4452.937 -7447.107 -6335.579 -4557.216 -7487.472
1 -6295.769 -4608.086 -7615.728 0 0 0 141 141 19881 -6328.071 -4566.086 -7584.166 -6333.524 -5824.086 -9299.385
3 -6461.125 -4473.086 -7644.754 0 0 0 71 10 30 -6419.39 -4532.937 -7381.41 -6424.814 -4398.216 -7538.328
3 -6345.564 -4554.086 -7417.82 0 0 0 71 60 60 -6517.18 -4452.937 -7447.107 -6335.579 -4557.216 -7487.472
3 -6334.376 -5115 -8537.267 0 0 0 130 10 80.00002 -6328.036 -5088 -8563.644 -6336.696 -5115 -10250.08
1 -6337.156 -5093.086 -8356.025 0 0 0 101 101 10201 -6328.071 -4566.086 -7584.166 -6333.524 -5824.086 -9299.385
3 -6327.424 -4760.001 -9791.951 0 0 0 61 10 160 -6316.019 -4743.001 -9617.267 -6379.74 -5095.001 -11198.84
3 -6327.45 -4608 -9932.264 0 0 0 60.00003 10 51.00001 -6326.313 -4519 -9899.222 -6333.964 -4965 -10382.85
3 -6279.597 -4572 -9989.326 0 0 0 41.00003 10 51.00001 -6310.692 -4550 -9942.38 -5536.847 -4541 -11017.94
3 -6379.597 -4572 -9989.326 0 0 0 41.00003 10 51.00001 -6334.755 -4550 -9941.592 -7285.961 -4541 -11013.94
3 -6276.069 -4529 -10056.36 0 0 0 42.00003 10 21.00001 -6310.692 -4550 -9942.38 -5536.847 -6021 -11017.94
3 -6375.772 -4530 -10056.46 0 0 0 41.00003 10 17.00001 -6334.755 -4550 -9941.592 -7285.961 -6021 -11013.94
3 -6218.379 -4506 -10097.12 0 0 0 20.00003 40.00003 60 -6223.98 -4476 -10066.19 -6278.607 -10081 -14127.64
3 -6437.476 -4529 -10087.19 0 0 0 21.00003 60 50.00001 -6429.044 -4453 -10038.73 -6300.288 -7731 -12387.62
3 -6327.743 -4512.004 -10056.16 0 0 0 12 20 16 -6328.916 -4385.004 -9986.347 -6331.662 -4500.004 -10057.93
3 -6329.986 -5123 -10833.66 0 0 0 130 20 190 -6327.942 -5102 -10809.94 -6329.279 -5115 -11849.9
3 -6325.455 -5120 -10652.9 0 0 0 110 40 30 -6323.401 -5051 -10573.03 -6322.252 -5115 -10665.98
3 -6330.391 -5107 -10027.7 0 0 0 110 10 160 -6329.158 -5100 -9937.335 -6318.708 -5110 -11879.81
3 -6326.022 -5064.987 -10246.42 0 0 0 60 10 160 -6327.708 -5057.868 -10585.76 -6322.841 -5082.332 -10690.85
3 -6277.474 -5134.048 -11147.79 0 0 0 110 50 110 -6222.451 -4847.048 -11054.45 -6405.939 -5065.048 -11357.43
3 -6093.905 -5123.048 -11148.49 0 0 0 100 200 190 -6246.026 -5079.048 -11054.13 -7070.594 -5115.048 -12050.34
3 -6222.158 -5165.002 -11045.15 0 0 0 50 60 30 -6184.814 -5079.002 -11000.78 -6234.413 -5165.002 -11062.15
3 -6431.878 -5059.008 -11165.21 0 0 0 60 20 120 -6415.991 -5046.322 -11181.39 -6416.154 -5053.575 -11254.72
3 -7274.522 -5123.008 -12020.7 0 0 0 90 20 60 -7290.038 -5105.766 -11998.75 -8385.646 -5219.979 -11971.51
3 -7519.79 -5123.008 -11959.85 0 0 0 140 20 130 -7403.487 -5101.008 -11971.21 -9286.722 -5140.008 -11846.2
1 -7335.256 -5201.988 -11961.71 0 0 0 110 110 12100 -7386.93 -5114.988 -11960.72 -7386.93 -5114.988 -11980.72
3 -6649.641 -5005.001 -11908.46 0 0 0 161 17 60 -6518.832 -5005.001 -11904.72 -8311.953 -5470.001 -11940.29
3 -7265.917 -5091.001 -11905.62 0 0 0 90 41 54 -6518.832 -5005.001 -11904.72 -8311.953 -5470.001 -11940.29
3 -7047.633 -5144.008 -11826.78 0 0 0 130 30 200 -7097.836 -5111.064 -12004.79 -7175.616 -5108.414 -12024.98
3 -1256.105 -819.9999 -4097.91 0 0 0 30 20 60 -1291.184 -808.9999 -4099.31 234.4075 -1250 -4112.099
3 -776.5454 -718.58 -4107.585 0 0 0 60 20 70 -856.4888 -689.58 -4098.986 -775.5687 -740.58 -4100.76
3 -1050.868 -641.9822 -4396.253 0 0 0 90 40 80 -1043.99 -662.9822 -4383.472 -3026.637 -669.9822 -4607.16
3 -7701.365 -5115 -11950.21 0 0 0 20 70 70 -8372.753 -5102.555 -12557.08 -8388.521 -5105.783 -12619.63
3 -8371.232 -5075 -12663.08 0 270 0 30 70 70 -8370.465 -5102.505 -12613.51 -8384.281 -5107.543 -12676.63
1 -8379.913 -5108.024 -12838.09 0 0 0 110 110 12100 -8370.364 -5212.024 -12888.63 -8396.842 -8990.025 -14683.1
3 -8373.896 -6389.222 -13776.97 0 0 0 60 40 160 -8350.476 -6340.222 -13538.08 -8366.9 -6375.222 -14081.03
1 -8380.729 -6330.024 -13522.66 0 0 0 110 110 12100 -8370.364 -5212.024 -12888.63 -8396.842 -8990.025 -14683.1
3 -8337.267 -6251.946 -13847.89 0 0 0 70 70 50 -8218.673 -6258.946 -13672.99 -8287.302 -6117.946 -13728.46
3 -8281.135 -6102.946 -13623.38 0 8.4375 0 60.00003 50 220 -8144.796 -6258.946 -13613.25 -8183.348 -6251.946 -13487.02
3 -8205.735 -6373.946 -13400.88 0 0 0 70 150 60 -8067.861 -6547.946 -13579.86 -8215.21 -6289.946 -13365.71
3 -8186.973 -6641.946 -13418.33 0 0 0 100 100 90 -8072.243 -6589.946 -13491.01 -8154.012 -6572.946 -13417.41
3 -8180.086 -6706.946 -13623.53 0 0 0 70 20 100 -8176.709 -6689.946 -13549.02 -8166.226 -6698.946 -15226.86
3 -8172.636 -6449.993 -14372.56 0 0 0 110 20 160 -8174.296 -6447.993 -14251.66 -8232.63 -6684.993 -15752.17
3 -8175.729 -6255.003 -14648.83 0 0 0 60 20 120 -8177.094 -6247.003 -14600.83 -8167.073 -6385.003 -15961.18
3 -8182.904 -6160.003 -14815.04 0 0 0 70 150 40 -8175.967 -6274.003 -14841.01 -8192.279 -7575.003 -16387.36
3 -8171.946 -6763.003 -15581.38 0 0 0 70 60 40 -8175.967 -6274.003 -14841.01 -8192.279 -7575.003 -16387.36
3 -8172.474 -6763.003 -15671.38 0 0 0 70 60 40 -8175.967 -6274.003 -14841.01 -8192.279 -7575.003 -16387.36
3 -8170.892 -6763.003 -15758.65 0 0 0 70 60 40 -8128.683 -6782.813 -15686.35 -8142.3 -6793.72 -15866.7
3 -9076.96 -6983.003 -15752.04 0 0 0 70 60 40 -9077.453 -6984.745 -15780.9 -9096.284 -7005.139 -15656.9
3 -9141.095 -7012.335 -15523.1 0 0 0 60 20 160 -9091.055 -6979.335 -15624.23 -9464.851 -7012.335 -14122.17
3 -9167.692 -6956.335 -15319.73 0 0 0 30 20 60 -9162.958 -6979.335 -15411.26 -9155.838 -6682.335 -14082.73
3 -9166.664 -6823.335 -15203.41 0 0 0 30 90 30 -9236.206 -6877.335 -15358.07 -9144.791 -6727.335 -15458.04
3 -9124.436 -6739.335 -15391.01 0 0 0 40 160 30 -9236.206 -6742.335 -15358.07 -9090.072 -6887.335 -15361.51
3 -9148.275 -6639.335 -15233.32 0 0 0 40 90 120 -9236.206 -6773.335 -15358.07 -9158.402 -6692.335 -15212.17
3 -9074.586 -6887 -15228.2 0 0 0 60 20 80 -9072.487 -6872 -15273.38 -9079.922 -6879 -13244.24
3 -9011.095 -7012.335 -15523.1 0 0 0 60 20 160 -9041.055 -6979.335 -15624.23 -8610.876 -7012.335 -14122.54
3 -8978.232 -6956.335 -15325.49 0 0 0 30 20 60 -8972.958 -6979.335 -15411.26 -9155.838 -6682.335 -14082.73
3 -8986.664 -6823.335 -15203.41 0 0 0 30 90 30 -8928.043 -6877.335 -15352.8 -8980.474 -6825.335 -15225.73
3 -9008.275 -6639.335 -15233.32 0 0 0 40 90 120 -8906.206 -6773.335 -15358.07 -9014.05 -6633.335 -15237.14
3 -9024.436 -6739.335 -15391.01 0 0 0 40 160 30 -8936.206 -6742.335 -15358.07 -9048.072 -6887.335 -15362.49
1 -9300.673 -7170 -15436.56 0 0 0 230 230 52900.03 -9094.867 -7014 -15626.03 -9094.867 -7014 -15646.03
1 -8850.673 -7170 -15436.56 0 0 0 230 230 52900.03 -9094.867 -7014 -15626.03 -9094.867 -7014 -15646.03
3 -9067.73 -6894.003 -14999.43 0 0 0 70 20 140 -9073.107 -6885.003 -15112.33 -9028.864 -7079.003 -13130.2
1 -9079.456 -6975.536 -15189.46 0 0 0 110 110 12100 -9063.55 -6896.536 -14894.27 -9063.55 -6896.536 -14914.27
1 -9088.052 -6620.114 -14692.66 0 0 0 160 160 25600.01 -9068.022 -6900.114 -14779.75 -10031.79 -7277.114 -12843.06
1 -9301.612 -6675.224 -14469.45 0 0 0 150 150 22500.01 -9259.456 -6954.224 -14482.29 -11692.29 -7960.224 -13505.83
1 -9565.523 -6697.224 -14439.07 0 0 0 120 120 14400.01 -9537.197 -6992.224 -14411.31 -12617.84 -7880.224 -14975.46
1 -9782.208 -6727.224 -14540.24 0 0 0 120 120 14400.01 -9768.003 -7009.224 -14442.17 -11420.03 -8270.224 -15892.9
1 -9932.692 -6765.224 -14722.36 0 0 0 120 120 14400.01 -9833.203 -7028.224 -14500.14 -10609.44 -8005.224 -16379.63
1 -9961.123 -7114 -15044.67 0 0 0 10 10 100 -9961.123 -7114 -15024.67 -9961.123 -7114 -15044.67
1 -9959.534 -7114 -15171.71 0 0 0 130 130 16900.01 -9980.517 -7105.787 -17434.21 -9970.13 -7095.751 -17503.51
3 -9959.378 -6989 -17571.84 0 0 0 130 160 50 -9974.025 -7063.397 -17570.15 -9961.402 -7054.453 -17651.46
3 -9940.889 -6944 -17756.5 0 0 0 130 160 80 -9975.659 -6874 -17550.97 -9990.192 -6974 -18116.31
3 -6325.543 -5106 -8824.757 0 0 0 130 9.999998 200 -6331.097 -5085.408 -8682.126 -6333.036 -4286.167 -10898.88
3 -6325.543 -5106 -9234.757 0 0 0 130 9.999998 200 -6331.097 -5085.408 -8682.126 -6333.036 -4286.167 -10898.88
3 -6325.543 -5106 -9644.757 0 0 0 130 9.999998 200 -6331.097 -5085.408 -8682.126 -6333.036 -4286.167 -10898.88
3 -6226.321 -5059.001 -11476.67 0 0 0 60 20 210 -6227.123 -5054.001 -11251.74 -6300.287 -5061.001 -13453.31
1 -6297.172 -5029.001 -11856.68 0 0 0 180 180 32400 -6425.387 -5007.616 -11867.2 -6477.652 -5008.693 -11871.95
1 -9094.313 -6920.224 -14707.3 0 0 0 150 150 22500.01 -9952.713 -7089.229 -14909.52 -9954.757 -7106.868 -15056.52
1 -9981.257 -6804.713 -14937.76 0 0 0 110 110 12100 -9971.489 -7086.713 -14806.6 -10003.89 -7354.713 -16155.3
3 -9968.005 -7314 -14815.01 0 0 0 130 130 10 -9964.782 -7093.415 -14943.85 -9958.522 -7109.255 -15091.2
3 8.281354 -404 -539.895 0 0 0 160 40 10 2.626081 -312 -387.6471 7.681647 -3185 -2877.509
1 -2009.586 -667.9799 -4499.711 0 0 0 12 12 144 -2051.434 -631.9799 -4523.897 -2005.641 -669.9799 -4492.241
3 -2074.167 -647.9938 -4495.199 0 0 0 9.999998 80 80 -2312.138 -281.9938 -4477.223 -2881.486 -445.9938 -4453.395
1 -6602.682 -3092.004 -5137.172 0 0 0 9 9 81 -6534.063 -2696.004 -5135.588 -7022.85 -3843.004 -5124.045
1 -6665.887 -2786.004 -5226.396 0 0 0 12 12 144 -6645.048 -2766.004 -5283.361 -6668.05 -2786.004 -5222.109
3 -6660.129 -2749.004 -5274.597 0 0 0 70 60 10 -6664.484 -2786.004 -5136.904 -6664.484 -2786.004 -5156.904
3 -6660.129 -2663.004 -5574.597 0 0 0 70 210 10 -6664.484 -2531.004 -5556.904 -6664.484 -3701.004 -6526.904
3 -6217.221 -4599 -10140.58 0 0 0 20.00003 50.00003 60 -6133.85 -4686 -10199.36 -6240.029 -4611 -10124.34
3 -6218.379 -4864 -10297.12 0 0 0 20.00003 50.00003 60 -6223.98 -4476 -10066.19 -6278.607 -6256 -14127.64
3 -6432.474 -4638 -10135.6 0 0 0 20.00003 120 60 -6543.85 -4686 -10199.36 -6440.029 -4611 -10124.34
3 -6449.735 -4774 -10233.11 0 0 0 21.00003 60 50.00001 -6429.044 -4453 -10038.73 -6300.288 -6026 -12387.62
3 -6330.266 -4918 -8810.458 0 0 0 60.00003 10 220 -6328.036 -5088 -8563.644 -6336.696 -5115 -10250.08
3 -6328.892 -4958 -8487.142 0 0 0 30.00003 60 10.00003 -6333.213 -4983 -8429.866 -6336.696 -3890 -10250.08
3 -6331.104 -4929 -8529.945 0 0 0 50.00003 90 10.00002 -6328.036 -5088 -8563.644 -6336.696 -5115 -10250.08
3 -9974.347 -6994 -18065.77 0 0 0 120 10 180 -9973.93 -6985 -17980.94 -10068.8 -7626 -20397.56
3 -823.4426 -671.58 -4335.336 0 0 0 100 60 130 -855.389 -666.58 -4404.643 -1041.927 -670.58 -4393.737
3 -876.2865 -784.58 -4095.151 0 0 0 60 50 70 -936.2999 -811.58 -4093.252 291.4969 -841.58 -4123.967
3 -5010.463 -2737 -4647.933 0 0 0 61 21.1 50.1 -4932.766 -2674 -4615.94 -5002.472 -2749 -4685.857
3 -1375.581 -541.9822 -4400.671 0 0 0 200 140 180 -1043.99 -662.9822 -4383.472 -3026.637 -669.9822 -4607.16
1 116.4685 -76.00005 -155.0289 0 0 0 100 100 10000 137.7231 -264 -422.395 38.02946 -65.00005 -163.9265
3 -9971.982 -6841 -18506.21 0 0 0 210 110 310 -9970.352 -6999 -18106.48 -9970.352 -6999 -18126.48
3 -6317.634 -5114.443 -9773.423 0 0 0 120 80 150 -6328.566 -5096.443 -9681.875 -6294.769 -5096.443 -11478.87
3 -4715.784 -2777.023 -4647.736 0 0 0 30 76 60 -4712.293 -2747.023 -4647.898 -5073.62 -2723.023 -4639.561
3 -6327.672 -4777 -9123.842 0 0 0 40.00003 80 9.999984 -6328.036 -5088 -8563.644 -6336.696 -5070 -10250.08
3 -4331.441 -2095 -4648.803 0 0 0 20 50 70 -4373.737 -2823.697 -4701.548 -4401.576 -2862.5 -4640.042
1 -114.0023 101.9999 -82.93346 0 0 0 100 100 10000 -362.277 -339 -522.395 38.02946 -65.00005 -163.9265
1 -103.5316 -76.00005 -155.0289 0 0 0 100 100 10000 -162.2769 -264 -422.395 38.02946 -65.00005 -163.9265
3 -1494.724 -904 -4190.223 0 0 0 70 20 50 -1491.158 -888 -4439.072 -1475.91 -1278 -2886.709
3 -8170.974 -6542 -13920.19 0 0 0 70 20 20 -8125.738 -6583 -13869.75 -8184.913 -6540 -13936.97
3 -8173.938 -6409.399 -14230.21 0 0 0 50 12 12 -8122.8 -6445 -14182.51 -8175.711 -6397 -14246.03
3 -8171.422 -6512 -13938.14 0 0 0 70 20 20 -8104.948 -6596 -13855.88 -8184.913 -6540 -13936.97
3 -8175.958 -6380 -14249.08 0 0 0 50 20 20 -8104.948 -6596 -13855.88 -8184.913 -6540 -13936.97
3 -8167.175 -6590.003 -14125.62 0 0 0 40 80 60 -8166.112 -6580.003 -13985.73 -8199.456 -6920.003 -14664.83
3 -8177.355 -6598.946 -13966.52 0 0 0 70 20 60 -8176.709 -6689.946 -13549.02 -8166.226 -6698.946 -15226.86
3 -6293.939 -3240.945 -5051.626 0 0 0 12 12 36 -6263.876 -3268.945 -5093.387 -6296.806 -3241.945 -5048.654
3 -6322.375 -5055 -8558.572 0 0 0 37 12 12 -6273.163 -5095 -8520.194 -6320.003 -5052 -8559.063
1 -6328.24 -5194 -8473.773 0 0 0 100 100 10000 -6334.438 -5115 -8490.293 -6334.438 -5115 -8510.293
1 -6446.984 -5165 -8448.232 0 0 0 100 100 10000 -6334.438 -5115 -8490.293 -6334.438 -5115 -8510.293
1 -6206.984 -5165 -8448.232 0 0 0 100 100 10000 -6334.438 -5115 -8490.293 -6334.438 -5115 -8510.293
3 -1673.526 -994.9809 -4400.309 0 0 0 30 52 113 -1757.289 -958.9809 -4401.981 -1500.13 -1149.981 -4406.151
3 -4215.361 -1797 -4639.127 0 0 0 50 80 180 -4027.875 -1646 -4638.707 -4728.338 -3263 -4631.057
3 -3031.175 -538.9938 -4448.492 0 0 0 40.1 40 63 -3033.699 -427.9938 -4520.257 -3003.512 -469.9938 -4446.993
1 -5489.434 -2837.983 -4403.838 0 0 0 130 130 16900.01 -5441.147 -2761.983 -4344.297 -5441.147 -2761.983 -4364.297
1 -5399.471 -2743.983 -4402.208 0 0 0 55.00003 55.00003 3025.003 -5441.147 -2761.983 -4344.297 -5441.147 -2761.983 -4364.297
3 -6654.007 -3142.012 -6341.842 0 0 0 100 110 50 -6664.248 -3275.012 -6136.072 -6671.736 -3286.012 -7119.524
1 -6329.863 -4943.767 -7910.263 0 0 0 150 150 22500 -6303.531 -4803.767 -7898.522 -6303.531 -4803.767 -7918.522
3 -6307.25 -4875 -9000.045 0 0 0 32.00003 12 12.1 -6266.069 -4907 -8959.739 -6302.663 -4875 -9001.775
3 -6433.382 -5055.008 -11287.77 0 0 0 60 30 30 -6426.823 -5063.388 -11249.09 -6429.357 -5064.02 -11285.64
3 -6446.97 -5055.008 -11321.84 0 0 0 70 30 20 -6428.76 -5063.388 -11277.03 -6429.357 -5064.02 -11285.64
3 -8373.454 -5075 -12728.01 0 270 0 40 70 70 -8371.059 -5109.89 -12675.68 -8371.159 -5109.349 -12694.1
1 -6393.168 -3174.945 -5048.559 0 0 0 16 16 256 -6263.876 -3268.945 -5093.387 -6296.806 -3241.945 -5048.654
3 -6310.628 -3002.042 -5051.738 0 0 0 120 20 110 -6247.239 -3294.042 -5059.852 -8144.314 -3301.042 -4977.607
3 -6397.309 -3152.908 -5116.041 0 0 0 30 50 60 -6355.785 -3076.908 -5048.376 -6562.943 -3255.908 -5049.713
3 -6397.309 -3152.908 -4979.041 0 0 0 30 50 60 -6355.785 -3076.908 -5048.376 -6562.943 -3255.908 -5049.713
3 -6335.046 -5100 -8658.545 0 0 0 130 70 60 -6337.137 -5050 -8581.104 -6338.493 -6575 -9587.161
1 -6335.688 -5188 -8591.492 0 0 0 120 120 14400 -6325.813 -5100 -8595.938 -6325.813 -5100 -8615.938
1 -6238.858 -5096.769 -9595.148 0 0 0 110 110 12100 -6326.04 -5106.769 -9505.748 -6326.04 -5106.769 -9525.748
1 -6419.004 -5096.769 -9599.304 0 0 0 110 110 12100 -6326.04 -5106.769 -9505.748 -6326.04 -5106.769 -9525.748
3 -6337.042 -5106 -9539.253 0 0 0 120 9.999998 80.00005 -6331.097 -5085.408 -8682.126 -6333.036 -4286.167 -10898.88
3 -1316.218 -778.9999 -4101.399 0 0 0 50 60 60 -1329.246 -765.9999 -4192.401 -1340.916 -824.9999 -4066.174
3 -1408.649 -778.9999 -4096.024 0 0 0 50 60 60 -1410.787 -765.9999 -4205.836 -1388.583 -824.9999 -4080.16
3 -3017.213 -438.9938 -4447.637 0 0 0 30.1 40 63 -2972.693 -465.9938 -4447.484 -3003.512 -469.9938 -4446.993
1 -3154.878 -525 -4417.267 0 0 0 150 150 22500 -3231.052 -574 -4444.047 -5373.339 -4703 -4458.479
3 -4116.302 -1916 -4665.328 0 0 0 100 20 130 -3872.531 -2033 -4644.486 -5734.536 -2073 -4635.186
1 -17.50562 -13.05992 -1347.791 0 0 0 45 45 2025 4.473774 -0.059919 -1264.179 4.473774 -0.059919 -1284.179
1 -81.83089 -13.05992 -1348.947 0 0 0 45 45 2025 4.473774 -0.059919 -1264.179 4.473774 -0.059919 -1284.179
1 41.21017 -13.05992 -1348.878 0 0 0 45 45 2025 4.473774 -0.059919 -1264.179 4.473774 -0.059919 -1284.179
3 -19.28672 -0.010897 -1374.421 0 0 0 9 61 12 -19.01767 -0.010897 -1366.265 -19.01767 -0.010897 -1386.265
3 40.71256 -0.010897 -1374.721 0 0 0 9 61 12 -19.01767 -0.010897 -1366.265 -19.01767 -0.010897 -1386.265
3 -80.22335 -0.010897 -1374.469 0 0 0 9 61 12 -19.01767 -0.010897 -1366.265 -19.01767 -0.010897 -1386.265
3 -1269.939 -960.9916 -4403.933 0 0 0 12 12 35 -1215.179 -990.9916 -4445.012 -1266.599 -961.9916 -4406.918
3 -3017.213 -438.9938 -4447.637 0 0 0 30.1 40 63 -2972.693 -465.9938 -4447.484 -3003.512 -469.9938 -4446.993
3 -3032.209 -438.9938 -4448.135 0 0 0 20.1 40 63 -3003.686 -465.9938 -4446.995 -3027.506 -469.9938 -4446.618
3 5.639226 26.99994 -1220.286 0 0 0 100 180 30.1 3.143536 -382 -644.6471 7.681647 -655 -2877.509
3 -1935.092 -726.0099 -4384.586 0 0 0 10 9.9 20 -1929.188 -730.0099 -4368.517 -1929.188 -730.0099 -4388.517
1 -6486.855 -3114.025 -4972.151 0 0 0 60 60 3600 -6512.828 -3101.025 -4974.248 -6512.828 -3101.025 -4994.248
3 -6486.609 -3077.025 -4980.436 0 298.125 0 30 60 9.999998 -6512.828 -3101.025 -4974.248 -6512.828 -3101.025 -4994.248
3 -6660.787 -3218.012 -6164.863 0 0 0 90 10 20 -6664.248 -3275.012 -6136.072 -6671.736 -3626.012 -7119.524
3 -6621.993 -3253.012 -6166.529 0 0 0 9.999998 30 20 -6664.248 -3275.012 -6136.072 -6671.736 -3286.012 -7119.524
3 -6681.993 -3253.012 -6166.588 0 0 0 9.999998 30 20 -6664.248 -3275.012 -6136.072 -6671.736 -3286.012 -7119.524
3 -6741.993 -3253.012 -6166.647 0 0 0 9.999998 30 20 -6664.248 -3275.012 -6136.072 -6671.736 -3286.012 -7119.524
1 -6741.993 -3310.012 -6166.647 0 0 0 50 50 2500 -6664.248 -3275.012 -6136.072 -6671.736 -3286.012 -7119.524
1 -6684.493 -3310.012 -6162.463 0 0 0 50 50 2500 -6664.248 -3275.012 -6136.072 -6671.736 -3286.012 -7119.524
1 -6623.773 -3310.012 -6158.441 0 0 0 50 50 2500 -6664.248 -3275.012 -6136.072 -6671.736 -3286.012 -7119.524
1 -1608.008 -1042 -4454.092 0 0 0 60 60 3600 -1574.126 -1020 -4423.917 -1574.126 -1020 -4443.917
3 -1608.008 -999 -4454.092 0 292.5 0 32 60 10 -1574.126 -1020 -4423.917 -1574.126 -1020 -4443.917
3 -8154.851 -6195.102 -14747.76 0 0 0 32 12 12 -8116.159 -6176.102 -14705.68 -8156.587 -6194.102 -14749.85
3 -8178.917 -5975.003 -14541.83 0 0 0 60 120 20 -8177.094 -5996.003 -14600.83 -8170.584 -6385.003 -14991.9
1 -7381.071 -5164.952 -11960.74 0 0 0 80.09999 80.09999 6416.01 -7406.317 -5114.952 -11935.99 -7406.317 -5114.952 -11955.99
3 -1490.433 -785 -4166.979 0 0 0 100 50 10 -1489.557 -728 -4216.876 -1683.649 -847 -4065.491
3 -6325.852 -4945.984 -9088.48 0 0 0 100 10 80 -6298.679 -4990.984 -8990.086 -6311.96 -5032.984 -9043.847
3 -5002.953 -2766.004 -4647.998 0 0 0 62 9.999998 52.09999 -4899.571 -2812.004 -4644.408 -4899.571 -2812.004 -4664.408
3 -5002.22 -2693 -4731.419 0 0 0 60 30 40.1 -5000.617 -2693 -4355.961 -5023.991 -2804 -5738.619
3 -6444.307 -4634 -9957.992 0 0 0 20 80 70 -6508.051 -4629 -9910.295 -6260.396 -4521 -10119.91
1 -4935.745 -2826.99 -4581.873 0 0 0 70 70 4900 -4772.004 -2811.99 -4626.449 -4772.004 -2811.99 -4646.449
3 -5076.397 -2516 -4640.744 0 0 0 11 54.1 70 -5056.663 -2732 -4639.088 -5087.194 -2749 -4640.436
1 -6432.117 -5007.518 -9665.456 0 0 0 10 10 100 -6462.382 -5051.518 -9417.139 -6002.673 -4975.518 -8507.402
1 -5027.556 -2818.004 -4716.446 0 0 0 60 60 3600 -5045.066 -2812.004 -4672.471 -5045.066 -2812.004 -4692.471
1 -6431.389 -4990 -9694.059 0 0 0 9.999998 9.999998 99.99998 -6508.051 -4629 -9910.295 -6260.396 -4521 -10119.91
3 -6214.307 -4634 -9957.992 0 0 0 20 80 70 -6178.051 -4629 -9910.295 -6460.396 -4521 -10119.91
1 -6225.833 -4986 -9697.105 0 0 0 9.999998 9.999998 99.99998 -6178.051 -4629 -9910.295 -6460.396 -4521 -10119.91
1 -6222.117 -5007.518 -9665.456 0 0 0 10 10 100 -6162.382 -5054.518 -9417.139 -6302.673 -5040.518 -8507.402
3 -6327.92 -4469 -8457.246 0 0 0 140 60 30 -6329.974 -4444 -8432.741 -6338.474 -4965 -9113.345
1 -6430.913 -4547.518 -8515.554 0 0 0 40 40 1600 -6462.382 -5051.518 -9417.139 -6002.673 -4975.518 -8507.402
1 -6219.86 -4537.518 -8509.36 0 0 0 30 30 900 -6162.382 -5054.518 -9417.139 -6302.673 -5040.518 -8507.402
3 -8275.686 -6432.993 -14330.6 0 0 0 20.00002 40 30.00003 -8266.286 -6447.993 -14250.87 -8232.63 -7084.993 -15752.17
3 -6327.92 -4469 -8625.246 0 0 0 50 60 140 -6329.974 -4444 -8432.741 -6274.184 -5025 -11919.95
1 -6430.913 -4547.518 -8405.554 0 0 0 40 40 1600 -6462.382 -5051.518 -9417.139 -6002.673 -4975.518 -8507.402
1 -6219.86 -4537.518 -8409.36 0 0 0 30 30 900 -6162.382 -5054.518 -9417.139 -6302.673 -5040.518 -8507.402
1 -6219.86 -5067.518 -7669.361 0 0 0 30 30 900 -6320.163 -4459.518 -8210.396 -6334.988 -4960.518 -8649.922
1 -6429.86 -5067.518 -7669.361 0 0 0 30 30 900 -6320.163 -4459.518 -8210.396 -6334.988 -4960.518 -8649.922
3 -6328.811 -4556 -9993.688 0 0 0 6.999999 5.1 49 -6331.152 -4537 -9940.514 -6401.961 -5584 -13865.91
3 -4211.939 -2188 -4795.991 0 0 0 20 150 95 -4160.701 -2138 -4818.748 -6078.492 -4873 -3678.133
3 -4211.939 -2188 -4495.991 0 0 0 20 150 95 -4159.679 -2138 -4465.289 -6195.16 -5233 -5551.507
3 -8.641373 71.99994 -1702.375 0 0 0 160 120 10 3.143536 -382 -644.6471 7.681647 -655 -2877.509
3 -1494.449 -1002.981 -4456.474 0 0 0 60.1 62 50 -1372.62 -903.9809 -4477.045 -1500.13 -1019.981 -4406.151
3 -3874.751 -1738.76 -4543.313 0 0 0 120 140 40 -3868.043 -1589.76 -4733.786 -3845.753 -1748.76 -4532.956
1 -6564.771 -3041.997 -5021.275 0 0 0 50.00003 50.00003 2500.003 -6442.739 -3077.997 -5044.082 -6823.237 -3205.997 -5037.842
1 -6632.199 -3041.997 -4998.146 0 0 0 30.00003 30.00003 900.0018 -6442.739 -3077.997 -5044.082 -6823.237 -3205.997 -5037.842
3 -8233.264 -6338.946 -13606.12 0 0 0 70 130 140 -8067.861 -6260.946 -13579.86 -8323.548 -6289.946 -13577.19
3 -6431.323 -4951.031 -10980.83 0 0 0 50 60 9.999998 -6426.838 -5041.031 -10981.23 -6430.16 -5235.031 -11378.59
3 -8163.983 -6364.946 -13774.39 0 0 0 110 100 90 -8180.638 -6260.946 -13562.27 -8248.857 -6909.946 -14518.38
3 -6329.111 -5094 -7624.647 0 0 0 95 30 30 -6328.485 -5102 -7569.149 -6332.819 -5475 -8675.838
3 -6474.675 -5082.008 -11415.72 0 0 0 110 20 120 -6893.859 -5139.54 -11663.88 -6909.54 -5153.51 -11741.75
3 -8368.833 -4919.114 -12714.93 0 0 0 80 80 70 -8308.892 -4970.114 -12677.61 -9938.097 -6110.114 -12491.36
