1 0.966061 157 0.740536 0 0 0 130 130 16900 99.74601 415 58.35479 3.540119 254 3.274796
3 776.7454 200 773.8329 0 315 0 50 30 80 795.6321 150 795.7676 748.5886 200 748.8999
1 0.966061 276 0.740536 0 0 0 150 150 22500 75.29691 180 129.9851 3.540119 254 3.274796
1 0.966061 474 0.740536 0 0 0 280 280 78400 99.74601 415 58.35479 3.540119 254 3.274796
3 858.4097 0 858.7292 0 45 0 35 15 35 910 0 910 404.9478 69.00001 400.7432
1 219.3425 227.1249 -222.7444 0 0 0 50 50 2500 210.6636 162.1249 -203.6893 210.6636 162.1249 -223.6893
1 177.4606 -39.87613 664.4398 0 0 0 40 40 1600 271.7258 -16.87613 694.3444 271.7258 -16.87613 674.3444
1 284.4606 -49.87613 664.4398 0 0 0 40 40 1600 271.7258 -16.87613 694.3444 271.7258 -16.87613 674.3444
1 228.4606 -54.87613 609.4398 0 0 0 40 40 1600 271.7258 -16.87613 694.3444 271.7258 -16.87613 674.3444
1 228.4606 -54.87613 719.4398 0 0 0 40 40 1600 271.7258 -16.87613 694.3444 271.7258 -16.87613 674.3444
1 269.7298 -54.87613 625.0818 0 0 0 40 40 1600 271.7258 -16.87613 694.3444 271.7258 -16.87613 674.3444
1 188.7531 -54.87613 624.5773 0 0 0 40 40 1600 271.7258 -16.87613 694.3444 271.7258 -16.87613 674.3444
1 190.5479 -56.87613 703.4531 0 0 0 40 40 1600 271.7258 -16.87613 694.3444 271.7258 -16.87613 674.3444
1 271.2962 -56.87613 703.9791 0 0 0 40 40 1600 271.7258 -16.87613 694.3444 271.7258 -16.87613 674.3444
1 262.8546 173.1249 -186.1406 0 0 0 50 50 2500 210.6636 162.1249 -203.6893 210.6636 162.1249 -223.6893
1 229.1181 108.1249 -226.2677 0 0 0 60 60 3600 210.6636 162.1249 -203.6893 210.6636 162.1249 -223.6893
1 188.3785 173.1249 -262.924 0 0 0 50 50 2500 210.6636 162.1249 -203.6893 210.6636 162.1249 -223.6893
3 880.3173 72.00534 857.9727 0 45 0 90 9.999998 50 872.0184 70.00534 887.9791 872.0184 70.00534 867.9791
1 1510.052 -37 419.5008 0 0 0 20 20 400 1558.063 -13 420.626 1145.828 -5 420.2568
1 306.8758 171 308.8231 0 0 0 60 60 3600 337.8689 79.99455 365.7315 261.7377 100.7343 283.0825
1 328.0674 171 329.7332 0 0 0 60 60 3600 337.8689 79.99455 365.7315 261.7377 100.7343 283.0825
1 230.0387 240 231.3165 0 0 0 60 60 3600 337.8689 79.99455 365.7315 261.7377 100.7343 283.0825
1 236.1505 129 233.4705 0 0 0 30 30 900 337.8689 79.99455 365.7315 261.7377 100.7343 283.0825
1 363.1552 103 292.3578 0 0 0 40 40 1600 337.8689 79.99455 365.7315 261.7377 100.7343 283.0825
1 297.716 103 367.7249 0 0 0 40 40 1600 337.8689 79.99455 365.7315 261.7377 100.7343 283.0825
1 284.5645 109 325.6749 0 0 0 11 11 121 292.9117 55 317.3483 292.9117 55 297.3483
1 279.3938 172 239.4706 0 0 0 9 9 81 292.9117 55 317.3483 292.9117 55 297.3483
3 981.8854 0 715.0001 0 0 0 50 50 14 983.005 -30 779.4355 983.005 -30 759.4355
3 719.4334 13 980.4344 0 0 0 14 60 78 758.3521 -30 1002.202 758.3521 -30 982.202
3 747.054 65 746.7209 0 45 0 40 50 15 775.0942 20 800.102 775.0942 20 780.102
3 559.9953 75 561.9537 0 45 0 60 70 14 775.0942 20 800.102 775.0942 20 780.102
3 709.4374 60 637.9671 0 315 0 50 50 11 775.0942 20 800.102 775.0942 20 780.102
3 232.6146 144.4361 232.341 0 45 0 70 70 13 262.9245 96.4361 325.3511 262.9245 96.4361 305.3511
3 333.1873 144.4361 331.0139 0 45 0 70 70 17 262.9245 96.4361 325.3511 262.9245 96.4361 305.3511
3 283.9166 146 281.9919 0 315 0 46 70 50 337.8689 79.99455 365.7315 261.7377 100.7343 283.0825
3 232.7829 186 -232.0714 0 45 0 11 90.02 58 202.7897 150 -177.9785 202.7897 150 -197.9785
3 -231.1854 27 233.2078 0 315 0 40 30 15 -218.7659 0 227.6138 -218.7659 0 207.6138
3 569.201 79 -551.7648 0 315 0 50 80 12 533.6304 20 -516.6855 533.6304 20 -536.6855
3 746.3386 54 -745.463 0 315 0 50 40 12 533.6304 20 -516.6855 533.6304 20 -536.6855
3 638.9603 54 -711.0302 0 225 0 50 40 12 533.6304 20 -516.6855 533.6304 20 -536.6855
1 447.3703 18 -561.3101 0 0 0 70 70 4900 505.0308 20 -502.1846 505.0308 20 -522.1846
3 866.7925 0 -866.0842 0 315 0 30 15 24 907.0024 3 -909.695 320.4265 50 -320.1187
3 714.2593 12 -981.6187 0 0 0 17 60 50 769.3125 -30 -966.0233 769.3125 -30 -986.0233
1 952.063 -23 -952.4326 0 0 0 33 33 1089 845.7192 -30 -940.3008 845.7192 -30 -960.3008
1 862.1213 -30 -1033.748 0 0 0 50 50 2500 862.934 -30 -914.4727 862.934 -30 -934.4727
1 1031.944 -30 -852.2313 0 0 0 50 50 2500 862.934 -30 -914.4727 862.934 -30 -934.4727
3 980.5901 16 -714.4136 0 0 0 50 50 15 980.5749 -30 -584.0535 980.5749 -30 -604.0535
3 980.5901 52 -590.4136 0 0 0 70 90 12 980.5749 -30 -584.0535 980.5749 -30 -604.0535
3 980.5901 131 -420.4137 0 0 0 70 50 12 980.5749 -30 -584.0535 980.5749 -30 -604.0535
1 927.1055 109 -362.4465 0 0 0 20 20 400 968.3493 80 -346.3494 968.3493 80 -366.3494
1 972.7083 -100 -627.8655 0 0 0 100 100 10000 973.8604 -30 -628.8323 973.8604 -30 -648.8323
3 983.0663 -66 -496.9595 0 0 0 80 38 100 995.1324 -70 -459.5635 995.1324 -70 -479.5635
3 1452.163 12 -419.6986 0 0 0 12 50 100 1430.558 -30 -436.3941 1430.558 -30 -456.3941
3 1401.685 12.99989 -287.9502 0 0 0 60 50 13 1398.573 -30.00011 -120.4478 1398.573 -30.00011 -140.4478
3 1401.685 12.99989 -164.9502 0 0 0 60 50 13 1398.573 -30.00011 -120.4478 1398.573 -30.00011 -140.4478
3 1401.685 12.99989 165.0498 0 0 0 60 50 13 1398.573 -30.00011 -120.4478 1398.573 -30.00011 -140.4478
3 1401.685 12.99989 285.0498 0 0 0 60 50 13 1398.573 -30.00011 -120.4478 1398.573 -30.00011 -140.4478
3 1451.685 12.99989 420.0499 0 270 0 60 50 13 1398.573 -30.00011 -120.4478 1398.573 -30.00011 -140.4478
1 1318.543 -30 342.5348 0 0 0 80 80 6400 1385.751 -30 428.7832 1385.751 -30 408.7832
1 1318.543 -30 502.5348 0 0 0 80 80 6400 1385.751 -30 428.7832 1385.751 -30 408.7832
1 1318.543 -30 -337.4652 0 0 0 80 80 6400 1385.751 -30 428.7832 1385.751 -30 408.7832
1 1318.543 -30 -507.4653 0 0 0 80 80 6400 1385.751 -30 428.7832 1385.751 -30 408.7832
1 1034.657 -30 847.5414 0 0 0 50 50 2500 961.9924 -30 884.1926 961.9924 -30 864.1926
1 839.0398 -30 1034.161 0 0 0 50 50 2500 961.9924 -30 884.1926 961.9924 -30 864.1926
1 952.5396 -29 951.7151 0 0 0 40 40 1600 961.9924 -30 884.1926 961.9924 -30 864.1926
3 598.9434 13 984.3781 0 0 0 13 60 58 758.3521 -30 1002.202 758.3521 -30 982.202
1 487.4989 -28.00001 845.6992 0 0 0 140 140 19600 410.7885 -30.00001 940.5938 410.7885 -30.00001 920.5938
1 -512.5014 -28.00001 845.6992 0 0 0 140 140 19600 410.7885 -30.00001 940.5938 410.7885 -30.00001 920.5938
3 290.2659 -38.00001 725.8803 0 0 0 130 102 12 349.2766 -30.00001 778.1287 349.2766 -30.00001 758.1287
3 289.9302 15 664.7816 0 0 0 11 60 60 320.6044 -30 676.0466 320.6044 -30 656.0466
3 168.0384 -93 782.9511 0 0 0 13 60 70 320.6044 -30 676.0466 320.6044 -30 656.0466
3 -166.8149 -79 786.4459 0 0 0 16 60 60 -219.7186 -130 792.4588 -219.7186 -130 772.4588
3 -292.832 -28 726.2321 0 90 0 13 120 131 -219.7186 -130 792.4588 -219.7186 -130 772.4588
3 -289.832 10 666.2321 0 180 0 11 49.99997 60.99997 -219.7186 -130 792.4588 -219.7186 -130 772.4588
3 -600.6988 6.999989 979.3391 0 0 0 11 50 50 -570.1116 -30.00001 1002.769 -570.1116 -30.00001 982.7693
3 -719.6988 6.999989 979.3391 0 0 0 11 50 50 -570.1116 -30.00001 1002.769 -570.1116 -30.00001 982.7693
1 -952.6985 -35 951.2083 0 0 0 42 42 1764 -848.7791 -30 969.8334 -848.7791 -30 949.8334
1 -855.7351 -35 1030.164 0 0 0 52 52 2704 -848.7791 -30 969.8334 -848.7791 -30 949.8334
1 -1033.706 -35 859.5365 0 0 0 52 52 2704 -848.7791 -30 969.8334 -848.7791 -30 949.8334
3 -865.015 -1 865.2128 0 315 0 35 15 26 -908.8177 -10 908.7814 -334.0373 110 344.721
1 -981.4769 170.4792 805.0273 0 0 0 140 140 19600 -930.2856 56.47923 832.226 -930.2856 56.47923 812.226
3 -982.0339 18 709.9547 0 0 0 60 60 16 -983.358 -30 765.2941 -983.358 -30 745.2941
3 -981.0186 18 589.9547 0 0 0 60 60 11 -983.358 -30 765.2941 -983.358 -30 745.2941
3 -981.0186 -92.00001 469.9547 0 0 0 60 60 11 -983.358 -30 765.2941 -983.358 -30 745.2941
1 -1033.201 -130 373.0674 0 0 0 40 40 1600 -1012.045 -130 433.7306 -1012.045 -130 413.7306
1 -979.678 8 533.2115 0 0 0 9.999998 9.999998 99.99998 -978.9726 2 511.4482 -987.1431 -113 1325.547
3 -979.9561 -40 532.3153 0 0 0 50 4.999999 50 -966.6002 -116 567.4277 -982.1391 -46 526.0331
1 -979.4097 -133 534.2183 0 0 0 30 30 900 -979.4097 -130 554.2183 -979.4097 -130 534.2183
1 -923.3389 69.80476 923.1968 0 0 0 10 10 100 -984.8104 0.804764 925.2808 -920.0298 67.80476 920.5997
3 -747.6685 62 745.2949 0 315 0 60 50 13 -710.9263 20 745.582 -710.9263 20 725.582
3 -519.0339 62 516.9409 0 315 0 60 50 11 -710.9263 20 745.582 -710.9263 20 725.582
3 -624.6218 62 552.5872 0 225 0 60 50 11 -710.9263 20 745.582 -710.9263 20 725.582
3 -292.6556 113 290.5161 0 315 0 60 50 11 -303.9759 80 319.2405 -303.9759 80 299.2405
1 -308.2278 56 309.7687 0 0 0 50 50 2500 -313.5639 80 333.6795 -313.5639 80 313.6795
1 -0.00883 -33 312.1655 0 0 0 70 70 4900 -27.61666 0 340.1506 -27.61666 0 320.1506
1 -0.00883 -33 -317.8347 0 0 0 70 70 4900 -27.61666 0 340.1506 -27.61666 0 320.1506
1 -320.0089 -33 2.165422 0 0 0 70 70 4900 -27.61666 0 340.1506 -27.61666 0 320.1506
1 319.9911 -33 2.165422 0 0 0 70 70 4900 -27.61666 0 340.1506 -27.61666 0 320.1506
1 -0.013439 43 -0.072362 0 0 0 180 180 32400 99.74601 415 58.35479 3.540119 254 3.274796
3 810.361 151 810.7564 0 315 0 80 30 120 825.6321 130 825.7676 773.3445 135 776.9125
3 828.0289 102 833.0643 0 315 0 110 30 150 835.6321 100 835.7676 792.0313 99 789.1212
3 790.9998 112 789.8744 0 45 0 40 30 55 825.9791 148 827.3653 687.2171 -100 687.965
1 0.966061 84 0.740536 0 0 0 140 140 19600 99.74601 415 58.35479 3.540119 254 3.274796
3 256.8462 208.9909 -254.388 0 45 0 30 20 40 246.6683 167.9909 -246.4315 242.0962 202.9909 -242.5974
1 729.8705 21 615.6559 0 0 0 30 30 900 654.6219 20 648.4218 654.6219 20 628.4218
3 735.8604 86 608.0947 0 45 0 33 30 40 730.8655 55 620.5558 755.8502 70 609.8832
3 735.8604 59 608.0947 0 45 0 33 9.999998 40 730.8655 55 620.5558 755.8502 70 609.8832
3 -780.3295 201 780.0502 0 45 0 41 30 72 -790.425 148 790.5891 -759.7295 194 761.8386
3 -805.7964 149 803.9426 0 45 0 81 30 112 -828.3582 118 828.6192 -814.0736 147 718.7971
3 -780.3295 120 780.0502 0 45 0 41 30 32 -790.425 148 790.5891 -575.6846 -294 575.8773
3 -827.0295 101 822.5903 0 45 0 101 30 152 -843.4097 68 843.2631 -941.9106 66 939.1104
1 -230.0031 0.964851 664.9962 0 0 0 10 10 100 -198.3406 11.96485 664.4518 -1208.097 290.9648 692.7488
3 -0.754849 -67.00011 878.2685 0 0 0 170 90 50 -26.24853 -130.0001 792.6105 -26.24853 -130.0001 772.6105
3 -0.7548479 -67.00011 688.2685 0 0 0 170 90 50 -26.24853 -130.0001 792.6105 -26.24853 -130.0001 772.6105
1 229.9968 6.102032 665.0015 0 0 0 10 10 100 206.1803 19.10203 666.2813 756.377 29.10204 658.3934
1 611.0696 20 -736.0605 0 0 0 30 30 900 620.6149 20 -705.0815 620.6149 20 -725.0815
3 611.0696 80 -736.0605 0 315 0 40 20 40 615.5405 57 -728.3021 588.8425 88 -755.9373
3 783.158 199.3458 -781.625 0 45 0 40 30 75 800.4351 152.3458 -800.1955 757.067 205.3458 -757.627
3 803.158 150.3458 -801.625 0 45 0 80 30 115 820.4351 142.3458 -820.1955 757.067 150.3458 -757.627
3 833.158 99.34577 -831.625 0 45 0 120 30 155 840.4351 62.34578 -840.1955 757.7267 97.34577 -941.4186
3 783.158 94.34577 -781.625 0 45 0 40 30 25 800.4351 152.3458 -800.1955 707.4946 16.34578 -707.941
3 798.058 140.3458 -795.1449 0 45 0 20 20 25 800.4351 152.3458 -800.1955 707.4946 16.34578 -707.941
1 -167.2745 -46.98714 664.1561 0 0 0 60 60 3600 -230.0031 12.01286 684.9962 -230.0031 12.01286 664.9962
3 278.6325 171.5738 277.0311 0 45 0 39.99999 39.99999 10 250.1401 140.5738 250.1459 281.8292 165.5738 277.3899
3 -171.7785 -27 1318.936 0 0 0 140 20 130 -161.0812 63 1304.946 -161.3383 -449 1422.696
1 -847.8563 22 752.618 0 0 0 30 30 900 -836.8269 20 853.195 -836.8269 20 833.195
1 -805.6346 170.4792 982.1329 0 0 0 140 140 19600 -930.2856 56.47923 832.226 -930.2856 56.47923 812.226
1 -756.6757 20 848.7197 0 0 0 30 30 900 -836.8269 20 853.195 -836.8269 20 833.195
3 -282.6321 146 -0.784655 0 0 0 9.999998 200 190 -227.9995 100 -12.69131 -227.9995 100 -32.69131
3 282.7061 186 3.20102 0 0 0 9.999998 200 180 -227.9995 100 -12.69131 -227.9995 100 -32.69131
3 -17.63219 186 -282.7847 0 270 0 9.999998 200 190 -227.9995 100 -12.69131 -227.9995 100 -32.69131
3 -17.63219 186 282.2154 0 270 0 9.999998 200 190 -227.9995 100 -12.69131 -227.9995 100 -32.69131
1 -106.2384 210.99 106.2322 0 0 0 20 20 400 -104.5615 224.99 127.4654 -104.5615 224.99 107.4654
3 811.7703 189 811.5588 22.5 315 337.5 80 30 60 840.21 20 861.2609 840.21 20 841.2609
3 448.9317 150.9255 889.6173 0 0 0 160 110 160 425.2364 59.92545 945.873 425.2364 59.92545 925.873
3 291.5732 127 657.2807 0 0 0 130 110 70 189.3932 -30 696.1208 189.3932 -30 676.1208
3 -451.0685 150.9255 889.6173 0 0 0 160 110 160 425.2364 59.92545 945.873 425.2364 59.92545 925.873
3 -288.4269 127 657.2807 0 0 0 130 110 70 189.3932 -30 696.1208 189.3932 -30 676.1208
3 1406.707 141.0453 3.437492 0 0 0 90 110 170 1475.002 36.04528 22.44039 1475.002 36.04528 2.440386
1 880.7322 165.623 882.2131 0 0 0 40 40 1600 830.004 150.623 830.892 896.1403 144.623 896.9668
1 931.1857 110.623 934.8855 0 0 0 40 40 1600 870.004 100.623 870.892 943.54 94.62301 944.3215
1 -227.1766 68.64215 225.5155 0 0 0 50 50 2500 -220.2027 -0.357845 261.1252 -220.2027 -0.357845 241.1252
1 -445.2054 95 538.9131 0 0 0 40 40 1600 -501.7842 100 532.2867 -501.7842 100 512.2867
1 -537.8141 95 457.0744 0 0 0 40 40 1600 -501.7842 100 532.2867 -501.7842 100 512.2867
1 273.9618 174 -232.7472 0 0 0 10 10 100 256.0947 150 -220.3413 256.0947 150 -240.3413
1 235.078 174 -276.1694 0 0 0 10 10 100 256.0947 150 -220.3413 256.0947 150 -240.3413
3 653.6726 41 -978.8166 0 0 0 60 20 60 660.5731 -0.999999 -980.041 612.2034 30 -979.2494
3 598.177 1E-06 1739.629 0 0 0 70 38 60 108.7781 0 1271.044 108.7781 0 1251.044
3 601.177 110 1749.629 0 0 0 60 28 90 108.7781 0 1271.044 108.7781 0 1251.044
1 194.9807 -14.87508 -196.1161 0 0 0 60 60 3600 210.6636 162.1249 -203.6893 210.6636 162.1249 -223.6893
1 105.8247 195.2543 -106.3633 0 0 0 30 30 900 106.6636 153.2543 -93.57281 106.6636 153.2543 -113.5728
3 358.979 80 -362.0327 0 45 0 20 10 50 386.714 80 -363.113 386.714 80 -383.113
3 260.8977 149 -264.7995 0 45 0 20 10 50 386.714 80 -363.113 386.714 80 -383.113
3 446.0078 231.0313 -444.0279 0 45 0 170 110 80 484.5386 121.0313 -423.555 484.5386 121.0313 -443.555
3 832.4872 188 -838.5969 337.5 315 337.5 70 40 80 841.5352 20 -824.5515 841.5352 20 -844.5515
1 863.3151 26 -1032.203 0 0 0 30 30 900 877.8195 -30 -956.027 877.8195 -30 -976.027
3 982.8837 42.60179 -649.8939 0 0 0 60 30 60 980.561 0.601789 -650.3604 982.4504 42.60179 -606.463
3 983.0663 145 -536.9595 337.5 0 0 80 38 80 995.1324 -70 -459.5635 995.1324 -70 -479.5635
1 -917.4423 -45.19523 912.3097 0 0 0 50 50 2500 -875 84.80476 895 -875 84.80476 875
1 -980.2079 -42 599.9838 0 0 0 50 50 2500 -972.8438 -30 651.0169 -972.8438 -30 631.0169
3 -985.233 71.20688 648.4156 0 0 0 60 60 60 -1030 35.20688 653.2673 -1030 35.20688 633.2673
1 -984.848 -57.79311 641.4263 0 0 0 60 60 3600 -1030 35.20688 653.2673 -1030 35.20688 633.2673
3 -161.7785 -21 1328.936 0 0 0 100 20 110 -161.0812 63 1304.946 -161.3383 -449 1422.696
3 -357.7785 72 1328.936 0 0 0 100 120 150 -161.0812 63 1304.946 -161.3383 -449 1422.696
3 -11.77853 72 1328.936 0 0 0 50 120 150 -161.0812 63 1304.946 -161.3383 -449 1422.696
3 -161.7785 72 1478.936 0 270 0 50 120 150 -161.0812 63 1304.946 -161.3383 -449 1422.696
3 -161.7785 72 1178.936 0 270 0 50 120 150 -161.0812 63 1304.946 -161.3383 -449 1422.696
3 616.1094 47 505.6063 0 0 0 50 40 30 506.6791 20 524.187 506.6791 20 504.187
3 509.1095 47 616.6063 0 270 0 50 40 30 506.6791 20 524.187 506.6791 20 504.187
3 306.9288 138.5738 305.6014 0 45 0 39.99999 20.1 40.1 300.1401 100.5738 300.146 320.251 126.5738 295.1649
3 -220.0923 12 221.0067 0 315 0 20 30 10 -180.7936 0 246.9165 -180.7936 0 226.9165
1 1503.061 -46 -420.3805 0 0 0 40 40 1600 1430.3 -30 -405.3069 1430.3 -30 -425.3069
1 717.8386 -41 903.2376 0 0 0 80 80 6400 761.0843 -30 957.6246 761.0843 -30 937.6246
1 807.8923 -73 804.8889 0 0 0 120 120 14400 791.2842 -25 919.1139 791.2842 -25 899.1139
1 1399.036 -35 636.3465 0 0 0 40 40 1600 1411.501 -30 635.2289 1411.501 -30 615.2289
1 978.6569 -46 621.4995 0 0 0 40 40 1600 980 -30 651.6949 980 -30 631.6949
3 1256.707 46.04528 3.437492 0 0 0 100 110 170 1475.002 36.04528 22.44039 1475.002 36.04528 2.440386
3 1546.707 46.04528 3.437492 0 0 0 100 110 170 1475.002 36.04528 22.44039 1475.002 36.04528 2.440386
1 1400.171 -43 -641.5428 0 0 0 40 40 1600 1397.345 -30 -587.8979 1397.345 -30 -607.8979
1 980 66 -316.3252 0 0 0 40 40 1600 980 80 -296.3252 980 80 -316.3252
1 605.9822 -44 -978.358 0 0 0 40 40 1600 649.053 -30 -976.8431 649.053 -30 -996.8431
1 650.2562 -14 -979.9521 0 0 0 13 13 169 625.6406 -30 -970.5339 625.6406 -30 -990.5339
3 616.3334 48 -509.713 0 0 0 50 70 30 539.9485 20 -472.3082 539.9485 20 -492.3082
3 -286.2024 86 240.4366 0 315 0 9.999998 70 40 -250.9695 35 250.5678 -265.1194 37 264.1632
3 -286.2024 128 240.4366 0 315 0 9.999998 70 40 -250.9695 65 250.5678 -281.3495 80 281.4292
3 -240.6659 86 286.8198 0 315 0 9.999998 70 40 -250.9695 35 250.5678 -265.1194 37 264.1632
3 -238.9203 128 285.0392 0 315 0 9.999998 70 40 -250.9695 65 250.5678 -281.3495 80 281.4292
3 -286.227 49 284.293 0 45 0 9.999998 30 40 -250.9695 35 250.5678 -265.1194 37 264.1632
3 -402.117 190.664 402.7291 0 315 0 100 70 160 -398.3935 133.664 464.8472 -398.3935 133.664 444.8472
3 -562.7312 30 460.2079 0 354.375 0 40 60.00002 34 -492.9908 20 502.2772 -492.9908 20 482.2772
3 -458.1349 30 561.4266 0 95.625 0 40 60.00002 34 -492.9908 20 502.2772 -492.9908 20 482.2772
1 179.5037 -106 663.771 0 0 0 16 16 256 218.0705 -130 662.294 218.0705 -130 642.294
1 -213.2638 -53.99458 704.5336 0 0 0 30 30 900 -230.0031 -7.994583 684.9962 -230.0031 -7.994583 664.9962
1 -209.1711 -53.99458 626.2737 0 0 0 30 30 900 -230.0031 -7.994583 684.9962 -230.0031 -7.994583 664.9962
3 -663.4764 31.26061 981.7452 0 0 0 60 20 70 -660.019 -3.739388 980.3147 -661.6384 30.26061 934.6844
1 -658.2503 11 894.0359 0 0 0 50 50 2500 -666.773 -30 960.2906 -666.773 -30 940.2906
1 -930.6513 122.0001 931.6522 0 0 0 50 50 2500 -860.1213 100.0001 860.5099 -942.787 90.00007 943.9264
1 -881.0078 180 879.5674 0 0 0 50 50 2500 -820.1213 140.0001 820.5099 -942.787 185 943.9264
1 929.0676 122.0001 -930.6403 0 0 0 50 50 2500 870.4875 95.00007 -870.9477 931.1765 90.00007 -949.3975
1 880.2074 173 -877.9093 0 0 0 50 50 2500 820.4875 145.0001 -820.9477 931.1765 160 -949.3975
3 648.9152 108.4967 -647.7245 0 45 0 130 50 70 602.6709 70.49675 -639.2437 602.6709 70.49675 -659.2437
1 -793.0115 -82 795.3199 0 0 0 140 140 19600 -886.0177 -25 755.6999 -886.0177 -25 735.6999
1 -813.8441 63.88284 854.1694 0 0 0 13 13 169 -851.2704 31.88284 916.3243 -851.2704 31.88284 896.3243
1 -857.0256 63.88284 811.7448 0 0 0 13 13 169 -851.2704 31.88284 916.3243 -851.2704 31.88284 896.3243
1 813.6523 159 994.3262 0 0 0 140 140 19600 927.5255 -30 983.1916 927.5255 -30 963.1916
1 993.384 159 817.2798 0 0 0 140 140 19600 927.5255 -30 983.1916 927.5255 -30 963.1916
1 860.0628 57.24302 823.275 0 0 0 14 14 196 879.6683 19.24302 882.1447 879.6683 19.24302 862.1447
1 821.8232 59.24302 858.9376 0 0 0 14 14 196 879.6683 19.24302 882.1447 879.6683 19.24302 862.1447
3 657.4967 32 978.7119 0 0 0 60 20 60 660.3009 4.000001 980.3346 663.1503 40 939.3698
3 1403.366 149.6373 481.7553 0 0 0 70 100 210 1330.932 43.63734 400 1330.932 43.63734 380
1 1203.969 -9 -417.7627 0 0 0 10 10 100 1165.12 -30 -398.2045 1165.12 -30 -418.2045
3 1403.366 149.6373 -478.245 0 0 0 70 100 210 1330.932 43.63734 400 1330.932 43.63734 380
1 982.6343 142 -811.7625 0 0 0 130 130 16900 881.1371 -25 -872.6902 881.1371 -25 -892.6902
1 808.2833 142 -968.6163 0 0 0 130 130 16900 881.1371 -25 -872.6902 881.1371 -25 -892.6902
1 -106.2384 186.99 106.2322 0 0 0 20 20 400 -104.5615 224.99 127.4654 -104.5615 224.99 107.4654
1 -333.8786 -6.999992 -80.68353 0 0 0 50 50 2500 -321.8569 27.00001 -44.57426 -321.8569 27.00001 -64.57426
1 -333.8786 -6.999992 82.31647 0 0 0 50 50 2500 -321.8569 27.00001 -44.57426 -321.8569 27.00001 -64.57426
1 1366.088 -8.000107 -0.527375 0 0 0 10 10 100 1373.255 -30.00011 27.86762 1373.255 -30.00011 7.867621
3 1298.177 1E-06 1739.629 0 0 0 70 38 60 108.7781 0 1271.044 108.7781 0 1251.044
3 1301.177 110 1749.629 0 0 0 60 28 90 108.7781 0 1271.044 108.7781 0 1251.044
1 1330.759 -48.00011 0.62199 0 0 0 50 50 2500 1330.759 -30.00011 20.62199 1330.759 -30.00011 0.62199
1 372.9044 104 374.6298 0 0 0 10 10 100 362.3595 80 381.5392 362.3595 80 361.5392
1 452.0824 142 -452.1295 0 0 0 53 53 2809 452.0824 130 -432.1295 452.0824 130 -452.1295
1 452.0824 142 -452.1295 0 0 0 73 73 5329 452.0824 130 -432.1295 452.0824 130 -452.1295
1 444.8864 37 -445.1855 0 0 0 53 53 2809 452.0824 130 -432.1295 452.0824 130 -452.1295
1 444.8864 37 -445.1855 0 0 0 73 73 5329 452.0824 130 -432.1295 452.0824 130 -452.1295
3 978.7513 40.60148 651.6144 0 0 0 60 20 70 977.5881 23.60148 720.0002 977.5881 23.60148 700.0002
3 -231.5121 -153.4472 -230.7051 0 45 0 140 130 9.999998 -217.8463 -143.4472 -187.9239 -217.8463 -143.4472 -207.9239
3 -354.6286 -65.43598 -355.1984 0 315 0 170 100 100 -288.6159 -146.436 -262.1401 -288.6159 -146.436 -282.1401
3 -599.53 -65.43598 -604.5327 0 315 0 170 100 100 -288.6159 -146.436 -262.1401 -288.6159 -146.436 -282.1401
1 -474.2469 -238.9662 -473.8962 0 0 0 55 55 3025 -436.1349 -214.9662 -414.6133 -436.1349 -214.9662 -434.6133
3 -756.5249 155.8863 -758.7532 0 45 0 80 40 50 -770.0175 90.88631 -770.0228 -722.9579 136.8863 -732.762
3 -777.0551 103.8863 -781.1588 0 45 0 110 40 90 -810.0175 70.88631 -810.0228 -745.1776 65.88631 -744.9081
3 -802.1117 55.88632 -806.4494 0 45 0 150 40 120 -820.0175 20.88632 -820.0228 -845.3297 43.88632 -887.8718
1 -910.655 62.88632 -911.3827 0 0 0 50 50 2500 -840.0175 50.88632 -840.0228 -907.2 41.88632 -906.6637
1 -850.1218 117.8863 -851.9681 0 0 0 50 50 2500 -800.0175 100.8863 -800.0228 -857.0831 87.88631 -858.8118
1 -899.558 15 -899.558 0 0 0 10 10 100 -880.6989 -68 -880.9471 -899.558 -79 -899.558
1 -899.558 -106 -899.558 0 0 0 60 60 3600 -899.558 -85 -879.558 -899.558 -85 -899.558
1 -822.4025 -94 -820.3661 0 0 0 80 80 6400 -839.1176 -65 -822.1221 -839.1176 -65 -842.1221
1 -932.7071 -216.919 -929.3715 0 0 0 50 50 2500 -960.7933 -133.919 -950.4002 -960.7933 -133.919 -970.4002
1 -1024.886 -85 -821.5768 0 0 0 60 60 3600 -968.9365 -85 -847.3836 -968.9365 -85 -867.3836
1 -830.3847 -85 -1022.841 0 0 0 60 60 3600 -968.9365 -85 -847.3836 -968.9365 -85 -867.3836
1 -925.0583 -89 -924.3937 0 0 0 40 40 1600 -968.9365 -85 -847.3836 -968.9365 -85 -867.3836
1 -721.1063 -64.76561 -822.6351 0 0 0 50 50 2500 -774.3292 -50.76561 -750.0262 -774.3292 -50.76561 -770.0262
1 -821.1063 -64.76561 -722.6351 0 0 0 50 50 2500 -774.3292 -50.76561 -750.0262 -774.3292 -50.76561 -770.0262
1 -717.5092 -64.76561 -719.7203 0 0 0 70 70 4900 -774.3292 -50.76561 -750.0262 -774.3292 -50.76561 -770.0262
1 -979.7813 -134 273.3816 0 0 0 40 40 1600 -971.0236 -130 371.5503 -971.0236 -130 351.5503
3 -195.4966 -25.55611 -195.7312 0 315 0 30 20 30 -180.4815 44.44389 -182.3141 -310.4308 -559.556 -310.7166
3 -277.9807 -191.0442 -429.1616 0 45 0 60 80 180 -300.0234 -181.0442 -317.9997 -300.0234 -181.0442 -337.9997
3 -425.4687 -191.0442 -274.6714 0 45 0 60 80 180 -300.0234 -181.0442 -317.9997 -300.0234 -181.0442 -337.9997
3 -511.2991 -191.0442 -664.5271 0 45 0 60 80 180 -300.0234 -181.0442 -317.9997 -300.0234 -181.0442 -337.9997
3 -666.6211 -191.0442 -514.4 0 45 0 60 80 180 -300.0234 -181.0442 -317.9997 -300.0234 -181.0442 -337.9997
3 -195.4966 -61.55611 -195.7312 0 315 0 40 30 40 -183.6689 -51.55611 -182.9045 -310.4308 -1734.556 -310.7166
3 -831.5999 103.8863 -835.5062 0 45 0 100 40 40 -790.0175 70.88631 -790.0228 -745.1776 65.88631 -744.9081
1 -981.375 -107 478.2525 0 0 0 30 30 900 -979.4097 -130 554.2183 -979.4097 -130 534.2183
3 1322.812 11.99989 0.027389 0 0 0 20 40 40 1375.852 -30.00011 -37.81411 1375.852 -30.00011 -57.81411
3 1382.467 63.00001 1687.428 0 45 0 60 128 90 108.7781 0 1271.044 108.7781 0 1251.044
3 1243.787 63.00001 1659.068 0 315 0 60 128 90 108.7781 0 1271.044 108.7781 0 1251.044
1 25.98316 59 1328.971 0 0 0 60 60 3600 -76.75816 72 1328.434 -0.353481 47 1330.386
1 -346.0169 59 1328.971 0 0 0 60 60 3600 -234.4579 72 1329.601 -357.7658 47 1331.52
1 858.8353 -138.6941 -858.6899 0 0 0 30 30 900 806.5568 -104.6941 -792.7898 806.5568 -104.6941 -812.7898
1 828.4581 -52.69414 -828.4146 0 0 0 50 50 2500 806.5568 -104.6941 -792.7898 806.5568 -104.6941 -812.7898
1 979.9081 65 -611.4022 0 0 0 70 70 4900 980.5749 -30 -584.0535 980.5749 -30 -604.0535
3 601.2156 145 506.7746 0 315 0 60 60 10 558.0247 100 510.4423 558.0247 100 490.4423
3 505.2178 145 600.3377 0 315 0 60 60 10 558.0247 100 510.4423 558.0247 100 490.4423
3 496.4647 130 -608.1578 0 315 0 20 40 60 535.0041 100 -536.3089 535.0041 100 -556.3089
3 607.1475 130 -499.9523 0 315 0 20 40 60 535.0041 100 -536.3089 535.0041 100 -556.3089
3 0.001772757 240.4845 180 0 0 0 10 5 10 60.05997 110.4845 180.5474 0.001772757 108.4845 180
3 180.2349 240.4845 -0.171658 0 0 0 10 5.1 10 180.8805 110.4845 60.81754 180.0018 230.4845 7.629395E-06
1 0.6267728 100 180 0 0 0 30 30 900 0.6267728 100 200 0.6267728 100 180
1 180.2349 100.4845 -1.171658 0 0 0 30 30 900 184.8805 110.4845 100.8175 180.0018 230.4845 7.629395E-06
