3 1.857954 -23 4.966217 0 0 0 100 20 90 1.000693 -24 33.01804 -65.53891 -275 -2148.694
1 -1.996256 374 -1.478434 0 0 0 50 50 2500 37.66065 -24 -21.19736 -1.996256 -30 -1.478434
3 5.951502 -3 -144.5752 0 0 0 90 40 9.999998 1.000693 -24 33.01804 -65.53891 -275 -2148.694
3 5.951502 -3 -522.5752 0 0 0 90 40 9.999998 1.000693 -24 33.01804 -65.53891 -275 -2148.694
3 5.951502 -3 -544.5752 0 0 0 90 40 9.999998 -0.460205 -24 -622.9426 1526.079 -275 -765.449
3 -93.78782 13 -654.3448 0 0 0 20 60 100 24.11395 -30 -634.9899 24.11395 -30 -654.9899
3 4.11717 8 93.22728 0 0 0 100 60 20 24.11395 -30 -634.9899 24.11395 -30 -654.9899
3 108.5277 -3 -653.0519 0 270 0 90 40 9.999998 -0.460205 -24 -622.9426 1526.079 -275 -765.449
3 207.7993 -3 -633.6185 0 292.5 0 130 40 9.999998 250.5103 -16 -639.8851 217.0005 -515 -3648.975
3 251.3644 18 -561.8206 0 90 0 20 60 100 24.11395 -30 -634.9899 24.11395 -30 -654.9899
3 257.3094 3 -954.6915 0 180 0 90 40 9.999998 250.5103 -16 -639.8851 217.0005 -515 -3648.975
3 256.6723 3 -976.6822 0 180 0 90 40 9.999998 249.8028 -16 -950.2615 217.0005 405 -3648.975
3 245.6244 -26 -1101.649 0 180 0 100 20 100 249.8028 -16 -950.2615 217.0005 405 -3648.975
3 341.1999 3 -1041.964 0 180 0 40 50 40 249.8028 -16 -950.2615 1854.086 405 -3122.837
3 161.1999 3 -1041.964 0 180 0 40 50 40 249.8028 -16 -950.2615 -1330.052 405 -3144.545
1 317.2427 278.0237 -1166.669 0 0 0 30 30 900 339.7351 321.0237 -1077.693 229.8716 225.0237 -1196.094
3 253.9914 386.0237 -1095.306 0 0 0 40 10 40 259.5788 594.0237 -1094.232 237.0463 433.0237 -4309.366
3 251.2131 602.0237 -1215.191 0 0 0 70 40 9.999998 259.5788 594.0237 -1094.232 237.0463 433.0237 -4309.366
3 251.3916 602.0237 -2091.051 0 0 0 70 40 9.999998 259.5788 594.0237 -1094.232 237.0463 155.0237 -4309.366
3 229.3909 602.0237 -2181.356 0 45 0 70 40 9.999998 244.7568 594.0237 -2201.095 -2724.02 433.0237 -2258.183
3 303.3673 615.0119 -2206.094 0 0 0 20 40 70 285.8614 578.0119 -2151.191 285.8614 578.0119 -2171.191
3 342.9551 613.0161 -2202.458 0 0 0 50 70 90 250.5278 578.0161 -2166.149 250.5278 578.0161 -2186.149
3 250.4067 613.0161 -2290.282 0 270 0 50 70 40 250.5278 578.0161 -2166.149 250.5278 578.0161 -2186.149
3 -536.3026 613.0237 -2199.577 0 270 0 80 40 9.999998 244.7568 594.0237 -2201.095 -2724.02 433.0237 -2258.183
3 -561.2935 613.0237 -2200.279 0 270 0 80 40 9.999998 -649.8737 594.0237 -2203.438 -726.0999 433.0237 -5237.133
3 -647.157 628.9727 -2143.524 0 0 0 90 60 10 -640.05 577.9727 -2192.904 -640.05 577.9727 -2212.904
3 -648.9557 602.9727 -2090.353 0 0 0 50 80 40 -640.05 577.9727 -2192.904 -640.05 577.9727 -2212.904
3 -708.8828 613.0237 -2205.161 0 270 0 80 40 9.999998 -649.8737 594.0237 -2203.438 -726.0999 433.0237 -5237.133
3 -731.3451 613.0237 -2207.699 0 270 0 80 40 9.999998 244.7568 594.0237 -2201.095 -2724.02 433.0237 -2258.183
3 -653.5989 613.0237 -2559.628 0 180 0 80 40 9.999998 -649.8737 594.0237 -2203.438 -726.0999 433.0237 -5237.133
3 -654.7198 613.0237 -2583.552 0 180 0 80 40 9.999998 -652.3277 594.0237 -2566.056 -726.0999 -451.9763 -5237.133
3 -654.7198 613.0237 -3043.552 0 180 0 80 40 9.999998 -652.3277 594.0237 -2566.056 -726.0999 -451.9763 -5237.133
3 -654.7198 613.0237 -3086.552 0 180 0 80 40 9.999998 -652.7902 594.0237 -3101.803 -737.2672 578.0237 -7293.187
3 -650.2428 613.0237 -3732.746 0 180 0 80 40 9.999998 -652.7902 594.0237 -3101.803 -737.2672 578.0237 -7293.187
3 -655.4063 613.0237 -3867.493 0 180 0 80 40 9.999998 -655.0452 594.0237 -3846.88 -661.1368 -101.9763 -4382.288
3 -654.5078 209 -4324.557 0 0 0 80 40 20 -649.0746 188 -4266.734 -716.8235 8 -8251.001
3 -652.0701 613.0237 -3762.415 0 180 0 80 40 9.999998 -653.412 606.2455 -3766.782 -655.2457 598 -3815.632
3 -653.9063 613.0237 -3829.382 0 180 0 80 40 9.999998 -653.2153 620.4406 -3807.412 -655.2064 597.9974 -3855.013
3 -653.689 209 -4558.798 0 0 0 80 40 9.999998 -649.0746 188 -4266.734 -716.8235 8 -8251.001
3 -654.0032 209 -4580.798 0 0 0 80 40 9.999998 -652.5458 192 -4534.567 -691.8262 413 -8251.364
3 -649.8477 192 -4697.298 0 0 0 100 30 90 -652.5458 192 -4534.567 -691.8262 778 -8251.364
3 -744.3708 222 -4645.157 0 0 0 40 60 40 -652.952 218 -4613.603 -656.0715 238 -5079.36
3 -554.3708 222 -4645.157 0 0 0 40 60 40 -652.952 218 -4613.603 -656.0715 238 -5079.36
3 -654.0253 211 -4795.602 0 0 0 100 40 50 -650.2761 250 -4693.819 -650.2014 177 -4789.422
3 -654.0253 290 -4795.602 0 0 0 90 40 60 -645.7795 354 -4630.253 -650.2014 325 -4789.422
3 -648.3036 356.4301 -4666.907 0 0 0 90 60 10 -653.1191 334.4301 -4640.345 -653.1191 334.4301 -4660.345
1 -650.6971 536.4301 -4696.641 0 0 0 30 30 900 -649.119 644.4301 -4640.349 -703.1846 594.4301 -4913.701
1 -652.0959 691.4301 -4753.864 0 0 0 30 30 900 -653.1191 778.4301 -4640.345 -653.1191 773.4301 -4917.345
3 -649.983 812 -4827.187 0 0 0 80 30 30 -650.4506 794 -4809.459 -650.4506 -14.00023 -7156.459
3 -650.0756 817 -5073.187 0 0 0 80 40 10 -650.4506 794 -4809.459 -650.4506 786 -7156.459
3 -657.0076 821 -5192.949 0 45 0 110 40 10 -653.7911 802 -5197.722 -2960.127 586 -5205.954
3 -541.1889 804.0095 -5201.792 0 0 0 40 70 40 -631.9541 786.0095 -5143.251 -631.9541 786.0095 -5163.251
3 -655.0235 814.0095 -5307.673 0 0 0 40 70 40 -631.9541 786.0095 -5143.251 -631.9541 786.0095 -5163.251
3 -583.4027 830.0151 -5200.42 0 0 0 30 60 80 -648.2393 786.0151 -5162.911 -648.2393 786.0151 -5182.911
3 -1428.121 817 -5201.967 0 270 0 80 40 10 -653.7911 794 -5197.722 -2960.127 786 -5205.954
3 -1452.121 817 -5201.967 0 270 0 80 40 10 -653.7911 794 -5197.722 -2960.127 786 -5205.954
3 -1501.164 822 -5310.826 0 270 0 40 60 50 -1454.475 817 -5196.257 -2319.314 786 -5207.332
3 -1501.164 822 -5090.826 0 270 0 40 60 50 -1454.475 817 -5196.257 -2319.314 786 -5207.332
3 -1602.121 854 -5201.967 0 270 0 130 80 10 -653.7911 794 -5197.722 -2960.127 786 -5205.954
3 -1626.121 855 -5201.967 0 270 0 130 40 10 -1578.786 864 -5201.053 -4197.917 -214 -5185.586
3 -1857.31 739 -5189.915 0 0 0 180 10 140 -1632.059 826 -5175.68 -1632.059 826 -5195.68
3 -2061.121 905 -5201.967 0 270 0 130 40 10 -1578.786 864 -5201.053 -4197.917 -214 -5185.586
3 -2239.878 868 -5201.542 0 270 0 80 40 10 -1578.786 864 -5201.053 -4197.917 -214 -5185.586
3 -2269.878 868 -5201.542 0 270 0 80 40 10 -2133.394 864 -5202.276 -7855.042 666 -5263.114
3 -2359.878 868 -5201.542 0 270 0 80 40 10 -2133.394 864 -5202.276 -7855.042 666 -5263.114
3 -2381.878 868 -5201.542 0 270 0 80 40 10 -2456.481 864 -5201.925 -2442.558 666 -11005.16
3 -2549.878 868 -5201.542 0 270 0 80 40 10 -2133.394 864 -5202.276 -7855.042 666 -5263.114
3 -2521.878 868 -5201.542 0 270 0 80 40 10 -2456.481 864 -5201.925 -2442.558 666 -11005.16
3 -2453.432 870 -5098.383 0 0 0 50 60 30 -2408.399 836 -5178.679 -2408.399 836 -5198.679
3 -2453.753 870 -5140.321 0 0 0 80 60 9.999998 -2408.399 836 -5178.679 -2408.399 836 -5198.679
3 -2836.898 851 -5199.783 0 0 0 30 60 40 -2739.041 836 -5181.257 -2739.041 836 -5201.257
3 -2698.647 868 -5274.92 0 270 0 20 40 40 -2596.021 864 -5200.3 -7203.029 666 -8984.482
3 -2698.647 868 -5124.92 0 270 0 20 40 40 -2596.021 864 -5200.3 -7205.865 666 -1513.062
3 -2457.094 868 -5638.656 0 180 0 80 40 10 -2456.481 864 -5201.925 -2442.558 666 -11005.16
3 -2453.793 871 -5662.214 0 0 0 70 40 10 -2093.354 1065.963 -6083.431 -2047.97 1068.346 -6179.319
3 -2057.762 1068 -6224.595 0 0 0 80 40 10 -2056.738 1045 -6163.941 -2201.49 756 -11174.09
3 -2059.621 1070 -6194.313 0 0 0 90 40 10 -2090.389 1060.485 -6110.717 -2051.151 1062.385 -6209.412
3 -2044.462 1068 -7410.53 0 0 0 80 40 10 -2056.738 1045 -6163.941 -2201.49 756 -11174.09
3 -2044.463 1068 -7435.53 0 0 0 80 40 10 -2058.717 1075 -7422.293 -2150.326 -2454 -12781.69
3 -2060.011 374 -7675.844 0 0 0 150 50 180 -2056.824 343 -7646.444 -2057.151 6 -10758.6
3 -1953.5 1068 -7415.211 0 0 0 9.999998 40 40 -2058.717 1075 -7422.293 -2150.326 -2454 -12781.69
3 -2143.5 1068 -7415.211 0 0 0 9.999998 40 40 -2058.717 1075 -7422.293 -2150.326 -2454 -12781.69
3 101.2658 603.009 -1553.024 0 0 0 30 60 290 235.871 578.009 -1261.815 235.871 578.009 -1281.815
3 397.6164 603.009 -1553.905 0 0 0 30 60 280 235.871 578.009 -1261.815 235.871 578.009 -1281.815
3 -192.3413 603.009 -2052.979 0 270 0 30 60 210 235.871 578.009 -1261.815 235.871 578.009 -1281.815
3 -192.3413 603.009 -2349.979 0 270 0 30 60 210 235.871 578.009 -1261.815 235.871 578.009 -1281.815
3 -812.2436 596 -3445.663 0 0 0 40 90 210 -725.4413 578 -3259.743 -725.4413 578 -3279.743
3 -492.2436 596 -3445.663 0 0 0 40 90 210 -725.4413 578 -3259.743 -725.4413 578 -3279.743
3 -1099.788 807 -5050.795 0 0 0 230 90 30 -1094.229 786 -5112.312 -1094.229 786 -5132.312
3 -1099.788 807 -5350.795 0 0 0 230 90 30 -1094.229 786 -5112.312 -1094.229 786 -5132.312
3 -2222.127 1048 -6797.906 0 0 0 50 90 220 -2108.696 1036 -6720.646 -2108.696 1036 -6740.646
3 -1892.127 1048 -6797.906 0 0 0 50 90 220 -2108.696 1036 -6720.646 -2108.696 1036 -6740.646
3 -2065.092 976.0086 -8012.09 0 0 0 110 50 140 -2050.333 962.0086 -7840.41 -2090.841 946.0086 -9879.739
3 -2053.661 969 -8129.68 0 0 0 40 60 30 -2062.715 946 -8025.883 -2062.715 946 -8045.883
3 -2053.484 368 -7925.167 0 0 0 80 50 30 -2057.271 368 -7878.604 -2120.4 336 -13462.54
3 -2061.536 368 -7882.298 0 0 0 80 40 9.999998 -2058.717 1075 -7422.293 -2150.326 -2454 -12781.69
3 -2210.152 353 -8244.694 0 0 0 40 70 230 -2128.717 336 -8355.288 -2128.717 336 -8375.288
3 -1900.152 353 -8244.694 0 0 0 40 70 230 -2128.717 336 -8355.288 -2128.717 336 -8375.288
3 -2053.484 368 -8575.168 0 0 0 80 50 10 -2051.271 345 -7878.676 -2120.4 336 -13462.54
3 -2053.484 368 -8597.168 0 0 0 80 50 10 -2054.003 345 -8602.326 -2120.4 572 -13462.54
3 -2049.314 347 -8704.762 0 0 0 110 20 100.1 -2054.003 345 -8602.326 -2120.4 571 -13462.54
3 -2056.181 482 -8772.517 0 0 0 9.999998 20 10.1 -2027.28 476 -8624.829 -2053.704 486 -8832.826
1 -2054.999 686.5 -8690 0 0 0 30 30 900 -2039.306 726.5 -8637.258 -2054.999 700.5 -8690
3 -2048.062 971.1398 -8748.864 0 0 0 80 80 60 -2054.999 970.1398 -8750 -2079.124 900.1398 -11883.35
3 -2055.411 971.1398 -9036.682 0 0 0 70 40 9.999998 -2054.999 970.1398 -8750 -2079.124 900.1398 -11883.35
3 -2055.583 971.1398 -9063.204 0 0 0 70 40 9.999998 -2058.29 970.1398 -9147.998 4300.429 900.1398 -9209.48
3 -2150.99 991 -9145.467 0 0 0 20 60 100 -2109.254 944 -9122.82 -2109.254 944 -9142.82
3 -654.7198 613.0237 -2683.552 0 180 0 80 40 9.999998 -652.7626 594.0237 -2631.038 -726.0999 -451.9763 -5237.133
3 -654.7198 613.0237 -2783.552 0 180 0 80 40 9.999998 -652.3277 594.0237 -2566.056 -726.0999 -100.9763 -5237.133
3 -642.3368 276 -4059.091 0 0 0 150 10 250 -653.4872 186 -3896.49 -675.2675 48 -6134.143
3 -662.3561 220 -3810.887 0 0 0 40 50 40 -662.3561 178 -3790.887 -662.3561 178 -3810.887
3 -651.7162 193 -3849.192 0 0 0 24.99998 20 29.99995 -653.4872 186 -3896.49 -675.2675 48 -6134.143
3 -650.9389 188 -4086.792 0 0 0 84 20 120 -653.4872 186 -3896.49 -675.2675 48 -6134.143
3 -1598.358 872 -9144.423 0 0 0 50 80 190 -1675.434 944 -9126.258 -1675.434 944 -9146.258
3 -1328.358 943 -9144.423 0 0 0 50 100 390 -1625.541 944 -9140.012 2717.374 944 -9276.101
3 -1683.995 971.1398 -9150.192 0 270 0 90 40 30 -1730.852 970.1398 -9150.659 4300.429 100.1396 -9209.48
3 -430.7562 968 -9152.354 0 0 0 20 40 80 -491.9991 956 -9149.998 3234.089 754 -9246.432
3 -508.3578 944 -9144.423 0 0 0 50 80 90 -1625.541 944 -9140.012 2717.374 944 -9276.101
3 -140.9181 968 -9153.654 0 0 0 20 40 80 -491.9991 956 -9149.998 3234.089 754 -9246.432
3 -96.35605 968 -9152.139 0 0 0 20 40 80 -73.34771 956 -9151.748 1139.398 -7126 -9141.621
3 -16.56629 -1878.359 -9152.329 0 0 0 180 10 180 -101.929 -1587.359 -9143.411 347.6679 -1845.359 -9150.266
3 -16.56629 -1918.359 -9152.329 0 0 0 180 10 180 -101.929 -1587.359 -9143.411 347.6679 -1845.359 -9150.266
3 -647.8797 195 -4050.93 0 0 0 154 40 50 -654.0986 234 -3959.49 -656.9236 48 -4248.23
3 -729.7204 195 -3961.654 0 0 0 64 40 60 -623.376 254 -3885.49 -656.9236 48 -4248.23
3 -576.7204 195 -3961.654 0 0 0 64 40 60 -683.376 254 -3885.49 -656.9236 48 -4248.23
3 -1473.595 844 -9175.422 0 0 0 80 70.00003 340 -1625.541 944 -9140.012 2717.374 -1636 -9276.101
3 -1729.652 971.1398 -9157.892 0 270 0 70 40 20 -2058.29 970.1398 -9147.998 4300.429 900.1398 -9209.48
3 -771.838 612.0237 -2636.438 0 180 0 80 70 40 -653.9829 600.0237 -2626.027 -3220.915 -1251.976 -3144.103
3 -842.2006 651.0237 -2699.703 0 0 0 70 110 80 -656.8852 690.0237 -2702.658 -881.57 523.0237 -2678.595
3 251.3916 602.0237 -2001.051 0 0 0 70 40 30 259.5788 594.0237 -1094.232 237.0463 155.0237 -4309.366
1 -919.2256 551 -2197.51 0 0 0 60 60 3600 -942.4235 578 -2179.15 -942.4235 578 -2199.15
3 -933.8799 768.9794 -5198.817 0 0 0 30 10 30 -893.7223 828.9794 -5202.139 -925.9166 739.9794 -5201.626
3 -1263.88 768.9794 -5198.817 0 0 0 30 10 30 -1223.722 828.9794 -5202.139 -1285.917 739.9794 -5201.626
3 -1856.856 846.1267 -5274.522 0 0 0 30 40 30 -1770.724 886.1267 -5199.123 -1853.048 827.1267 -5268.512
3 -1856.856 846.1267 -5124.522 0 0 0 30 40 30 -1770.724 886.1267 -5199.123 -1893.048 827.1267 -5268.512
3 -2055.957 968 -7747.357 0 0 0 30 40 30 -2058.717 1075 -7422.293 -2150.326 -219 -12781.69
3 -2055.957 588 -7487.357 0 0 0 70 130 50 -2058.717 1075 -7422.293 -2150.326 -219 -12781.69
3 -2052.053 732 -7475.668 0 0 0 100 50 80 -1923.917 793 -7484.007 -2055.294 740 -7486.876
3 -2051.913 783.9926 -7194.597 0 0 0 110 90 210 -2053.24 760.9926 -7455.662 -2005.345 -84.00738 -3194.281
3 -2054.295 433 -7678.731 0 0 0 140 20 210 -2058.717 1075 -7422.293 -2150.326 -2454 -12781.69
3 -1863.736 971.1398 -9151.991 0 270 0 70 40 20 -2058.29 970.1398 -9147.998 4300.429 900.1398 -9209.48
3 -1598.358 788 -9144.423 0 0 0 50 80 190 -1675.434 944 -9126.258 -1675.434 944 -9146.258
1 -1521.637 918.7225 -9146.724 0 0 0 50 50 2500 -1470.714 882.7225 -9129.637 -1470.714 882.7225 -9149.637
3 -1432.573 954 -9175.94 0 0 0 40 70.00003 340 -1625.541 944 -9140.012 2717.374 -1636 -9276.101
3 -1521.88 945.8399 -9147.805 0 0 0 30 5 20 -1608.835 865.8398 -9082.309 -1538.716 940.8399 -9161.804
3 -835.8076 829.9811 -5301.176 0 0 0 40 50 30 -796.9564 821.9811 -5202.351 -817.4845 785.9811 -5310.946
3 -835.8076 829.9811 -5101.176 0 0 0 40 50 30 -796.9564 821.9811 -5202.351 -817.4845 785.9811 -5310.946
3 -2048.357 1114.995 -7332.092 0 0 0 80 30 70 -2055.508 1035.995 -7406.668 -2055.508 1035.995 -7426.668
3 360.466 578 -1262.547 0 0 0 40 60 60 251.2128 604 -1256.414 351.6319 578 -1264.285
3 140.466 578 -1262.547 0 0 0 40 60 60 251.2128 604 -1256.414 351.6319 578 -1264.285
1 173.9538 608.9941 -1871.741 0 0 0 30 30 900 221.5827 577.9941 -1809.07 221.5827 577.9941 -1829.07
3 86.56599 578 -2310.625 0 0 0 60 60 40 87.41344 604 -2199.62 69.61945 578 -2299.88
3 86.56599 578 -2090.625 0 0 0 60 60 40 87.41344 604 -2199.62 69.61945 578 -2299.88
3 -550.5701 596 -3176.994 0 0 0 30 60 50 -652.3911 607 -3168.68 -553.4686 578 -3185.022
3 -750.5701 596 -3176.994 0 0 0 30 60 50 -652.3911 607 -3168.68 -553.4686 578 -3185.022
1 -737.9382 822 -4823.081 0 0 0 40 40 1600 -711.4999 786 -4845.215 -711.4999 786 -4865.215
1 -726.4254 820 -5073.387 0 0 0 30 30 900 -698.8042 786 -5101.075 -698.8042 786 -5121.075
1 -774.9192 820 -5126.368 0 0 0 30 30 900 -698.8042 786 -5101.075 -698.8042 786 -5121.075
1 -1424.492 820.0028 -5125.178 0 0 0 30 30 900 -1461.65 786.0028 -5116.292 -1461.65 786.0028 -5136.292
1 -2276.461 866.9594 -5130.04 0 0 0 30 30 900 -2238.811 835.9594 -5165.384 -2238.811 835.9594 -5185.384
1 -2534.453 867 -5374.149 0 0 0 30 30 900 -2489.554 836 -5309.494 -2489.554 836 -5329.494
1 -2537.381 867 -5616.504 0 0 0 40 40 1600 -2489.554 836 -5309.494 -2489.554 836 -5329.494
1 -2582.045 876 -5118.262 0 0 0 40 40 1600 -2628.411 836 -5120.406 -2628.411 836 -5140.406
1 -2139.552 1073 -6223.965 0 0 0 40 40 1600 -2114.401 1036 -6241.576 -2114.401 1036 -6261.576
1 -2140.314 1068 -6472.536 0 0 0 40 40 1600 -2053.209 1036 -6400.967 -2053.209 1036 -6420.967
3 -2164.835 1069 -6528.683 0 0 0 40 40 40 -2051.88 1066 -6503.241 -2155.847 1036 -6519.511
3 -1944.835 1069 -6528.683 0 0 0 40 40 40 -2051.88 1066 -6503.241 -2155.847 1036 -6519.511
1 -2137.61 1076.993 -7122.224 0 0 0 40 40 1600 -2062.649 1035.993 -7055.961 -2062.649 1035.993 -7075.961
1 -2128.508 1067 -7374.543 0 0 0 30 30 900 -2098.785 1036 -7335.913 -2098.785 1036 -7355.913
1 -2138.186 978 -7918.932 0 0 0 40 40 1600 -2075.075 946 -7875.5 -2075.075 946 -7895.5
1 -1973.712 772 -7373.479 0 0 0 40 40 1600 -1995.702 736 -7286.22 -1995.702 736 -7306.22
3 -2048.171 361.0034 -7918.366 0 0 0 82 62 20 -2074.002 336.0034 -7942.37 -2074.002 336.0034 -7962.37
3 -2053.484 378 -8035.167 0 0 0 120 50 40 -2051.271 345 -7878.676 -2120.4 336 -13462.54
3 -2164.093 362.0099 -7987.411 0 0 0 37 40 41 -2052.252 362.0099 -7960.401 -2145.337 336.0099 -7968.031
3 -1947.093 362.0099 -7987.411 0 0 0 37 40 41 -2052.252 362.0099 -7960.401 -2145.337 336.0099 -7968.031
1 -2141.446 975 -8825.34 0 0 0 40 40 1600 -2108.83 944 -8854.376 -2108.83 944 -8874.376
1 -1930.054 978 -9233.463 0 0 0 40 40 1600 -1958.64 944 -9157.137 -1958.64 944 -9177.137
1 -1681.224 978 -9224.887 0 0 0 30 30 900 -1746.085 944 -9154.463 -1746.085 944 -9174.463
1 -429.875 976 -9237.913 0 0 0 40 40 1600 -404.1703 944 -9178.398 -404.1703 944 -9198.398
1 -183.54 976 -9223.492 0 0 0 40 40 1600 -404.1703 944 -9178.398 -404.1703 944 -9198.398
1 -82.63604 7 -124.739 0 0 0 40 40 1600 -58.85088 -30 -143.9872 -58.85088 -30 -163.9872
1 122.3984 6 -735.079 0 0 0 40 40 1600 162.8455 -30 -697.9962 162.8455 -30 -717.9962
1 162.819 3 -975.5924 0 0 0 40 40 1600 227.777 -30 -956.9118 227.777 -30 -976.9118
1 330.7351 -33 -1182.372 0 0 0 50 50 2500 334.9525 -30 -1115.028 334.9525 -30 -1135.028
1 170.7352 -33 -1182.372 0 0 0 50 50 2500 334.9525 -30 -1115.028 334.9525 -30 -1135.028
1 169.2817 615 -1223.304 0 0 0 40 40 1600 156.7332 578 -1247.16 156.7332 578 -1267.16
1 127.2568 614.9684 -2118.215 0 0 0 40 40 1600 94.64868 577.9684 -2139.939 94.64868 577.9684 -2159.939
1 -525.2216 610.9722 -2126.451 0 0 0 30 30 900 -497.5511 577.9722 -2153.503 -497.5511 577.9722 -2173.503
1 -779.1453 615 -2116.715 0 0 0 40 40 1600 -843.4785 578 -2120.932 -843.4785 578 -2140.932
1 -736.2922 617.0052 -3121.576 0 0 0 40 40 1600 -712.9495 578.0052 -3148.745 -712.9495 578.0052 -3168.745
1 -736.7065 613 -3775.947 0 0 0 40 40 1600 -691.5356 578 -3786.652 -691.5356 578 -3806.652
1 -736.4819 216 -4571.349 0 0 0 40 40 1600 -702.7784 178 -4563.397 -702.7784 178 -4583.397
1 -2141.187 369.997 -8570.427 0 0 0 40 40 1600 -2072.5 335.997 -8519.648 -2072.5 335.997 -8539.648
3 253.9914 594.0237 -1095.306 0 0 0 40 10 40 251.5789 594.0237 -1094.185 237.0463 706.0237 -4309.366
1 253.9914 507.0237 -1095.306 0 0 0 9.999998 9.999998 99.99998 289.6096 594.0237 -1260.54 131.9121 663.0237 -1513.979
1 -734.2585 620.0031 -2325.292 0 0 0 40 40 1600 -682.6632 578.0031 -2256.557 -682.6632 578.0031 -2276.557
1 -914.7309 604 -2199.665 0 0 0 20 20 400 -866.2903 578 -2197.715 -866.2903 578 -2217.715
3 -651.6319 908 -3119.17 0 0 0 80 40 20 -651.7372 893 -3053.167 -635.5096 408 -6168.368
1 -735.7277 916 -3125.671 0 0 0 40 40 1600 -662.5562 878 -3123.519 -662.5562 878 -3143.519
3 -492.2436 916 -3445.663 0 0 0 40 90 210 -725.4413 578 -3259.743 -725.4413 578 -3279.743
3 -812.2436 896 -3445.663 0 0 0 40 90 210 -725.4413 578 -3259.743 -725.4413 578 -3279.743
3 -750.5701 896 -3176.994 0 0 0 30 60 50 -652.3911 907 -3168.68 -553.4686 578 -3185.022
3 -550.5701 896 -3176.994 0 0 0 30 60 50 -652.3911 907 -3168.68 -553.4686 578 -3185.022
3 -655.4063 913.0237 -3867.493 0 180 0 80 40 9.999998 -655.0452 941.0237 -3846.88 -661.1368 699.0237 -4382.288
3 -651.6319 908 -3759.17 0 0 0 80 40 20 -651.7372 893 -3053.167 -635.5096 408 -6168.368
1 -736.7065 913 -3775.947 0 0 0 40 40 1600 -691.5356 578 -3786.652 -691.5356 578 -3806.652
3 -653.5186 810.0023 -4289.531 0 0 0 80 30 40 -650.4792 820.0023 -4202.62 -727.606 543.0023 -5995.833
1 -734.0745 827.0073 -4325.603 0 0 0 40 40 1600 -652.6514 788.0073 -4259.103 -652.6514 788.0073 -4279.103
3 -649.5115 826.0073 -4533.154 0 0 0 100 60 40 -652.6514 788.0073 -4259.103 -652.6514 788.0073 -4279.103
3 -551.369 825 -4378.763 0 337.5 0 20 40 40 -620.2135 788 -4320.805 -620.2135 788 -4340.805
3 -753.5596 825 -4373.722 0 22.5 0 20 40 40 -620.2135 788 -4320.805 -620.2135 788 -4340.805
1 -587.3433 643 -2574.14 0 0 0 30 30 900 -631.933 578 -2564.474 -631.933 578 -2584.474
3 -2171.76 336 -7672.576 0 0 0 30 20 20 -2228.352 374 -7630.429 -2167.076 336 -7683.558
3 -649.7264 507 -3834.698 0 0 0 74.99997 60 49.99995 -652.4281 552.0001 -3818.732 -646.76 590 -3960.286
3 255.6485 -44 -1166.494 0 180 0 100 30 30 249.8028 -16 -950.2615 217.0005 -250 -3648.975
3 -2301.84 871 -5715.461 0 0 0 70 50 90 -2193.248 836 -5748.531 -2193.248 836 -5768.531
3 -2059.399 1068 -6353.394 0 0 0 80 40 20 -2056.738 1045 -6163.941 -2201.49 756 -11174.09
3 -987.2067 613.0237 -2200.076 0 270 0 40 40 60 -850.0456 624.0237 -2198.949 -3203.786 -676.9763 -2273.37
1 -2051.675 588 -7484.351 0 0 0 40 40 1600 -2028.612 566 -7552.453 -2028.612 566 -7572.453
3 -2053.484 678 -7945.167 0 0 0 80 50 10 -2056.271 368 -7878.616 -2120.4 -554 -13462.54
3 -2799.878 868 -5201.542 0 270 0 80 40 40 -2133.394 864 -5202.276 -7855.042 -1384 -5263.114
3 -2044.463 968 -7865.53 0 0 0 80 40 20 -2054.878 1039 -7762.903 -2150.326 -8534 -12781.69
1 255.3078 320.0237 -1094.935 0 0 0 30 30 900 260.846 318.0237 -1018.622 262.6246 251.0237 -1202.408
1 285.3114 278.0237 -1132.604 0 0 0 30 30 900 339.7351 321.0237 -1077.693 229.8716 225.0237 -1196.094
1 -2055.342 346.501 -8753.378 0 0 0 50 50 2500 -2054.999 461.501 -8750 -2054.999 461.501 -8770
1 -649.5939 351 -4726.866 0 0 0 30 30 900 -646.6386 397 -4661.239 -650.2014 325 -4789.422
1 -109.2306 -29 0.453876 0 0 0 50 50 2500 -38.95618 -30 22.65481 -38.95618 -30 2.654809
3 -541.838 612.0237 -2636.438 0 180 0 80 70 40 -653.9829 600.0237 -2626.027 1897.55 -1251.976 -2870.385
3 -2164.092 820 -5201.461 0 270 0 80 40 50 -1578.786 864 -5201.053 -4197.917 -214 -5185.586
3 -650.739 352 -4760.172 0 0 0 90 9.999998 60 -645.7795 354 -4630.253 -650.2014 325 -4789.422
3 -655.3153 906.0237 -2908.769 0 180 0 250 100 150 -651.8517 820.0237 -2701.708 -726.0999 -951.9763 -5237.133
3 -2048.062 971.1398 -8838.864 0 0 0 80 80 20 -2054.999 970.1398 -8750 -2079.124 900.1398 -11883.35
