1 -0.474452 -165.0028 32.79543 0 0 0 30 30 900 50.77012 -6.002838 -91.44216 -34.22387 -35.00283 57.40516
3 5.452094 -47.00283 -0.441752 0 0 0 20 30 60 1.459993 -29.00284 -15.31577 -4.841716 -264.0028 -1826.621
3 0.401558 -7.002838 -536.2271 0 0 0 80 30 9.999998 1.459993 -29.00284 -15.31577 -4.841716 -264.0028 -1826.621
3 -0.142597 -7.002838 -569.223 0 0 0 80 30 9.999998 -2.050937 -13.00284 -650.6883 -2420.637 -264.0028 -703.5109
3 86.4337 7 -653.7779 0 0 0 20 50 100 -15.99689 -35 -642.8104 -15.99689 -35 -662.8104
3 -531.1765 -633 -646.5197 0 0 0 80 20 120 -489.1756 -615 -649.6149 -3789.314 -1328 -651.4982
3 -413.4834 -611 -651.0813 0 0 0 60 70 110 -496.8652 -643 -628.3783 -496.8652 -643 -648.3783
1 -518.526 -163.0947 -650.5845 0 0 0 10 10 100 -473.8672 -151.0947 -694.4079 -528.3962 -44.09467 -656.8621
1 -521.8026 -3.002838 -650.3928 0 0 0 50 50 2500 -2.050937 -13.00284 -650.6883 -2420.637 -764.0028 -703.5109
1 -519.8389 -408.5 -649.3786 0 0 0 10 10 100 -458.1157 -537.5 -648.4774 -833.7718 -886.5 -652.4368
3 -1286.032 -615 -646.0005 0 0 0 9.999998 30 80 -489.1756 -615 -649.6149 -3789.314 -1048 -651.4982
3 -1314.127 -615 -648.9219 0 0 0 9.999998 30 80 -1400.344 -615 -652.2205 -1326.234 -1048 -4501.428
3 -1399.651 -601 -561.1524 0 0 0 100 50 20 -1406.498 -643 -630.2084 -1406.498 -643 -650.2084
3 -1401.36 -615 -955.1299 0 270 0 9.999998 30 80 -1400.344 -615 -652.2205 -1326.234 -1048 -4501.428
3 -1400.403 -615 -978.1202 0 270 0 9.999998 30 80 -1398.48 -615 -947.0273 -1314.957 -2423 -4890.453
3 -1397.82 -762 -1299.43 0 270 0 9.999998 30 80 -1398.48 -615 -947.0273 -1314.957 -2423 -4890.453
3 -1401.896 -770 -1334.191 0 270 0 9.999998 30 80 -1401.337 -770 -1321.475 -1304.201 -1403 -5335.322
3 -1507.616 -769 -1388.121 0 0 0 70 50 70 -1396.168 -776 -1357.573 -1599.793 -812 -1379.342
3 -1287.616 -769 -1388.121 0 0 0 70 50 70 -1396.168 -776 -1357.573 -1224.851 -793 -1371.711
3 -1493.332 -694.0073 -1616.552 0 0 0 20 50 24 -1493.332 -630.0073 -1602.552 -1493.332 -630.0073 -1622.552
3 -1400.059 -601 -1637.512 0 270 0 9.999998 40 80 -1401.337 -770 -1321.475 -1304.201 -1403 -5335.322
3 -1398.998 -601 -1685.5 0 270 0 9.999998 40 80 -1399.796 -617 -1636.494 -1304.201 -748 -5335.322
3 -1392.893 -617 -2051.102 0 270 0 70 20 80 -1399.796 -617 -1636.494 -1304.201 -748 -5335.322
3 -1416.67 -611 -2239.698 0 270 0 9.999998 40 80 -1399.796 -617 -1636.494 -1304.201 -748 -5335.322
3 -1399.425 -615 -2329.646 0 270 0 65 20 73 -1401.891 -617 -2328.422 -4577.906 -748 -2218.376
3 -1686.71 -615 -2327.593 0 270 0 70 20 78 -1679.78 -617 -2326.4 -1463.521 -748 590.8499
3 -1686.71 -615 -2047.593 0 270 0 70 20 78 -1679.867 -617 -2052 991.0386 -748 -2110.53
3 -1575.169 -608 -2328.778 0 270 0 65 30 2.999998 -1401.891 -617 -2328.422 -4577.906 -748 -2218.376
3 -1673.469 -608 -2140.888 0 270 0 10.1 30 78 -1679.78 -617 -2326.4 -1463.521 -748 590.8499
3 -1493.001 -610 -2050.325 0 270 0 70 30 10.1 -1679.867 -617 -2052 991.0386 -748 -2110.53
3 -1749.577 -605 -2045.956 0 0 0 20 30 80 -1683.829 -633 -2114.208 -1683.829 -633 -2134.208
3 -1326.17 -605 -2324.657 0 0 0 20 30 80 -1683.829 -633 -2114.208 -1683.829 -633 -2134.208
3 -1679.046 -605 -2398.36 0 270 0 20 30 80 -1683.829 -633 -2114.208 -1683.829 -633 -2134.208
3 -1681.968 -553 -2190.131 0 270 0 70 20 78 -1679.78 -617 -2326.4 -1463.521 -748 590.8499
3 -1542.154 -549 -2050.273 0 270 0 70 20 70 -1679.867 -617 -2052 991.0386 -748 -2110.53
3 -1398.623 -552 -2191.464 0 270 0 70 20 80 -1399.796 -617 -1636.494 -1304.201 -748 -5335.322
3 -1539.879 -552 -2328.153 0 270 0 70 20 70 -1401.891 -617 -2328.422 -4577.906 -748 -2218.376
3 -1743.673 -554 -2262.349 0 270 0 30 40 18 -1679.78 -617 -2326.4 -1463.521 -1298 590.8499
1 -1753.983 -619 -2274.839 0 0 0 40 40 1600 -1718.836 -633 -2246.995 -1718.836 -633 -2266.995
3 -1686.71 -539 -2067.593 0 270 0 90 30 78 -1680.225 -551 -2150.995 698.2938 -1144 -161.6472
3 -1306.313 -540 -2051.454 0 0 0 20 40 70 -1360.851 -552 -2048.907 2315.24 -898 -2001.09
1 -1337.971 -628 -2246.513 0 0 0 40 40 1600 -1395.073 -633 -2080.792 -1395.073 -633 -2100.792
1 -1472.343 -628 -2248.687 0 0 0 30 30 900 -1395.073 -633 -2080.792 -1395.073 -633 -2100.792
1 -1517.623 -645 -2395.553 0 0 0 40 40 1600 -1395.073 -633 -2080.792 -1395.073 -633 -2100.792
1 -1586.903 -638 -2272.593 0 0 0 40 40 1600 -1395.073 -633 -2080.792 -1395.073 -633 -2100.792
1 -1617.429 -622 -2160.578 0 0 0 40 40 1600 -1395.073 -633 -2080.792 -1395.073 -633 -2100.792
1 -1733.001 -638 -1982.42 0 0 0 40 40 1600 -1395.073 -633 -2080.792 -1395.073 -633 -2100.792
1 -1532.084 -638 -1973.65 0 0 0 40 40 1600 -1395.073 -633 -2080.792 -1395.073 -633 -2100.792
1 -1480.757 -614 -2113.991 0 0 0 30 30 900 -1395.073 -633 -2080.792 -1395.073 -633 -2100.792
3 -390.8977 2.997162 -647.1594 0 0 0 9.999998 40 90 -2.050937 -13.00284 -650.6883 -2420.637 -264.0028 -703.5109
3 -420.8959 2.997162 -646.8628 0 0 0 9.999998 40 90 -2.050937 -13.00284 -650.6883 -2420.637 -764.0028 -703.5109
3 -530.0191 -89.00283 -653.7295 0 0 0 30 60 20 -2.050937 -13.00284 -650.6883 -2420.637 -764.0028 -703.5109
1 -518.526 -385.0947 -650.5845 0 0 0 10 10 100 -473.8672 -151.0947 -694.4079 -528.3962 -44.09467 -656.8621
3 -1006.859 -548.0364 -1948.59 0 0 0 30 40 30 -1021.509 -529.0364 -2041.295 -1021.121 -568.0364 -1947.667
3 -1006.859 -548.0364 -2148.59 0 0 0 30 40 30 -1021.509 -529.0364 -2041.295 -1021.121 -568.0364 -1947.667
3 -896.313 -531 -2051.454 0 0 0 20 60 130 -1360.851 -552 -2048.907 2315.24 -898 -2001.09
3 -846.313 -470 -2051.454 0 0 0 20 70 130 -1360.851 -552 -2048.907 2315.24 -1588 -2001.09
3 -706.8752 -467.1621 -2049.203 0 0 0 20 30 30 -706.8752 -449.1621 -2029.203 -706.8752 -449.1621 -2049.203
3 -410.3131 -434.9999 -2051.454 0 0 0 20 60 130 -1360.851 -552 -2048.907 2315.24 -1588 -2001.09
3 -370.3131 -454.9999 -2051.454 0 0 0 20 70 130 -1360.851 -552 -2048.907 2315.24 -4538 -2001.09
3 -200.132 -484.9999 -2051.096 0 0 0 9.999998 40 70 -1360.851 -552 -2048.907 2315.24 -833 -2001.09
3 -83.34705 -484.9999 -2185.26 0 270 0 9.999998 40 80 -81.84205 -502 -2049.83 -109.6733 -833 -6647.095
3 -330.132 -450.9999 -2051.096 0 0 0 9.999998 100 120 -1360.851 -552 -2048.907 2315.24 -833 -2001.09
3 -81.5079 -476 -1962.147 0 0 0 100 60 20 -70.47197 -518 -2039.635 -70.47197 -518 -2059.635
3 -168.7716 -476 -2303.097 0 270 0 100 60 20 -70.47197 -518 -2039.635 -70.47197 -518 -2059.635
3 -96.97807 -484.9999 -2054.973 0 225 0 9.999998 40 110 -81.84205 -502 -2049.83 -109.6733 -833 -6647.095
3 -78.68745 -484.9999 -2241.209 0 270 0 9.999998 40 90 -81.14555 -502 -2299.614 4539.015 -833 -2291.158
3 293.1247 -490.9999 -2298.262 0 180 0 9.999998 40 80 -81.14555 -502 -2299.614 4539.015 -833 -2291.158
3 333.1247 -490.9999 -2298.262 0 180 0 9.999998 40 80 507.2516 -448.6255 -2254.788 588.3963 -497.993 -2308.404
3 1152.921 -490 -2401.518 0 0 0 20 40 80 1086.105 -496 -2400.78 4732.141 -683 -2460.278
3 1102.921 -490 -2401.518 0 0 0 20 40 80 1050.016 -488.1944 -2401.725 1129.026 -497.552 -2399.453
3 -1550.771 -609 -2110.632 0 270 0 30 40 28 -1599.797 -617 -2049.758 -205.7193 -1998 -3658.543
1 -1360.624 -651 -2245.231 0 0 0 50 50 2500 -1395.073 -633 -2080.792 -1395.073 -633 -2100.792
1 -1728.838 -657 -2271.505 0 0 0 50 50 2500 -1395.073 -633 -2080.792 -1395.073 -633 -2100.792
1 -1653.844 -657 -2158.936 0 0 0 50 50 2500 -1395.073 -633 -2080.792 -1395.073 -633 -2100.792
1 -1531.107 -643 -2017.954 0 0 0 40 40 1600 -1395.073 -633 -2080.792 -1395.073 -633 -2100.792
1 -1519.206 -645 -2358.591 0 0 0 40 40 1600 -1395.073 -633 -2080.792 -1395.073 -633 -2100.792
1 -1516.518 -608 -2369.624 0 0 0 20 20 400 -1395.073 -633 -2080.792 -1395.073 -633 -2100.792
3 1419.921 -490 -2401.518 0 0 0 20 40 80 1086.105 -496 -2400.78 4732.141 -683 -2460.278
3 1532.921 -490 -2401.518 0 0 0 9.999998 40 80 1465.726 -496 -2398.233 4732.141 -2118 -2460.278
3 1642.757 -518 -2399.574 0 0 0 20 9.999998 20 1465.726 -496 -2398.233 4732.141 -2118 -2460.278
3 1642.757 -557 -2399.574 0 0 0 30 30 30 1465.726 -496 -2398.233 4732.141 -2118 -2460.278
3 1642.757 -608 -2399.574 0 0 0 30 30 30 1561.756 -750 -2301.231 1645.639 -865 -2396.69
3 1637.011 -820.1221 -2398.738 0 0 0 270 10 270 1848.563 -899.1221 -2398.767 5530.681 -1247.122 -2421.487
3 1484.081 -1098.122 -2395.514 0 0 0 120 70 190 1848.563 -899.1221 -2398.767 -1880.161 -1247.122 -2287.31
3 2811.687 1876.008 -2403.134 0 0 0 140 10 150 2885.007 1921.008 -2398.816 8081.609 1222.008 -2391.733
3 2811.687 1806.008 -2403.134 0 0 0 140 20 150 2746.851 1841.764 -2400.157 2832 1883.32 -2399.996
3 2811.687 -770.9925 -2403.134 0 0 0 140 70 150 2885.007 1921.008 -2398.816 8081.609 1222.008 -2391.733
3 2382.578 -893.1221 -2397.87 0 0 0 20 40 90 1848.563 -899.1221 -2398.767 5530.681 -1247.122 -2421.487
3 2452.578 -893.1221 -2397.87 0 0 0 20 40 90 1848.563 -899.1221 -2398.767 5530.681 -1247.122 -2421.487
3 2796.951 -892.1221 -2399.734 0 0 0 140 40 150 1848.563 -899.1221 -2398.767 5530.681 -2182.122 -2421.487
3 2622.578 -893.1221 -2397.87 0 0 0 20 40 90 1848.563 -899.1221 -2398.767 5530.681 -1247.122 -2421.487
3 2811.687 -692.9925 -2403.134 0 0 0 140 20 150 2746.156 1758.41 -2400.149 2832 1802.766 -2399.996
3 3263.521 1938.008 -2400.576 0 0 0 9.999998 30 80 2885.007 1921.008 -2398.816 8081.609 1222.008 -2391.733
3 3293.521 1938.008 -2400.576 0 0 0 10.1 30 80 3280.788 1944.008 -2400.063 9671.345 -2127.992 -2366.815
3 3343.521 1938.008 -2400.576 0 0 0 35.1 30 30 3280.788 1944.008 -2400.063 9671.345 -2127.992 -2366.815
3 3734.124 1577 -2396.116 0 0 0 260 30 80 3797.711 1578 -2398.22 6932.851 1302 -2466.273
3 3758.687 1577 -2399.34 0 0 0 90 30 25 3797.711 1578 -2398.22 6932.851 642 -2466.273
3 0.401558 -7.002838 -116.2271 0 0 0 80 30 9.999998 1.459993 -29.00284 -15.31577 -4.841716 -264.0028 -1826.621
3 -900.2448 -499.1621 -1996.864 0 0 0 20 28 30 -706.8752 -449.1621 -2029.203 -706.8752 -449.1621 -2049.203
3 -900.333 -450 -1996.296 0 0 0 30 30 40 -955.008 -404 -1986.72 762.5255 -1823 -2166.67
3 3544.781 1579 -2396.809 0 0 0 40 30 40 3508.794 1589 -2401.135 4440.49 712 -2413.781
3 4461.125 1577 -2396.116 0 0 0 9.999998 30 80 3797.711 1578 -2398.22 6932.851 1302 -2466.273
3 4491.125 1577 -2396.116 0 0 0 9.999998 30 80 4421.512 1578 -2399.2 6932.851 1962 -2466.273
3 4547.923 1593 -2287.531 0 0 0 80 60 40 4470.038 1585 -2389.851 4519.828 1552 -2303.333
3 4547.923 1593 -2507.531 0 0 0 80 60 40 4470.038 1585 -2389.851 4519.828 1552 -2303.333
3 -1466.224 -599 -573.9875 0 0 0 50 60 50 -1376.901 -603 -589.4774 -3038.637 -1463 -594.5698
1 -1399.339 -652 -912.4042 0 0 0 60 60 3600 -1405.157 -643 -825.7357 -1405.157 -643 -845.7357
3 -1399.436 -605.5061 -1320.819 0 0 0 150 80 90 -1403.433 -599.5061 -1414.115 -1343.798 -1017.506 717.7527
3 -1398.998 -601 -1796.5 0 270 0 30 40 40 -1399.796 -617 -1636.494 -1304.201 -748 -5335.322
1 -168.5933 -489 -2390.4 0 0 0 70 70 4900 -115.6161 -518 -2301.927 -115.6161 -518 -2321.927
1 -168.5933 -478 -2390.4 0 0 0 100 100 10000 -152.5454 -414 -2281.698 -121.6319 -518 -2358.788
3 1648.986 -887.1221 -2398.94 0 0 0 29.99995 10 29.99995 1570.006 -891.1221 -2398.626 5530.681 -1887.122 -2421.487
3 719.9485 -288.2861 -2351.724 0 0 0 110 60 40 590.191 -287.2861 -2350.889 2189.328 -1419.286 -2350.88
3 1430.403 -903.1221 -2401.37 0 0 0 39.99995 20 79.99995 1530.726 -843.1221 -2323.193 1451.049 -910.1221 -2401.209
3 1485.409 -930.1221 -2397.615 0 0 0 29.99995 10 29.99995 1655.029 -835.1221 -2382.371 1597.728 -884.1221 -2398.261
1 -1482.544 -596 -1677.345 0 0 0 40 40 1600 -1442.916 -633 -1657.183 -1442.916 -633 -1677.183
3 1475.956 -548 -2399.85 0 0 0 130 9.999998 180 1465.726 -496 -2398.233 4732.141 -2118 -2460.278
3 2156.986 -889.1221 -2398.92 0 0 0 19.99995 30 79.99995 1848.563 -899.1221 -2398.767 5530.681 -1247.122 -2421.487
1 -1291.519 -605.5061 -1389.336 0 0 0 50 50 2500 -1345.319 -575.5061 -1484.943 -1330.498 -630.5061 -1336.257
1 -1481.267 -559 -2330.679 0 0 0 20 20 400 -1527.324 -568 -2307.556 -1527.324 -568 -2327.556
1 -1481.267 -559 -2350.679 0 0 0 20 20 400 -1527.324 -568 -2307.556 -1527.324 -568 -2327.556
1 -1481.267 -559 -2310.679 0 0 0 20 20 400 -1527.324 -568 -2307.556 -1527.324 -568 -2327.556
1 -1561.19 -640 -2101.328 0 0 0 40 40 1600 -1395.073 -633 -2080.792 -1395.073 -633 -2100.792
3 3340.222 1832.748 -2399.05 0 0 0 50 50 50 3270.319 1878.748 -2400.106 3402.395 1953.748 -2394.709
1 -1323.531 -626 -2100.527 0 0 0 50 50 2500 -1401.296 -633 -2029.318 -1401.296 -633 -2049.318
3 3628.687 1577 -2399.34 0 0 0 60 30 25 3797.711 1578 -2398.22 6932.851 -39 -2466.273
3 -1405.546 -611 -777.6977 0 0 0 121 80 30 -1402.417 -643 -683.7952 -1402.417 -643 -703.7952
1 1414.993 -938.4155 -2399.58 0 0 0 50 50 2500 1498.519 -952.4155 -2384.065 1498.519 -952.4155 -2404.065
3 1485.8 -952.1221 -2397.793 0 0 0 29.99995 10 29.99995 1560.009 -904.1221 -2354.283 1475.768 -970.1221 -2412.016
3 1936.986 -889.1221 -2398.92 0 0 0 19.99995 30 79.99995 1848.563 -899.1221 -2398.767 5530.681 -1247.122 -2421.487
3 631.9774 -531 -2351.196 0 180 0 50 40 40 995.4927 -481.9055 -2402.253 1078.311 -496.5257 -2398.111
3 945.7905 -218.2861 -2405.344 0 0 0 160 70 40 785.576 -242.2861 -2401.941 2804.066 -479.2861 -2391.251
3 1114.989 -181 -2399.148 0 0 0 50 50 80 1036.458 -205 -2399.622 2619.878 -443 -2394.362
3 1164.989 -181 -2399.148 0 0 0 20 50 80 1036.458 -205 -2399.622 2619.878 -443 -2394.362
3 1064.989 -223 -2399.148 0 0 0 60 100 90 1062.297 -218 -2337.646 1081.847 -486.9554 -2394.064
3 1412.921 -190 -2401.518 0 0 0 20 40 80 1086.105 -496 -2400.78 4732.141 -683 -2460.278
3 1444.921 -200 -2401.518 0 0 0 9.999998 40 80 1431.131 -166 -2400.504 6041.948 -3058 -2484.009
3 1935.663 -282 -2398.996 0 0 0 20 50 80 1873.64 -300 -2397.613 4761.436 -688 -2459.857
1 -1480.17 -636 -565.2701 0 0 0 70 70 4900 -1485.106 -643 -620.2879 -1485.106 -643 -640.2879
3 -1493.861 -556.0101 -645.7491 0 0 0 40 30 110 -1468.038 -525.0101 -572.573 -2432.008 -3383.01 -2247.642
3 -1397.757 -556.0101 -739.9275 0 270 0 40 30 110 -1470.068 -525.0101 -689.7725 1173.199 -3853.01 -3155.695
3 -1303.332 -694.0073 -1616.552 0 0 0 20 50 24 -1493.332 -630.0073 -1602.552 -1493.332 -630.0073 -1622.552
1 -1322.544 -596 -1677.345 0 0 0 40 40 1600 -1442.916 -633 -1657.183 -1442.916 -633 -1677.183
3 -1407.371 -587 -1516.906 0 0 0 150 70 40 -1370.417 -633 -1600.525 -1370.417 -633 -1620.525
1 -158.0005 -396.2661 -2376.997 0 0 0 40 40 1600 -31.90321 -390.2661 -2227.077 -88.13176 -418.2661 -2368.261
3 -442.2336 -107.0028 -648.8822 0 0 0 47 60 130 -421.4759 -61.00283 -648.794 -2420.637 -764.0028 -703.5109
3 -442.2336 -207.0028 -648.8822 0 0 0 47 60 130 -421.4759 -61.00283 -648.794 -2420.637 -764.0028 -703.5109
