3 -2612.195 -1870 -8169.298 0 0 0 30 30.00001 40 -2636.786 -1825 -8208.739 -2359.75 -2009 -7970.855
3 -2611.592 -2262.042 -11991.88 0 0 0 100.1 210 100.1 -2551.17 -2235.042 -11877.72 -2552.078 -2301.042 -12171.84
3 -2502.516 -2144.042 -11914.6 0 0 0 100.1 59.99999 100.1 -2397.203 -2193.042 -11929.97 -2551.244 -2340.042 -11961.61
3 -2552.578 -2171.042 -11608.38 0 0 0 130 110 10.1 -2533.165 -2178.042 -11503.28 -2632.127 -3007.042 -15421.22
3 -2566.446 -2263.042 -12087.7 0 0 0 80.09999 210 80.09999 -2551.17 -2235.042 -11877.72 -2552.078 -2301.042 -12171.84
3 -0.08993299 -1783.939 -6668.913 0 0 0 20 45 20 0.919005 -1736.939 -6705.147 -0.6814139 -1812.939 -6575.308
3 -0.08993299 -1843.939 -6668.913 0 0 0 20 45 20 44.52496 -1748.939 -6704.708 -62.41826 -1858.939 -6567.889
3 -2765.402 -1943.045 -6458.217 0 0 0 140 150 100 -2633.796 -1855.045 -6375.713 -2527.921 -1920.045 -6469.15
3 -2660.975 -1604.045 -6350.229 0 0 0 240 200 200.1 -2637.144 -1673.045 -6375.745 -2602.213 -1738.045 -6380.424
3 -2576.174 -1734.045 -6433.952 0 0 0 70 140 210.1 -2601.979 -1726.045 -6316.281 -2613.734 -1748.045 -6387.378
3 -2560.125 -1685.045 -6656.076 0 0 0 140 150 190 -2566.442 -1731.045 -6665.753 -2552.821 -1989.045 -7911.38
3 -2560.125 -1646.045 -6976.076 0 0 0 140 150 200 -2566.442 -1731.045 -6665.753 -2552.821 -1989.045 -7911.38
3 -669.6182 -4194 -19139.34 0 0 0 80 60 80 -694.6652 -4141 -19210.83 -680.9232 -4338 -19477.23
3 -669.6182 -4161 -19139.34 0 0 0 80 60 80 -694.6652 -4141 -19210.83 -664.5704 -4459 -19725.3
3 -1414.637 -1930 -6448.974 0 0 0 50 60 100 -1368.515 -1800 -6450.955 -1805.076 -2325 -6497.152
1 0.398114 -1740.028 -6668.312 0 0 0 22 22 484 -43.64234 -1805.028 -6545.578 -43.64234 -1805.028 -6565.578
3 -3.82428 115 28.33762 0 0 0 70 20 80 6.298707 7 49.91272 -2.658376 9 -40.6447
3 1.772098 294 23.07686 0 0 0 70 140 80 -41.05466 23 -84.13425 8.126816 242 30.79237
3 12.42547 -22 -75.3968 0 0 0 110 90 150 10.10457 58 -121.5898 -156.7794 -624 -1517.708
3 -34.87331 -1749.985 -6475.217 0 0 0 160 70 170 -61.02754 -1739.985 -6452.267 -600.9644 -2049.985 -6475.389
1 -414.0114 -1944 -6468.594 0 0 0 150 150 22500 -314.1599 -1810 -6433.763 -314.1599 -1810 -6453.763
1 -2557.146 -1921.838 -7526.788 0 0 0 140 140 19600 -2556.364 -1859.838 -7736.899 -2556.364 -1859.838 -7756.899
3 -2567.222 -1783 -8364.976 0 0 0 110 240 100 -2560.821 -1660 -8352.637 -2553.295 -1935 -8769.15
3 -2567.78 -1781 -8362.944 0 0 0 110 30.00001 40 -2561.26 -1660 -8312.637 -2558.59 -1839 -8555.382
3 -2559.227 -2424 -10473.74 0 0 0 140 70 250 -2544.645 -2405 -10510.7 -2544.645 -2405 -10530.7
3 -2555.184 -2215.617 -10401.76 0 0 0 130 200 290 -2562.265 -2238.617 -10151.91 -2542.565 -3324.617 -15047.15
3 -2548.913 -2245.617 -9910.737 14.0625 0 0 130 200 350 -2547.788 -2191.617 -10061.4 -2560.309 -2293.617 -10419.93
1 -2560.57 -2460.001 -10074.25 0 0 0 250 250 62499.98 -2559.204 -2283.001 -10182.68 -2559.204 -2283.001 -10202.68
3 -2567.197 -2205 -10732.62 0 0 0 140 100 80 -2563.665 -2134 -10682.38 -2574.794 -2939 -12420.11
3 -2572.288 -1986 -10505.86 2.8125 0 0 40 70 300 -2520.499 -2009 -10184.95 -10158.87 1436 -23653.91
3 -2494.103 -1703 -9652.902 315 0 0 100 70.00001 500 -2557.482 -1571 -9464.701 -2518.891 -5109 -11736.68
3 -2565.684 -2171.042 -11764.18 0 0 0 130 110 10.1 -2521.43 -2200.042 -11919.39 8742.213 -4811.042 -12022.89
3 -858.0626 -2355 -12044.99 0 4.21875 0 300 400 80.00001 -632.7291 -2243.908 -11936.99 -376.2789 -2296.174 -11890.96
3 -2790.49 -3773.286 -18368.17 0 0 0 69.99997 200.1 359.9999 -2772.183 -3723.286 -18261.36 -2787.211 -4182.286 -18645.04
3 -2462.254 -4237 -18114.12 0 0 0 70 70 70 -2532.555 -4217 -18079.97 -2381.016 -4460 -18268.73
3 -2462.254 -4237 -18448.12 0 0 0 70 70 80 -2539.819 -4216 -18437.42 -2324.205 -4476 -18594.59
3 -2659.13 -4237 -18446.26 0 0 0 70 70 80 -2668.603 -4195 -18437.88 -2705.263 -4450 -18834.63
3 -2659.13 -4237 -18093.26 0 0 0 70 70 80 -2613.574 -4178 -18054.61 -2718.205 -4441 -18340.67
3 -2429.885 -4220 -18428.83 0 0 0 40.09999 70 300 -2374.064 -4114 -18423.97 -2515.396 -4464 -19089.58
3 -2699.885 -4220 -18428.83 0 0 0 40.09999 70 300 -2692.8 -4217 -18182.47 -2199.452 -4620 -20170.93
1 -450.9218 -4156.887 -22507.58 0 0 0 190 190 36100 -392.6768 -4126.887 -22353.31 -392.6768 -4126.887 -22373.31
3 -2032.424 -2306.042 -11955.02 0 0 354.375 270 30.09999 30.1 -700.9033 -2230.042 -11897.63 455.2727 -2255.042 -11963.25
3 -1219.352 -1830 -6471.899 0 0 0 250 60 100 -1249.46 -1854 -6467.149 -1900.429 -2234 -6468.668
1 -2488.624 -4231.833 -18341.34 0 0 0 55 55 3025 -2523.773 -4147.833 -18432.15 -2523.773 -4147.833 -18452.15
1 -2488.624 -4231.833 -18201.34 0 0 0 55 55 3025 -2523.773 -4147.833 -18432.15 -2523.773 -4147.833 -18452.15
1 -2488.624 -4231.833 -18551.34 0 0 0 55 55 3025 -2523.773 -4147.833 -18432.15 -2523.773 -4147.833 -18452.15
1 -2488.624 -4231.833 -18691.34 0 0 0 55 55 3025 -2523.773 -4147.833 -18432.15 -2523.773 -4147.833 -18452.15
1 -2623.624 -4231.833 -18691.34 0 0 0 55 55 3025 -2523.773 -4147.833 -18432.15 -2523.773 -4147.833 -18452.15
1 -2623.624 -4231.833 -18551.34 0 0 0 55 55 3025 -2523.773 -4147.833 -18432.15 -2523.773 -4147.833 -18452.15
1 -2628.624 -4231.833 -18361.34 0 0 0 55 55 3025 -2523.773 -4147.833 -18432.15 -2523.773 -4147.833 -18452.15
1 -2628.624 -4231.833 -18191.34 0 0 0 55 55 3025 -2523.773 -4147.833 -18432.15 -2523.773 -4147.833 -18452.15
1 -2318.778 -4265.257 -19428.62 0 0 0 140 140 19600 -1790.99 -4214.257 -19440.02 -1790.99 -4214.257 -19460.02
1 -686.926 -4107.565 -21999.43 0 0 0 130 130 16900 -698.6487 -4081.566 -22130.65 -698.6487 -4081.566 -22150.65
3 -1045.683 -1855 -6470.799 0 0 0 11.1 11 35 -1106.026 -1880 -6516.074 -1020.908 -1840 -6447.07
3 -1349.329 -1820 -6484.734 0 0 0 11.1 11 35 -1389.22 -1846 -6520.038 -1346.759 -1808 -6486.377
1 -2558.544 -1823 -11242.13 0 0 0 309.9999 309.9999 96099.98 -2546.981 -2185 -11201.29 -2546.981 -2185 -11221.29
3 -2562.963 -2129 -11296.63 0 0 0 39.99997 69.99997 110 -2555.337 -2163 -11197.43 -2562.659 -2181 -11904.52
3 -1580.01 -1865 -6466.852 0 0 0 120 80 80 -1876.741 -1874 -6472.211 -2090.564 -2060 -6470
3 -2769.071 -4099.031 -18589.25 0 0 0 80.00001 60 200 -2750.488 -4078.031 -18405.65 -2746.945 -4172.031 -18728.43
3 -2749.609 -4088.033 -18434.79 0 0 0 10 20 15 -2750.403 -4087.033 -18415.66 -2750.865 -4170.033 -18763.49
3 -2749.502 -4026.029 -18679.97 0 0 0 15 15 39 -2714.878 -4044.029 -18633.55 -2778.75 -3998.029 -18698.81
3 -2562.049 -4039.029 -18728.42 0 90 0 17 35 37 -2521.493 -4036.029 -18702.27 -2655.151 -4134.029 -18875.27
3 -2568.082 -3781.029 -18655.52 0 90 0 100 300 120 -2541.262 -4040.029 -18653.32 -2556.575 -4274.029 -18818.99
3 -2562.16 -4109.029 -18750.42 0 90 0 15 15 39 -2536.868 -4092.029 -18714.32 -2657.563 -4228.029 -18986.47
3 -2560.581 -4110.956 -18620.75 0 0 0 100 40 150 -2560.765 -4127.956 -18516.69 -2553.203 -4371.956 -20208.18
3 -3008.795 -3921.99 -19337.05 0 0 0 200 80 60 -3032.788 -3947.99 -19335.18 -2673.457 -4028.99 -19337.95
3 -677.5573 -4221 -20367.24 0 0 0 80 60 250 -684.3164 -4258 -20236.4 -695.3455 -4902 -22444.4
1 0.843909 -1816.976 -6471.339 0 0 0 55 55 3025 -19.88181 -1809.976 -6497.09 -19.88181 -1809.976 -6517.09
1 -2578.944 -1686.104 -9291.734 0 0 0 33 33 1089 -2563.52 -1680.104 -9249.565 -2563.52 -1680.104 -9269.565
1 -2560.633 -2332 -11920.08 0 0 0 110 110 12100 -2488.114 -2260 -11892.86 -2488.114 -2260 -11912.86
3 -2373.145 -2273 -11954.36 0 0 344.5313 100 4 4 -2488.114 -2260 -11892.86 -2488.114 -2260 -11912.86
3 -2560.153 -1680 -9066.773 0 0 0 80 90 110 -2559.706 -1634 -9071.234 -2559.865 -1900 -9575.913
3 -2187.519 -2388 -11988.99 0 0 0 50 30 40 -2115.458 -2352 -12000.61 -2331.563 -2455 -11924.18
3 -2187.519 -2388 -11849.99 0 0 0 50 30 40 -2126.391 -2339 -11870.79 -2336.547 -2455 -11890.01
3 -685.4673 -4376 -20554.06 0 0 0 100 60 300 -679.1036 -4353 -20425.58 -695.3455 -4602 -21244.4
3 -709.9185 -4296 -20674.92 0 0 0 100 120 70.00001 -681.456 -4298 -20535.42 -780.1671 -5617 -22585.83
3 -2558.621 -1935.591 -12120.38 0 0 0 30 80 30 -2542.333 -2113.591 -12099.35 -2576.799 -1966.591 -12129.39
3 -2558.413 -2115.042 -12122.81 0 0 0 50.09999 49.99996 50.09999 -2556.467 -2114.042 -12084.08 -2558.123 -2301.042 -12400.93
1 -2561.103 -4274.996 -17232.88 0 0 0 70 70 4900 -2540.998 -4224.996 -17220.84 -2559.025 -4300.996 -17219.86
3 -2558.611 -4289.996 -17219.93 0 0 0 20 50 20 -2540.998 -4224.996 -17220.84 -2559.025 -4403.996 -17219.86
3 -2561.667 -4250.996 -17258.38 0 0 0 40 80 15 -2555.984 -4224.996 -17348.59 -2558.558 -4240.996 -17492.34
3 -2558.621 -2085.591 -12120.38 0 0 0 30 90 30 -2559.892 -2113.591 -12088.3 -2561.175 -2141.591 -12175.95
3 -2563.074 -2253.042 -12289.58 0 0 0 80.09999 151 200.1 -2553.987 -2193.042 -12149.98 -2633.474 -2609.042 -13101.61
3 -2558.611 -4311.996 -17219.93 0 0 0 40 50 40 -2540.998 -4224.996 -17220.84 -2559.025 -4403.996 -17219.86
3 -1.695521 98 -203.9659 0 0 0 110 110 150 26.61118 87 -353.3998 -141.8192 -516 -1170.908
1 12.05685 28 203.4802 0 0 0 200 200 40000 6.298707 7 49.91272 -2.658376 9 -40.6447
3 -173.4031 -67 -972.4565 331.875 22.5 0 140 140 150 -170.9318 -143 -1066.345 -1453.68 -1636 -2267.897
3 -403.8276 -3988.887 -22510.36 0 0 0 240 89.99996 100 -514.856 -3908.887 -22513.42 266.4364 -4279.887 -22495.05
3 -155.5676 -4092.887 -22483.75 0 0 351.5625 230.1 59.99996 60 -392.6768 -4126.887 -22353.31 -392.6768 -4126.887 -22373.31
3 -534.5584 -422 -1427.795 315 45 0 140 140 150 -614.5816 -623 -1685.434 19.46122 -1236 -2676.191
3 -506.6838 -617 -1825.848 337.5 45 0 60 140 150 -614.5816 -623 -1685.434 19.46122 -1236 -2676.191
3 -345.269 -262 -1272.162 315 45 0 140 140 150 -170.9318 -143 -1066.345 -1453.68 -1636 -2267.897
3 -349.5545 -677 -1912.592 337.5 45 0 140 140 150 -323.1651 -733 -1958.476 1914.317 -1757 -3076.24
3 426.3712 -847 -2489.616 337.5 33.75 0 100 140 150 564.8451 -888 -2797.107 -218.3012 -1887 -5289.486
3 329.8211 -817 -2415.474 337.5 30.9375 0 40.00001 140 150 -323.1651 -733 -1958.476 1864.483 -1757 -3238.171
3 474.3161 -864 -2802.951 0 22.5 0 160 160 150 488.4581 -888 -2880.478 -2280.335 -2107 -4370.088
3 288.3082 -929 -2967.567 0 67.5 0 160 160 150 313.7515 -943 -2964.753 -2180.568 -2947 -4488.295
3 -483.8091 -1174 -3445.553 337.5 45 0 160 160 100 -668.262 -1238 -3506.041 405.1393 -3557 -7642.22
3 -642.9828 -1282 -3624.802 337.5 53.4375 0 240 160 200 -645.34 -1328 -3727.884 5470.964 -7047 -9498.422
3 -399.0899 -1134 -3351.21 337.5 45 0 160 160 50.00001 313.7515 -943 -2964.753 -2180.568 -2947 -4488.295
3 -255.2766 -1465 -4037.226 320.625 70.3125 22.5 160 160 150 6.172288 -1938 -5089.097 433.0381 -3232 -6162.769
3 -64.5068 -1693 -4466.375 320.625 70.3125 22.5 160 160 150 6.172288 -1938 -5089.097 -22.20642 -3047 -7219.817
3 6.951927 -1904.976 -4892.965 0 0 0 105 155 10 -19.88181 -1809.976 -6497.09 -19.88181 -1809.976 -6517.09
3 -21.82696 -1808 -4840.538 0 92.8125 0 300 200 150 1.569891 -1963 -5058.999 -22.20642 -2747 -7219.817
3 -2560.698 -1637.988 -8517.182 0 0 0 30 110 60 -2560.74 -1542.988 -8477.648 -2562.974 -1850.988 -8858.949
3 -2572.647 -2150.042 -11515.62 0 0 0 130 110 100.1 -2533.165 -2178.042 -11503.28 -2632.127 -3007.042 -15421.22
3 -2513.319 -2141.042 -11235.31 0 0 0 130 110 10.1 -2533.165 -2178.042 -11503.28 -2632.127 -3007.042 -15421.22
3 -2552.352 -4241 -17276.53 0 0 0 50 50 4.000001 -2616.741 -4230 -17364.29 -2534.353 -4260 -17335.09
3 -493.7541 -2220 -11953.01 0 0 0 130 79.99998 130 -659.136 -2218.908 -11955.92 -376.2789 -2296.174 -11890.96
3 -2025.767 -3943.764 -21728.62 0 0 0 230 70 100 -2217.884 -3963.764 -21815.41 -2217.884 -3963.764 -21835.41
3 -2056.116 -3942.764 -22014.55 0 0 0 250 70 100 -2217.884 -3963.764 -21815.41 -2217.884 -3963.764 -21835.41
3 -2354.853 -3935.764 -21879.54 0 0 0 130 70 200 -2217.884 -3963.764 -21815.41 -2217.884 -3963.764 -21835.41
1 -2193.029 -3981 -21872.16 0 0 0 30 30 900 -2109.513 -3931 -21888.87 -2204.194 -3975 -21856.97
3 -2188.853 -3935.764 -21869.54 0 0 0 70.00001 70 60.09999 -2111.795 -3937.764 -21890.01 -2272.191 -3993.764 -21829.59
3 -1784.574 -3913.764 -21860.48 0 0 0 160 100 100 -1677.984 -3893.764 -21881.11 -2217.884 -4063.764 -21835.41
3 -1244.574 -3913.764 -21860.48 0 0 0 180 100 100 -1677.984 -3893.764 -21881.11 -2217.884 -4163.764 -21835.41
3 -1199.86 -3901 -21869.92 0 0 0 12 15 40 -1274.287 -3926 -21930.72 -1209.221 -3891 -21857.55
3 -1399.224 -3901 -21870.36 0 0 0 65 35 40 -1368.164 -3917 -21917.59 -1499.035 -3852 -21780.2
3 -1733.012 -4006 -21872.75 0 0 0 55 45 46 -1704.906 -4055 -21912.43 -1900.913 -3746 -21656.91
3 -1199.86 -3947 -21869.92 0 0 0 32 65 70 -1165.962 -3864 -21873.02 -1221.327 -3995 -21867.93
1 -1084.031 -3839 -21870.91 0 0 0 90 90 8100 -1181.24 -3970 -21864.22 -1181.24 -3970 -21884.22
3 -1266.565 -1958 -6467.51 0 0 0 200 80 100 -1194.304 -1951 -6472.516 -1820.922 -2320 -6456.175
3 -1046.565 -1958 -6467.51 0 0 0 30.00001 80 100 -1194.304 -1951 -6472.516 -1820.922 -2320 -6456.175
1 -2586.344 -1671.104 -9310.507 0 0 0 93 93 8649 -2586.117 -1605.104 -9265.871 -2573.828 -2388.104 -10018.92
3 -2441.047 -4238.956 -18760.1 0 0 0 58.09999 40 55.00001 -2410.82 -4214.956 -18726.52 -2895.509 -4492.956 -19132.69
3 -2681.047 -4238.956 -18750.1 0 0 0 58.09999 40 55.00001 -2720.109 -4212.956 -18717.97 -2229.12 -4527.956 -18958.83
1 -2559.761 -1518 -9192.329 0 0 0 120 120 14400 -2570.425 -1680 -9162.105 -2570.425 -1680 -9182.105
3 -2595.195 -1891 -8320.298 0 0 0 30 30.00001 40 -2621.951 -1790 -8228.38 -2256.644 -3094 -9470.632
3 -2548.731 -4253.286 -17564.67 0 0 0 69.99997 100.1 259.9999 -2556.425 -4233.286 -17506.35 -2514.181 -4852.286 -19879.15
3 -2543.731 -4338.286 -18114.74 0 0 0 300.9999 100.1 759.9999 -2556.425 -4233.286 -17506.35 -2514.181 -4852.286 -19879.15
1 -2559.628 -1518.301 -8570.637 0 0 0 60 60 3600 -2555.319 -1613.301 -8496.125 -2555.319 -1613.301 -8516.125
3 -684.2522 -4204 -19310.64 0 0 0 90 43 90 -694.6652 -4141 -19210.83 -657.8798 -4243 -20589.11
3 -684.2522 -4079 -19326.64 0 0 0 90 93 92 -683.5074 -4066 -19298.31 -676.0182 -7013 -26335.81
3 -684.2522 -4194 -19440.64 0 0 0 90 33 20 -579.3177 -4101 -19437.89 -1388.622 -4713 -19662.46
1 -686.2245 -4194 -19416.39 0 0 0 90 90 8100 -579.3177 -4101 -19437.89 -1388.622 -4713 -19662.46
3 -684.2522 -4119 -19545.64 0 0 0 90 83.00001 120 -689.6022 -4111 -19400.76 -666.3795 -4713 -21412.61
1 -741.7791 -4160 -19117.31 0 0 0 50 50 2500 -731.2835 -4250 -19166.87 -731.2835 -4250 -19186.87
1 -951.9547 -4102.158 -19121.18 0 0 0 50.00001 50.00001 2500 -1053.614 -4154.158 -19101.52 -1053.614 -4154.158 -19121.52
3 -662.6291 -4226 -20000.69 0 0 0 80 90 220 -684.3164 -4258 -20236.4 -695.3455 -5002 -22444.4
3 -689.9185 -4126 -20794.92 0 0 0 70 70 170 -681.456 -4043 -20535.42 -780.1671 -6247 -22585.83
3 -682.1515 -4153 -21030.29 0 0 0 80 160 280 -691.4843 -4128 -20753.06 -695.3455 -4602 -22444.4
3 -682.1515 -4065 -21440.29 0 0 0 80 240 280 -691.4843 -4128 -20753.06 -695.3455 -4202 -23000.4
3 -2533.003 -1813 -8134.067 0 0 0 110 120 230 -2555.642 -1750 -7807.552 -2553.295 -2015 -8769.15
1 -1296.739 -1951.46 -6116.667 0 0 0 300 300 90000 -1405.291 -2010.46 -6382.845 -1405.291 -2010.46 -6402.845
3 -2566.152 -2221 -11021.96 0 0 0 150 110 220 -2563.665 -2134 -10682.38 -2574.794 -2869 -13120.11
1 -804.9638 -3965 -19112.94 0 0 0 200 200 40000 -731.2835 -4250 -19166.87 -731.2835 -4250 -19186.87
1 4.488134 -1781.503 -5172.441 0 0 0 180 180 32400 -45.54675 -1918.503 -4891.533 -45.54675 -1918.503 -4911.533
3 -2512.195 -1870 -8169.298 0 0 0 30 30.00001 40 -2476.786 -1825 -8208.739 -2706.912 -2009 -8061.786
3 -463.1942 -2285 -11919.95 0 0 0 110 20 115 -2363.842 -2204.932 -11932.19 -2412.558 -2232.36 -11977.04
3 9.692191 -2025.045 -6157.165 0 0 0 140 200 550 0.628983 -1951.045 -5602.089 -2E-06 -3000 -9586.467
3 -2561.011 -1822 -8350.097 0 0 0 75 30.00001 30 -2561.26 -1660 -8312.637 -2558.59 -2139 -9055.382
3 -2565.139 -1680 -8880.222 0 0 0 80 90 110 -2559.706 -1634 -9071.234 -2559.865 -1800 -9575.913
3 -2558.243 -2251 -11030.07 0 0 0 40.00001 30 30.00001 -2563.665 -2134 -10682.38 -2574.794 -5669 -13120.11
3 -484.0705 -2214 -11824.86 0 0 0 50 100 55 -600.2424 -2228 -11862.25 506.6089 -2517 -11922.06
1 -408.8953 -2362 -11922.36 0 0 0 140 140 19600 -444.9995 -2290 -11901.26 -444.9995 -2290 -11921.26
3 -424.4893 -2204 -11921.67 0 0 0 90 65 130 -567.2684 -2184 -11920.83 506.6089 -2407 -11922.06
1 0.499294 -1925.742 -5050.71 0 0 0 40 40 1600 -2.548485 -1884.742 -4994.981 0.499294 -1944.742 -5080.71
3 -2562.737 -2153.042 -12259.66 0 0 0 80.09999 151 200.1 -2553.987 -2193.042 -12149.98 -3065.906 -3499.042 -15547.4
3 -2612.301 -2278.042 -12792.24 347.3438 11.25 0 130.1 201 400.1 -2607.625 -2278.042 -12978.22 -4876.179 -6104.042 -15223
3 -2873.697 -2443.042 -13283.34 0 46.40625 22.5 160.1 280.9999 400.1 -2804.322 -2448.042 -13253.62 -5000.445 -5664.042 -15874.94
3 -3206.007 -2693.042 -13841.89 337.5 316.4063 337.5 260.1 280.9999 400.1 -3421.508 -2338.042 -13511.14 -201.2321 -9564.041 -22035.73
3 -2532.219 -2878.042 -14293.96 355.7813 293.9063 350.1563 260.1 280.9999 650.1 -3303.416 -2548.042 -13965.08 6061.809 -7694.042 -19359.31
3 -2333.49 -3208.042 -15288.18 355.7813 59.0625 350.1563 360.1 300.9999 650.1 -2007.573 -3138.042 -14838.37 -13297.98 -10500.04 -28976.63
3 -2011.94 -3083.042 -14742.25 355.7813 59.0625 350.1563 310.1 300.9999 160.1 -2299.491 -3023.042 -14452.71 -479.2776 -14380.04 -30000
3 -3047.684 -3638.042 -16111.68 355.7813 357.1875 350.1563 510.1 300.9999 350.1 -3242.738 -3118.042 -15583.06 9882.694 -18850.04 -32654.96
3 -2807.69 -3843.042 -16530.64 355.7813 337.5 350.1563 360.1 350.9999 500.1 -2630.333 -3903.042 -16396.89 7549.073 -21430.04 -30000
3 -2493.396 -4073.042 -16884.17 355.7813 0 350.1563 360.1 350.9999 400.1 -2549.606 -4203.042 -16914.64 -3769.122 -13030.04 -47425.93
3 -3129.687 -3478.042 -15783.28 355.7813 337.5 12.65625 360.1 300.9999 350.1 -2998.901 -3058.042 -15279.62 -3265.42 -17650.04 -30000
3 -2265.712 -2945.336 -14484.36 310.7813 225 25.3125 60 11 11.1 -2155.587 -3081.336 -14603.07 -2742.769 -2988.336 -14162.29
3 -2338.329 -3034.594 -14451.46 0 19.6875 350.1563 60 10 10 -2188.481 -3077.594 -14582.52 -2524.528 -3098.594 -14357.03
3 -2599.01 -4098.996 -17251.47 0 0 0 30 50 30 -2564.647 -4221.996 -17156.34 -2630.198 -4065.996 -17284.2
3 -2576.319 -3978.042 -17097 0 0 0 160.1 151 200.1 -2590 -4093.042 -16945.87 -2981.948 -4530.043 -25773.95
3 -2745.132 -4043.286 -18921.35 348.75 0 0 69.99997 100.1 429.9999 -2772.183 -3723.286 -18261.36 -2887.211 -4982.286 -21845.04
3 -2760.938 -4013.286 -17935.98 0 0 0 69.99997 100.1 259.9999 -2772.183 -3723.286 -18261.36 -2887.211 -4982.286 -21845.04
3 -2768.366 -3935.99 -19309.63 0 0 0 10.1 20 10 -2772.757 -3941.99 -19343.38 -3844.651 -4273.989 -19320.8
3 -3367.465 -3473.042 -15348.92 0 315 0 360.1 300.9999 350.1 -2998.901 -3058.042 -15279.62 -3265.42 -17650.04 -30000
3 -674.0652 -4099.913 -22540.12 0 0 0 400 30 300 -679.5939 -4095.914 -22255.18 -679.5939 -4095.914 -22275.18
3 -701.9198 -4038.914 -22143.21 344.5313 0 0 400 10 170 -679.5939 -4095.914 -22255.18 -679.5939 -4095.914 -22275.18
3 -700.2208 -4095.913 -21845.84 22.5 0 0 400 50 170 -679.5939 -4095.914 -22255.18 -679.5939 -4095.914 -22275.18
3 -671.2379 -4115 -22200.64 351.5625 0 0 80 140 340 -714.1882 -3973 -21991.72 -749.714 -4542 -24438.77
3 -650.7135 -4085 -21992.96 351.5625 0 0 80 140 140 -714.1882 -3973 -21991.72 -749.714 -4542 -24438.77
3 -633.682 -3860.764 -21986.23 0 0 0 40.00001 100 40.09999 -593.4553 -3838.764 -21970.06 -1808.01 -4883.764 -20857.36
1 -591.8526 -4177.565 -21923.14 0 0 0 190 190 36100 -698.6487 -4081.566 -22130.65 -698.6487 -4081.566 -22150.65
3 -663.184 -3860.764 -21854.03 0 0 0 80.00001 100 130.1 -593.4553 -3838.764 -21970.06 -1808.01 -4883.764 -20857.36
3 -970.7043 -3868.764 -21866.83 0 0 8.4375 250 100 100 -1677.984 -3893.764 -21881.11 -2217.884 -4263.764 -21835.41
3 84.53873 -1808 -6175.897 0 0 0 30 300 700 27.55476 -1810 -6568.991 27.55476 -1810 -6588.991
3 -248.6633 -1759.985 -6494.939 0 0 0 160 70 170 -61.02754 -1739.985 -6452.267 -600.9644 -1949.985 -6475.389
3 -1859.46 -1865 -6489.806 0 0 0 220 80 80 -1597.278 -1819 -6466.109 -2990.564 -2460 -6470
3 -1685.819 -2436 -11854.41 0 0 0 40 60 40 -1742.528 -2356 -11898.35 -1572.132 -2537 -11784.43
3 -1685.819 -2436 -11989.41 0 0 0 40 60 40 -1735.126 -2357 -11955.73 -1572.132 -2537 -12084.43
3 -2503.326 -4241 -17335.68 0 0 0 30 50 30 -2577.085 -4204 -17380.92 -2534.353 -4260 -17335.09
3 -2616.326 -4241 -17335.68 0 0 0 30 50 30 -2577.085 -4204 -17380.92 -2613.153 -4260 -17312.89
3 -2548.731 -4253.286 -17344.67 0 0 0 69.99997 100.1 29.99998 -2556.425 -4233.286 -17506.35 -2514.181 -4852.286 -19879.15
3 -676.2068 -2105 -11877.61 0 0 0 329.9999 79.99998 130 -632.7291 -2243.908 -11936.99 -376.2789 -2296.174 -11890.96
3 -1760.008 -2255 -11822.35 0 0 0 700 400 50.00001 -632.7291 -2243.908 -11936.99 -376.2789 -2296.174 -11890.96
3 -1760.008 -2300 -12047.35 0 0 0 700 400 50.00001 -632.7291 -2243.908 -11936.99 -376.2789 -2296.174 -11890.96
3 -1000.341 -2350 -11732.28 0 0 0 200 400 50.00001 -632.7291 -2243.908 -11936.99 -376.2789 -2296.174 -11890.96
3 -626.4252 -2355 -12023.68 0 0 0 300 400 80.00001 -632.7291 -2243.908 -11936.99 -376.2789 -2296.174 -11890.96
1 -871.8277 -3814.383 -22694.65 0 0 0 359.9999 359.9999 129600 -728.5626 -4049.383 -22304.33 -728.5626 -4049.383 -22324.33
1 137.3207 -3664.383 -22275.89 0 0 0 369.9999 369.9999 136900 -728.5626 -4049.383 -22304.33 -728.5626 -4049.383 -22324.33
1 -2610.795 -1571.443 -6255.785 0 0 0 200 200 40000 -2359.919 -1676.443 -6382.901 -2359.919 -1676.443 -6402.901
1 -2798.507 -1571.443 -6329.243 0 0 0 200 200 40000 -2359.919 -1676.443 -6382.901 -2359.919 -1676.443 -6402.901
1 -2866.295 -1721.443 -6453.441 0 0 0 200 200 40000 -2359.919 -1676.443 -6382.901 -2359.919 -1676.443 -6402.901
1 -2774.738 -3922.938 -19498.47 0 0 0 100 100 10000 -2455.82 -4139.938 -19408.27 -2455.82 -4139.938 -19428.27
1 -2728.976 -3842.938 -19564.73 0 0 0 150 150 22500 -2455.82 -4139.938 -19408.27 -2455.82 -4139.938 -19428.27
1 -2605.23 -3872.938 -19687.06 0 0 0 150 150 22500 -2455.82 -4139.938 -19408.27 -2455.82 -4139.938 -19428.27
1 -2580.094 -4042.938 -19703.51 0 0 0 110 110 12100 -2455.82 -4139.938 -19408.27 -2455.82 -4139.938 -19428.27
1 -2555.104 -4142.938 -19690.63 0 0 0 110 110 12100 -2455.82 -4139.938 -19408.27 -2455.82 -4139.938 -19428.27
1 -1730.107 -3762.938 -19272.77 0 0 0 400 400 160000 -2455.82 -4139.938 -19408.27 -2455.82 -4139.938 -19428.27
3 -2580.43 -1688.96 -9434.572 348.75 0 0 4.1 5 80 -2572.047 -1684.96 -9300.588 -2572.047 -1684.96 -9320.588
3 -2579.615 -1719.96 -9539.367 334.6875 0 0 4.1 5 40 -2572.047 -1684.96 -9300.588 -2572.047 -1684.96 -9320.588
1 -2582.869 -1710.96 -9513.201 0 0 0 13.1 13.1 171.61 -2572.047 -1684.96 -9300.588 -2572.047 -1684.96 -9320.588
3 -2579.615 -1763.96 -9611.367 323.4375 0 0 4.1 5 50 -2572.047 -1684.96 -9300.588 -2572.047 -1684.96 -9320.588
3 -2579.615 -1821.96 -9671.367 312.1875 0 0 4.1 5 50 -2572.047 -1684.96 -9300.588 -2572.047 -1684.96 -9320.588
3 -2579.615 -1928.96 -9761.367 309.375 0 0 4.1 5 100 -2572.047 -1684.96 -9300.588 -2572.047 -1684.96 -9320.588
1 -2560.518 -1678.104 -9235.44 0 0 0 33 33 1089 -2559.156 -1660.104 -9204.697 -2563.52 -2380.104 -11019.57
3 -484.0705 -2214 -12014.86 0 0 0 50 100 55 -600.2424 -2228 -11972.25 506.6089 -2517 -11922.06
3 -776.1199 -2315 -11719.47 0 16.875 0 400 400 80.00001 -632.7291 -2243.908 -11936.99 -376.2789 -2296.174 -11890.96
3 -689.9681 -4335 -20280.75 0 0 0 120 60 50 -681.6483 -4347 -20233.7 -686.6926 -4390 -20482.48
3 -685.084 -4405 -20286.81 0 0 0 120 60 80 -681.6483 -4347 -20233.7 -686.6926 -4390 -20482.48
3 -1733.012 -4167 -21872.75 0 0 0 55 45 46 -1684.906 -4235 -21912.43 -2040.913 -3746 -21686.91
