3 975.916 -88 650.1354 0 0 0 60 50 70 981.5024 -21.60452 722.6099 983.2695 -20.99999 709.11
3 918.4452 -23 910.4968 0 45 0 40 9.999998 50 974.4357 -17 968.8113 938.4452 65 930.4968
3 0.005779 67.99998 37.23897 0 0 0 22 20 26.99999 0.715464 59.99999 4.201107 0.492482 -46.00001 866.1245
3 975.916 37 650.1354 0 0 0 60 30 70 979.578 5.609414 662.6987 979.6674 41 601.7094
3 785.3377 218.3733 790.0344 0 45 0 80 48 50 800 160.3733 800.0085 752.1979 192.3733 748.2959
3 826.1645 169.3733 825.3293 0 45 0 110 48 110 820 120.3733 820.0085 791.0585 160.3733 776.8137
1 789.0601 131.7088 788.5375 0 0 0 30 30 900 799.1273 163.7088 749.9999 799.1273 163.7088 729.9999
3 858.7042 120.3733 846.8288 0 45 0 160 48 150 840 110.3733 840.0085 811.0164 95.37334 803.3198
3 685.7541 89 621.5417 0 315 0 120 40 100 709.0955 20 632.3519 709.0955 20 612.3519
3 735.3055 58 608.6234 0 45 0 40 40 40 683.0944 32.13919 660.4997 706.7232 28.99999 633.5474
1 805.8557 20.89264 853.2266 0 0 0 30 30 900 853.4025 16.89264 869.0255 853.4025 16.89264 849.0255
3 -0.296996 248 275.6048 0 0 0 76 30 50 -0.26222 196 280.6779 0.349309 227 311.8539
3 -1.621756 54.99997 258.1886 0 0 0 46 20 30 -0.26222 199 280.6779 0.349309 227 311.8539
3 -3.48753 209 210.4455 0 0 0 106 40 120 -0.789729 171 219.5509 7.486917 176 307.0807
1 0.950602 144.2303 283.0403 0 0 0 60 60 3600 46.25665 199.2303 325.887 46.25665 199.2303 305.887
3 4.95403 162 189.5107 0 0 0 166 40 130 0.233008 151 199.0416 42.24127 139 125.0071
1 35.24793 75 210.5135 0 0 0 25 25 625 -2.740736 40 174.0199 -2.740736 40 154.0199
3 -779.2831 211 780.3141 0 315 0 80 40 50 -799.0903 158 799.0769 -783.2183 162 782.2086
3 -827.009 161 823.5348 0 315 0 110 40 100 -819.0903 118 819.0769 -755.7347 142 755.9896
3 -846.9154 110 853.0332 0 315 0 150 40 140 -839.0903 78 839.0769 -792.9338 92 785.0438
1 -854.3574 24.14636 805.8334 0 0 0 25 25 625 -923.5587 -27.85364 893.787 -923.5587 -27.85364 873.787
3 -790.912 112.0733 775.2793 0 45 0 45.00002 47 20 -862.1058 83.0733 795.7289 -758.0122 157.0733 751.993
1 3.815722 -29.01619 1296.588 0 0 0 80.1 80.1 6416.01 4.736227 23.98381 1317.394 4.736227 23.98381 1297.394
3 705.9513 38 640.7065 0 45 0 9.999998 30 20 671.415 20 657.6845 671.415 20 637.6845
3 530.4207 125 532.0549 0 45 0 70 30 40 486.951 122 490.7901 564.1887 90 564.9497
3 452.3455 167 445.4819 0 45 0 120 60 160 487.824 50 462.0059 487.824 50 442.0059
1 -732.6242 23 615.8392 0 0 0 30 30 900 -696.95 20 667.7552 -696.95 20 647.7552
3 -739.3244 50 605.0305 0 45 0 40 40 50 -690.7515 37.38313 656.9883 -713.7107 28.999 647.3736
3 -773.0104 112.0733 792.7308 0 45 0 45.00002 47 15 -794.6685 83.0733 859.0848 -758.0122 157.0733 751.993
1 -786.0159 155.4553 787.1013 0 0 0 23 23 529 -813.6824 157.4553 839.901 -794.5536 155.4553 798.1218
3 974.9473 -16 729.6993 0 0 0 30 40 9.999998 974.4357 -17 968.8113 938.4452 65 930.4968
3 281.8472 89 451.7039 0 45 0 30 60 80 398.4462 50 470.5024 398.4462 50 450.5024
3 350.0456 110 411.4037 0 315 0 34.99999 39.99999 29.99999 398.4462 50 470.5024 398.4462 50 450.5024
3 -351.3409 110 412.1102 0 45 0 34.99999 39.99999 29.99999 -390.7507 80 407.2391 -390.7507 80 387.2391
3 -422.5814 93.99998 471.9316 0 45 0 39.99999 49.99999 29.99999 -390.7507 80 407.2391 -390.7507 80 387.2391
1 0.170635 15 37.41338 0 0 0 50 50 2500 -106.25 20 92.39914 -106.25 20 72.39914
3 321.8242 82 327.3223 0 315 0 27 90 71 719.6295 20 712.5485 719.6295 20 692.5485
1 -90.90307 20 144.1628 0 0 0 40 40 1600 -18.13254 20 118.5301 -18.13254 20 98.53012
1 0.170635 15 37.41338 0 0 0 56 56 3136 -106.25 20 92.39914 -106.25 20 72.39914
1 41.18555 33 97.21613 0 0 0 20 20 400 -120.7038 20 163.8317 -120.7038 20 143.8317
1 92.36887 20 142.2543 0 0 0 40 40 1600 -18.13254 20 118.5301 -18.13254 20 98.53012
3 -329.5716 93.99017 325.9102 0 315 0 90 80 26 -307.2219 19.99017 323.1206 -307.2219 19.99017 303.1206
3 -659.9479 -34 2680.536 0 0 0 30 30 30 -709.5665 44 2680.556 757.3275 -1228 2705.811
3 -527.2117 122 528.7303 0 45 0 40 29.99999 80 -474.1879 116 480.8158 -566.9662 104 568.8896
3 -554.6541 122 555.0131 0 45 0 40 29.99999 80 -504.1878 116 500.8157 -566.9662 104 568.8896
1 782.4292 85.70885 782.4515 0 0 0 30 30 900 799.1273 163.7088 749.9999 799.1273 163.7088 729.9999
3 0.005779 118 37.23897 0 0 0 37 14 26.99999 0.715464 59.99999 4.201107 0.492482 -46.00001 866.1245
1 809.7903 -30 942.1282 0 0 0 40 40 1600 826.9095 -30 958.5574 826.9095 -30 938.5574
1 881.033 -30 940.4376 0 0 0 40 40 1600 826.9095 -30 958.5574 826.9095 -30 938.5574
1 940.36 -30 880.1004 0 0 0 40 40 1600 826.9095 -30 958.5574 826.9095 -30 938.5574
1 942.4036 -30 812.6992 0 0 0 40 40 1600 826.9095 -30 958.5574 826.9095 -30 938.5574
3 -0.32847 157.7614 281.2424 0 0 0 30 30 50 0.766414 209.7614 220.2278 0.814416 179.7614 257.597
3 1.043739 44 471.317 0 0 0 120 20 120 1.854971 110 422.4909 1.354215 -672 474.7453
3 1.043739 48 471.317 0 0 0 30 20 30 2.345478 93 505.2237 -0.176012 49 457.5186
1 -811.4026 -30 939.8802 0 0 0 40 40 1600 -893.745 -30 973.5461 -893.745 -30 953.5461
1 -879.2653 -30 939.4495 0 0 0 40 40 1600 -893.745 -30 973.5461 -893.745 -30 953.5461
1 -938.0813 -30 881.3395 0 0 0 40 40 1600 -893.745 -30 973.5461 -893.745 -30 953.5461
1 -938.0795 -30 809.7719 0 0 0 40 40 1600 -893.745 -30 973.5461 -893.745 -30 953.5461
1 -980.3405 -46 655.757 0 0 0 50 50 2500 -940.1064 -30 704.0687 -940.1064 -30 684.0687
3 -353.5339 51.05026 1296.878 0 0 0 60 40 60 -350.2446 0.050257 1294.913 -370.6263 28.05026 1273.738
3 -659.9236 41 976.9272 0 0 0 60 30 60 -661.1827 2E-06 980.8663 -700.4863 31 980.4714
3 -650.7126 137.7126 660.3441 0 315 0 110 80 130 -607.8715 73.7126 571.3026 -607.8715 73.7126 551.3026
3 -560.5336 84 555.8325 0 315 0 90 80 15 -530.9268 20 570.4406 -530.9268 20 550.4406
3 660.8578 40 977.3276 0 0 0 60 30 60 659.7588 -2E-06 978.2172 620.7664 29 999.4385
3 491.1495 96.27525 1151.322 0 0 0 240 80 250 590.0002 36.27525 1031.818 590.0002 36.27525 1011.818
1 3.815722 -29.01619 1296.588 0 0 0 130.1 130.1 16926.01 4.736227 23.98381 1317.394 4.736227 23.98381 1297.394
3 545.8578 47 977.3276 0 0 0 50 30 60 569.7588 -2E-06 978.2172 511.2748 29 979.7465
1 -288.7426 -37 1231.816 0 0 0 70 70 4900 -341.2386 -30 1301.228 -341.2386 -30 1281.228
1 285.0077 -30 1231.156 0 0 0 70 70 4900 331.9683 -30 1303.661 331.9683 -30 1283.661
1 -809.6769 -30 940.6002 0 0 0 30 30 900 -871.7809 -10 888.8423 -871.7809 -10 868.8423
1 -880.8997 -30 941.6323 0 0 0 30 30 900 -871.7809 -10 888.8423 -871.7809 -10 868.8423
1 -938.8834 -30 880.8688 0 0 0 30 30 900 -871.7809 -10 888.8423 -871.7809 -10 868.8423
1 -939.2742 -30 812.36 0 0 0 30 30 900 -871.7809 -10 888.8423 -871.7809 -10 868.8423
1 -849.0822 -30 848.5952 0 0 0 70 70 4900 -859.8207 -10 886.5208 -859.8207 -10 866.5208
1 -91.63959 33 147.1514 0 0 0 20 20 400 -120.7038 20 163.8317 -120.7038 20 143.8317
1 -42.46708 33 99.84796 0 0 0 20 20 400 -120.7038 20 163.8317 -120.7038 20 143.8317
1 41.18555 63 97.21613 0 0 0 20 20 400 -120.7038 20 163.8317 -120.7038 20 143.8317
1 92.89619 33 147.1862 0 0 0 20 20 400 -120.7038 20 163.8317 -120.7038 20 143.8317
1 0.92239 12 195.606 0 0 0 80 80 6400 -120.7038 20 163.8317 -120.7038 20 143.8317
3 0.478334 -37.52176 165.3987 0 0 0 60 50 50 -1.424876 -69.4464 239.1136 0.240025 -56.26388 212.6571
1 565.0941 20 480.2057 0 0 0 50 50 2500 523.1564 20 517.873 523.1564 20 497.873
3 735.3055 81 608.6234 0 45 0 40 20 40 727.8831 38.57216 619.1339 749.7408 70.17599 593.7823
1 732.3321 14 614.1293 0 0 0 30 30 900 745.8812 20 618.6634 745.8812 20 598.6634
1 -561.6459 12 484.2387 0 0 0 50 50 2500 -532.9281 20 534.8448 -532.9281 20 514.8448
1 851.6597 -35 854.3327 0 0 0 70 70 4900 866.2014 -10 870.9955 866.2014 -10 850.9955
1 -857.5834 -25 1022.169 0 0 0 40 40 1600 -882.3548 -30 1023.12 -882.3548 -30 1003.12
1 -997.642 -20 998.1339 0 0 0 40 40 1600 -882.3548 -30 1023.12 -882.3548 -30 1003.12
1 -1025.268 -20 864.6664 0 0 0 40 40 1600 -882.3548 -30 1023.12 -882.3548 -30 1003.12
1 -111.8519 11 52.3639 0 0 0 50 50 2500 -106.25 20 92.39914 -106.25 20 72.39914
3 50.00578 85.99998 37.23897 0 0 0 6.999996 50 46.99999 0.715464 59.99999 4.201107 0.492482 -46.00001 866.1245
1 107.8359 11 56.12762 0 0 0 50 50 2500 -106.25 20 92.39914 -106.25 20 72.39914
3 -970.0897 32.49778 651.8885 0 0 0 60 20 60 -978.1166 7.497787 661.2404 -979.8657 19.49779 580.1977
3 -739.1638 73.65228 609.4982 0 45 0 40 20 40 -723.7738 51.65229 621.5556 -751.9682 74.65228 592.1234
3 -445.0795 198.8042 460.5283 0 45 0 180 80 100 -405.2393 115.8042 510.0911 -405.2393 115.8042 490.0911
3 0.478334 -14.52176 165.3987 0 0 0 50 20 60 1.834494 -56.15542 181.4583 0.8779719 -20.0403 134.5758
3 5.503432 110 653.8613 0 0 0 160 80 80 2.683648 110 625.3346 2.683648 110 605.3346
3 -177.7859 110 479.5378 0 270 0 160 80 80 2.683648 110 625.3346 2.683648 110 605.3346
3 171.2207 110 479.4233 0 270 0 160 80 80 2.683648 110 625.3346 2.683648 110 605.3346
3 99.81506 122 348.2587 0 0 0 80 50 30 64.49284 70 408.0514 64.49284 70 388.0514
3 -100.1849 122 348.2587 0 0 0 80 50 30 64.49284 70 408.0514 64.49284 70 388.0514
3 1.043739 70 471.317 0 0 0 120 9.999998 120 1.854971 110 422.4909 1.354215 -672 474.7453
3 -1.693416 252 512.0837 0 0 0 230 100 190 2.345478 93 505.2237 -0.176012 49 457.5186
3 -0.835884 111 474.1346 0 0 0 35 15 40 58.10263 70 509.0187 58.10263 70 489.0187
3 194.8484 79.0159 188.1297 0 315 0 27 70 70 199.3546 95.0159 275.923 199.3546 95.0159 255.923
1 322.9886 137 324.9991 0 0 0 50 50 2500 332.9568 80 353.3442 332.9568 80 333.3442
1 977.6483 -84 650.5418 0 0 0 90 90 8100 969.8818 -30 708.9609 969.8818 -30 688.9609
1 938.5248 -25.20888 809.7242 0 0 0 20 20 400 915.6221 -25.20888 864.3766 915.6221 -25.20888 844.3766
1 938.5248 3.791115 809.7242 0 0 0 20 20 400 915.6221 -25.20888 864.3766 915.6221 -25.20888 844.3766
1 938.965 -25.20888 880.9662 0 0 0 20 20 400 915.6221 -25.20888 864.3766 915.6221 -25.20888 844.3766
1 881.557 -25.20888 938.4265 0 0 0 20 20 400 915.6221 -25.20888 864.3766 915.6221 -25.20888 844.3766
1 811.2604 -25.20888 938.0912 0 0 0 20 20 400 915.6221 -25.20888 864.3766 915.6221 -25.20888 844.3766
1 940.1441 3.791115 880.4446 0 0 0 20 20 400 915.6221 -25.20888 864.3766 915.6221 -25.20888 844.3766
1 881.6533 3.791115 937.8745 0 0 0 20 20 400 915.6221 -25.20888 864.3766 915.6221 -25.20888 844.3766
1 812.1164 3.791115 940.5248 0 0 0 20 20 400 915.6221 -25.20888 864.3766 915.6221 -25.20888 844.3766
3 349.3115 39.82965 1296.44 0 0 0 60 30 60 351.8783 3.829651 1298.503 352.5058 47.82965 1246.967
3 349.3115 47.82965 1176.44 0 0 0 60 30 50 351.8783 3.829651 1198.503 347.5732 -7.170349 1081.422
3 -11.51423 104.5961 1505.953 0 0 0 310 210 80.00003 -161.1718 23.59608 1475 -161.1718 23.59608 1455
3 -11.51423 104.5961 940.9531 0 0 0 291 210 220 -161.1718 23.59608 1475 -161.1718 23.59608 1455
3 -353.5339 53.05026 1172.878 0 0 0 60 40 50 -350.2446 0.050257 1194.913 -351.4966 31.05026 1219.837
3 -543.9236 48 976.9272 0 0 0 50 30 60 -551.1827 2E-06 980.8663 -578.3857 20 980.189
3 -488.8507 96.27525 1151.322 0 0 0 240 80 250 590.0002 36.27525 1031.818 590.0002 36.27525 1011.818
3 269.3995 155 261.0318 0 315 0 100 50 80 268.4671 20 300.0992 268.4671 20 280.0992
3 -230.6006 155 261.0318 0 225 0 100 50 80 268.4671 20 300.0992 268.4671 20 280.0992
3 -0.592768 107 305.5848 0 0 0 29.99999 49.99999 10 -25.31488 69.99998 445.5723 -25.31488 69.99998 425.5723
3 -1.166694 76.99998 369.3082 0 0 0 79.99996 49.99999 39.99999 -25.31488 69.99998 445.5723 -25.31488 69.99998 425.5723
3 -879.005 162.1485 885.2217 0 45 0 22 30 30 -840.022 156.1485 839.9376 -885.5398 143.1485 884.4833
3 -933.0583 110.1485 932.2945 0 45 0 22 30 30 -888.0222 95.14854 889.2648 -943.4255 95.14854 944.2869
3 -1.013846 214 129.5763 0 0 0 30 30 30 -0.121265 204 206.3352 -1.671114 190 108.6689
3 0.692921 163 57.61575 0 0 0 30 30 30 -0.121265 154 146.3352 -1.671114 140 8.668867
3 886.6434 166.6062 888.6852 0 45 0 30 30 30 830.372 153.6062 830.1636 893.1631 143.6062 891.8037
3 938.9713 109.6062 938.3824 0 45 0 30 30 30 880.372 103.6062 880.1636 960.8828 93.60623 961.9912
3 886.6434 192.6062 888.6852 0 45 0 110 70 50 830.372 153.6062 830.1636 893.1631 143.6062 891.8037
3 936.0547 134.6062 935.3403 0 45 0 110 70 50 830.372 153.6062 830.1636 893.1631 143.6062 891.8037
3 -952.1042 141.1485 949.1058 0 45 0 72 70 120 -888.0222 95.14854 889.2648 -943.4255 95.14854 944.2869
3 -898.0291 191.1485 900.3191 0 45 0 72 70 120 -888.0222 95.14854 889.2648 -943.4255 95.14854 944.2869
3 1.899959 178 32.56546 0 0 0 150 60 80 -0.121265 154 146.3352 -1.671114 140 8.668867
3 -7.692451 228 107.9578 0 0 0 150 60 80 -0.121265 154 146.3352 -1.671114 140 8.668867
1 -97.32218 26 569.3996 0 0 0 100 100 10000 -31.47161 70 526.9103 -31.47161 70 506.9103
1 92.67781 26 569.3996 0 0 0 100 100 10000 -31.47161 70 526.9103 -31.47161 70 506.9103
1 92.67781 26 379.3996 0 0 0 100 100 10000 -31.47161 70 526.9103 -31.47161 70 506.9103
1 -97.32218 26 379.3996 0 0 0 100 100 10000 -31.47161 70 526.9103 -31.47161 70 506.9103
1 854.5895 20.89264 803.5897 0 0 0 30 30 900 853.4025 16.89264 869.0255 853.4025 16.89264 849.0255
1 -34.75207 75 210.5135 0 0 0 25 25 625 -2.740736 40 174.0199 -2.740736 40 154.0199
1 -807.007 24.14636 855.1597 0 0 0 25 25 625 -923.5587 -27.85364 893.787 -923.5587 -27.85364 873.787
1 474.6227 17.56253 1101.852 0 0 0 120 120 14400 390.0003 42.56253 1131.762 390.0003 42.56253 1111.762
1 -475.3775 17.56253 1101.852 0 0 0 120 120 14400 390.0003 42.56253 1131.762 390.0003 42.56253 1111.762
3 -661.4758 42 1060.972 0 0 0 60 80 60 -744.4425 25 1040.609 -744.4425 25 1020.609
3 -661.4758 42 900.9725 0 0 0 60 80 60 -744.4425 25 1040.609 -744.4425 25 1020.609
3 658.5244 42 1060.972 0 0 0 60 80 60 -744.4425 25 1040.609 -744.4425 25 1020.609
3 658.5244 42 900.9725 0 0 0 60 80 60 -744.4425 25 1040.609 -744.4425 25 1020.609
1 92.89619 63 147.1862 0 0 0 20 20 400 -120.7038 20 163.8317 -120.7038 20 143.8317
1 -0.835884 28 474.1346 0 0 0 74.99997 74.99997 5624.996 58.10263 70 509.0187 58.10263 70 489.0187
1 -42.46708 63 99.84796 0 0 0 20 20 400 -120.7038 20 163.8317 -120.7038 20 143.8317
1 -91.63959 63 147.1514 0 0 0 20 20 400 -120.7038 20 163.8317 -120.7038 20 143.8317
3 -730.337 8 2679.413 0 0 0 49.99997 9.999986 109.9999 -187.6739 0 1651.816 -187.6739 0 1631.816
3 417.6765 97.99997 479.8256 0 315 0 39.99999 59.99998 29.99999 351.7969 79.99997 422.2875 351.7969 79.99997 402.2875
1 -730.337 129.9999 2680.413 0 0 0 5.999978 5.999978 35.99974 -259.1265 65 1657.073 -227.3559 101 1677.736
1 -1.79553 55.98379 1295.823 0 0 0 20 20 399.9999 28.6198 23.9838 1311.601 28.6198 23.9838 1291.601
3 -860.3149 91.99998 2678.306 0 0 0 100.9999 119.9999 200.9998 -188.4556 0 1654.11 -188.4556 0 1634.11
3 -1559.948 -6 2680.536 0 0 0 100 30 100 -270.6509 36 1680.68 260.3533 -1930 1678.182
3 -1760.314 91.99998 2678.306 0 0 0 100.9999 119.9999 200.9998 -188.4556 0 1654.11 -188.4556 0 1634.11
3 -660.3145 91.99998 2478.305 0 270 0 100.9999 119.9999 200.9998 -188.4556 0 1654.11 -188.4556 0 1634.11
3 -659.9476 -33 2680.536 0 0 0 100 30 100 -761.3681 18 2681.21 5201.491 -12035 2646.192
3 -659.9476 -14 2680.536 0 0 0 100 9.999998 100 -761.3681 18 2681.21 5201.491 -12035 2646.192
3 -197.3446 67 185.3784 0 315 0 90 80 30 -157.1405 20 200.1115 -157.1405 20 180.1115
1 -493.4114 19 604.7495 0 0 0 60 60 3600 -522.1827 20 583.2191 -522.1827 20 563.2191
3 0.580835 117 349.5568 0 0 0 130 59.99999 34 -25.31488 69.99998 445.5723 -25.31488 69.99998 425.5723
3 -813.7377 211 813.6305 0 315 0 80 40 30 -789.0903 178 789.0769 -800.2276 184 796.5504
3 974.8185 15 713.7001 0 0 0 80 50 18 974.4357 -17 968.8113 938.4452 65 930.4968
3 748.1147 60 742.4619 0 315 0 14 50 71 719.6295 20 712.5485 719.6295 20 692.5485
3 565.5584 60 557.1809 0 315 0 14 50 71 719.6295 20 712.5485 719.6295 20 692.5485
3 -745.708 84 741.6091 0 315 0 90 80 15 -530.9268 20 570.4406 -530.9268 20 550.4406
3 710.0305 60 639.0335 0 225 0 14 50 71 719.6295 20 712.5485 719.6295 20 692.5485
1 504.8206 24 597.7023 0 0 0 50 50 2500 538.5612 20 563.8441 538.5612 20 543.8441
1 382.3618 77 309.1432 0 0 0 30 30 900 355.8672 80 373.5628 355.8672 80 353.5628
3 -721.0483 61 650.588 0 225 0 90 80 12 -530.9268 20 570.4406 -530.9268 20 550.4406
3 -982.6721 25 713.5156 0 0 0 80 70 18 -945.9432 -30 765.4651 -945.9432 -30 745.4651
3 -718.4672 25 981.3168 0 270 0 80 70 13 -945.9432 -30 765.4651 -945.9432 -30 745.4651
3 -598.0891 25 974.4762 0 270 0 80 70 13 -945.9432 -30 765.4651 -945.9432 -30 745.4651
3 -356.8586 14 1231.977 0 0 0 70 70 20 -308.3753 -30 1273.685 -308.3753 -30 1253.685
3 -278.6671 52 1291.746 0 270 0 58 120 25 -308.3753 -30 1273.685 -308.3753 -30 1253.685
3 278.3709 52 1292.222 0 270 0 58 120 25 -308.3753 -30 1273.685 -308.3753 -30 1253.685
3 363.2202 27 1232.289 0 180 0 80 70 15 -308.3753 -30 1273.685 -308.3753 -30 1253.685
3 717.9056 15.99999 979.6069 0 0 0 15 60 70 584.3003 -30.00001 1034.3 584.3003 -30.00001 1014.3
3 597.9056 21.99999 979.6069 0 0 0 15 70 70 584.3003 -30.00001 1034.3 584.3003 -30.00001 1014.3
1 1.146504 -27 1452.096 0 0 0 60 60 3600 -13.71779 -30 1435.924 -13.71779 -30 1415.924
1 408.4943 36 489.1487 0 0 0 40 40 1600 469.2422 50 481.6926 469.2422 50 461.6926
1 1.358764 21.24927 312.7138 0 0 0 70 70 4900 14.98969 55.24927 296.0763 14.98969 55.24927 276.0763
1 -660.6818 -45 933.687 0 0 0 40 40 1600 -623.1271 -30 989.4243 -623.1271 -30 969.4243
3 -1559.948 -14 2680.536 0 0 0 100 9.999998 100 -761.3681 18 2681.21 5201.491 -12035 2646.192
3 -1559.948 -32 2680.536 0 0 0 100 30 100 -1561.232 29 2575.507 -1396.656 -4620 5896.226
1 -660.9265 98 2678.715 0 0 0 20 20 400 -731.2758 64 2680.205 -160.9263 100 2678.715
3 -50.99422 85.99998 37.23897 0 0 0 6.999996 50 46.99999 0.715464 59.99999 4.201107 0.492482 -46.00001 866.1245
3 3.560002 85.99998 74.8754 0 270 0 6.999996 50 46.99999 0.715464 59.99999 4.201107 0.492482 -46.00001 866.1245
3 3.560002 85.99998 -5.124603 0 270 0 6.999996 50 46.99999 0.715464 59.99999 4.201107 0.492482 -46.00001 866.1245
