3 30.52274 41 -193.7925 0 0 0 150 100 180 3.820053 162 -46.81852 0.110413 -298 -869.1061
1 13.79912 -34 -345.5769 0 0 0 180 180 32400 0 140 20 0 140 0
3 23.18288 56 -458.6643 0 0 0 150 100 210 109.9457 157 -451.6484 -61.56576 -108 -867.5513
3 -2.137024 26 -818.3149 0 0 0 150 100 259.9999 14.67808 157 -861.616 -3.331981 -43 -1258.32
3 -5.409498 86 -1152.685 0 0 0 150 100 160 77.27138 247 -863.0767 -80.59695 28 -1412.395
3 -13.61086 86 -1623.789 0 0 0 150 150 330.9999 7.085542 222 -1804.933 3.40511 -55 -2200.285
3 -80.34439 101.0604 -2879.749 0 0 0 100 100 100 -24.35685 150.0604 -2868.08 -2415.108 95.06036 -2912.972
3 -4.330018 113 -2314.688 0 0 0 130 80 459.9999 3.858882 190.2814 -2668.594 11.76573 130 -2768.928
1 -80.78622 140 -2156.873 0 0 0 80.09999 80.09999 6416.008 -71.97424 110 -2048.677 -71.97424 110 -2068.677
1 71.13287 140 -2156.449 0 0 0 50.09999 50.09999 2510.009 -71.97424 110 -2048.677 -71.97424 110 -2068.677
3 -2.570808 228 -2180.259 0 0 0 200 50 270 -71.97424 110 -2048.677 -71.97424 110 -2068.677
1 -41.14195 199 -2067.918 0 0 0 50.09999 50.09999 2510.009 -71.97424 110 -2048.677 -71.97424 110 -2068.677
1 39.45544 209 -2213.635 0 0 0 50.09999 50.09999 2510.009 -71.97424 110 -2048.677 -71.97424 110 -2068.677
3 -464.2838 17.06036 -2719.951 0 0 0 110 100 40 -536.7127 105.0604 -2700.878 -1734.2 -298.9396 -2941.413
3 -322.1035 67.06036 -2787.865 0 0 0 90 100 40 -401.9793 51.13906 -2748.097 -391.2215 77.72301 -2758.209
3 -404.8342 101.0604 -2870.592 0 0 0 340 100 120 -24.35685 150.0604 -2868.08 -2415.108 -304.9396 -2912.972
1 -1078.641 96 -3017.951 0 0 0 180 180 32400 -1088.897 170 -3033.382 -1375.144 -249 -2498.699
1 -726.3752 114 -2879.945 0 0 0 110 110 12100 -695.6226 184 -2878.796 -973.7764 -22 -2868.442
3 -1149.11 16 -2881.111 0 0 0 100 190 200 -1086.914 150 -2965.646 -1205.038 -71 -2595.751
3 -1330.11 6 -2640.302 0 0 0 280 190 120 -1070.471 150 -2608.931 -1961.696 -66 -2680.786
3 -1638.079 6 -2832.687 0 0 0 170 190 250 -1549.284 150 -2613.92 -1595.045 -26 -3158.985
3 -1850.488 6 -3068.75 0 0 0 370 190 200 -1645.542 215 -2969.198 -2624.214 -171 -2917.016
3 -2294.538 25 -3140.873 0 0 0 150 160 400 -2264.793 215 -2685.565 -2432.526 -101 -4214.285
3 -2389.89 25 -3267.738 0 0 0 200 160 100.1 -2244.869 130 -3220.894 -4126.656 109 -3086.822
1 -2374.704 222.0052 -3209.33 0 0 0 70 70 4900 -2368.36 110.0053 -3183.213 -2368.36 110.0053 -3203.213
1 -2375.082 139.0052 -3298.448 0 0 0 70 70 4900 -2368.36 110.0053 -3183.213 -2368.36 110.0053 -3203.213
1 -2372.053 136.0052 -3157.332 0 0 0 40 40 1600 -2368.36 110.0053 -3183.213 -2368.36 110.0053 -3203.213
3 -2512.349 219 -3210.647 0 0 0 30.00001 45.00001 30.09999 -2492.938 268 -3251.551 -2493.297 196 -3061.458
3 -2561.357 269 -3208.402 0 0 0 200 50.00001 150.1 -2517.012 317 -3091.219 -3139.953 112 -3311.683
1 -3269.448 220 -2998.316 0 0 0 100 100 10000 -3384.232 250 -3044.164 -3384.232 250 -3064.164
3 -3025.41 276 -3257.669 0 0 0 150 120 100 -2778.152 361 -3268.444 -3770.2 -142 -3236.188
3 -4129.115 454.1584 -3086.408 0 0 0 10 50 10 -4128.826 544.1584 -2985.83 -4129.995 490.1584 -3080.701
3 -4121.011 571.1584 -3194.88 0 0 0 80 50 50 -4095.231 579.1584 -3043.813 -4093.383 508.1584 -4703.476
3 -4113.336 628.1584 -3481.918 0 0 0 190 90 250 -4082.08 669.1584 -3296.938 -4108.504 -52.84153 -5853.762
1 -3916.972 636 -3343.492 0 0 0 110 110 12100 -4040.285 590 -3395.911 -4040.285 590 -3415.911
3 -4061.677 613 -3654.982 0 0 0 100 50 135 -4052.31 716 -3509.451 -4094.66 442 -3969.472
3 -4086.513 541 -3447.168 0 0 0 90 50 30 -4087.757 626 -3337.323 -4094.66 122 -3869.472
3 -3936.013 672 -4166.493 0 0 0 25 50 25 -3938.893 610 -4226.59 -3938.893 610 -4246.59
3 -4097.371 831.6755 -4613.633 0 0 0 200 50 80 -4188.236 870.6755 -4676.976 -3225.189 421.6755 -4700.622
3 -4097.371 831.6755 -4893.633 0 0 0 200 50 50 -4206.772 840.6755 -4868.005 -3274.637 488.6755 -4834.76
3 -4114.41 691.5 -4762.719 0 0 0 180 50 160 -4057.561 723.5 -4904.147 -4265.849 90.5 -3527.597
3 -4104.456 616.5 -4763.677 0 0 0 180 50 160 -4073.483 723.5 -4668.036 -4102.23 -220.5 -7110.798
1 -4083.413 751.0798 -4874.085 0 0 0 17 17 289 -4085.516 618.0798 -4739.413 -4085.516 618.0798 -4759.413
3 -3550.951 1001.004 -5801.951 0 0 0 450 110 150 -3505.589 1215.004 -5756.788 -2124.658 809.0038 -5684.128
3 -3609.48 902.0038 -5812.349 0 0 0 180 110 100 -3495.856 1055.004 -5789.475 -2195.686 190.0039 -5704.948
3 -2916.892 950 -5881.647 0 0 0 60 90 70 -2901.363 1021 -5780.214 -2910.063 895 -6051.616
3 -2899.694 950 -5695.139 0 0 0 100 90 70 -2901.363 1021 -5780.214 -2897.371 879 -5409.277
3 -3028.288 950 -5690.495 0 0 0 30 90 70 -3072.627 1014 -5734.378 -2835.104 897 -5705.995
3 -2915.524 950 -5784.236 0 0 0 30 90 30 -3072.627 1014 -5734.378 -2835.104 937 -5705.995
3 -3028.288 950 -5880.495 0 0 0 30 90 70 -3105.071 1014 -5812.529 -2762.615 921 -5861.888
3 -3127.656 960 -5783.031 0 0 0 30 90 30 -3578.458 1075 -5741.249 -2640.392 837 -5743.248
3 -3114.87 960 -5780.83 0 0 0 40 90 40 -3197.211 985 -5790.443 -2640.392 937 -5743.248
3 -3036.592 1262 -5514.165 0 0 0 110 80 360 -3026.275 1298 -5751.583 -3035.553 1080 -4696.792
3 3.087036 177 -1.595495 0 0 0 40 39.99999 40 -1.135316 114 68.18329 12.96451 77 -202.068
1 -133.8815 81 69.69778 0 0 0 120 120 14400 -21.76477 80 53.78297 -21.76477 80 33.78297
3 -1411.639 194 -2902.364 0 0 0 100.1 70 200 -1599.378 170 -2887.664 -1599.378 170 -2907.664
3 -3025.41 35.00003 -3207.669 0 0 0 100 120 100 -3018.496 191 -3023.171 -3210.867 -134 -3723.678
3 -3032.255 35.00003 -3130.726 0 0 0 80 120 80 -3018.496 191 -3023.171 -3340.359 -162 -3686.255
3 -3091.012 173.99 -3186.972 0 0 0 25 30 25 -3084.592 209.99 -3127.999 -3099.066 149.99 -3288.125
1 124.4996 81 86.8773 0 0 0 120 120 14400 -21.76477 80 53.78297 -21.76477 80 33.78297
3 -8.74466 112 66.79079 0 0 0 120 80 40 62.00176 226 85.85704 -21.76477 80 33.78297
3 2.994755 75 6.526083 0 0 0 110 69.99998 40 -2.876797 160 93.14924 12.96451 -50 -202.068
3 -529.7881 107.0604 -2739.327 0 0 0 60 50 30 -492.4054 122.0604 -2713.659 -1109.858 -89.93963 -2885.805
1 91.12085 -19 -664.3636 0 0 0 140 140 19600 92.86809 65 -688.217 -27.64807 21 -833.3657
3 12.02883 86 -1060.325 0 0 0 110 100 85.99998 2.265322 188 -997.7962 1.591391 -512 -1935.562
3 -65.63363 86 -1338.478 0 0 0 70 100 60.99999 -98.16467 156 -1272.404 173.8534 7 -1998.363
3 37.35344 86 -1501.67 0 0 0 80 100 60.99999 99.32002 156 -1350.552 -81.86939 7 -2066.362
3 3.244393 106 -1646.57 0 0 0 80 100 60.99999 7.759519 161 -1571.584 22.06237 75 -2117.133
3 -64.80932 0 -987.0469 0 0 0 40.00001 100 49.99997 14.67808 157 -861.616 9.345073 -93 -1250.736
1 106.7389 16 -484.5976 0 0 0 90.00001 90.00001 8100.001 109.9457 157 -451.6484 -111.4294 -108 -844.6674
1 74.93263 16 -479.9938 0 0 0 90 90 8100 118.1387 77 -397.2174 -283.6501 -78 -762.4819
3 61.46869 78 -2825.524 0 0 0 100 100 160 4.263701 190.0212 -2674.285 12.22189 130 -2774.746
3 -32.68403 101.0604 -3006.546 0 0 0 100 100 100 -24.35685 150.0604 -2868.08 -2415.108 95.06036 -2912.972
1 87.40633 110.0172 -2879.531 0 0 0 60 60 3600 -36.79742 110.0172 -2818.843 -36.79742 110.0172 -2838.843
1 90.74245 110.0172 -2952.18 0 0 0 60 60 3600 -36.79742 110.0172 -2818.843 -36.79742 110.0172 -2838.843
1 76.63221 123.0172 -2797.596 0 0 0 64 64 4096 -36.79742 110.0172 -2818.843 -36.79742 110.0172 -2838.843
3 -645.1257 77.06036 -2735.024 0 0 0 70 100 40 -634.7714 198.0604 -2701.884 -714.4672 -9.939635 -3014.341
1 -889.9512 103 -2936.848 0 0 0 110 110 12100 -777.7623 184 -2954.776 -2626.675 -612 -2220.66
3 -1966.696 62 -2955.302 0 0 0 40 40 80 -1976.408 153 -2849.055 -2019.137 57 -2951.532
1 -1894.319 80 -2891.988 0 0 0 80 80 6400 -1974.156 70 -2924.461 -1974.156 70 -2944.461
3 -2342.3 -20 -2841.303 0 0 0 200 90.00001 200 -1645.542 215 -2969.198 -2624.214 -171 -2917.016
3 -2514.837 261 -3199.43 0 0 0 20.00001 40.00001 20.1 -2492.938 268 -3251.551 -2493.297 196 -3061.458
3 -3955.987 589.9893 -4110.215 0 0 0 100 80.00001 120 -3955.586 659.9893 -3991.567 -4117.175 589.9893 -4068.138
3 -4114.302 589.9893 -4131.293 0 0 0 80.00001 100 140 -4111.008 704.9893 -3998.753 -4117.175 589.9893 -4068.138
3 -4033.67 691.9963 -4467.809 0 0 0 25 80 25 -4045.97 609.9963 -4507.04 -4045.97 609.9963 -4527.04
3 -4066.794 553.9893 -3937.058 0 0 0 120 80.00001 80 -4060.901 638.9893 -3820.268 -4060.469 548.9893 -3893.295
3 -4034.059 700 -3966.335 0 0 0 25 90 25 -4045.031 560 -3903.553 -4045.031 560 -3923.553
3 -4085.161 583 -3961.928 0 0 0 25 90 25 -4045.031 560 -3903.553 -4045.031 560 -3923.553
3 -4066.794 515.9893 -3817.058 0 0 0 120 80.00001 50 -4088.691 696.9893 -3779.177 -4060.469 548.9893 -3893.295
3 -4035.011 639.9893 -4332 0 0 0 170 100 190 -4100.458 737.6608 -4336.087 -4079.896 630.0706 -4416.658
3 -4087.212 610.047 -4507.764 0 0 0 20 70 85 -4085.226 653.047 -4425.076 -4084.476 549.047 -4935.972
3 -3985.967 621 -4215.91 0 0 0 25 50 25 -3938.893 610 -4226.59 -3938.893 610 -4246.59
3 -4033.897 652 -4114.84 0 0 0 26 50 26 -3938.893 610 -4226.59 -3938.893 610 -4246.59
3 -4132.027 673 -4264.58 0 0 0 25 50 25 -3938.893 610 -4226.59 -3938.893 610 -4246.59
3 -4156.538 610.047 -4536.994 0 0 0 50.00001 70 60 -4077.445 635.047 -4492.285 -4166.059 617.047 -4524.01
3 -3922.853 589.9893 -4394.097 0 0 0 90.00001 100 60 -3981.097 715.9893 -4345.289 -3899.186 514.9893 -4499.949
3 -4084.327 615 -4601.932 0 0 0 40.00001 60.09999 70 -4084.519 631 -4528.967 -4087.969 559 -5017.274
3 -4133.425 627 -4464.993 0 0 0 25 50 25 -3938.893 610 -4226.59 -3938.893 610 -4246.59
1 -3946.957 950 -4670.161 0 0 0 60 60 3600 -3857.675 920 -4755.898 -3857.675 920 -4775.898
1 -3938.745 950 -4808.274 0 0 0 60 60 3600 -3857.675 920 -4755.898 -3857.675 920 -4775.898
3 -3856.257 923.0023 -4826.229 0 0 0 75 100 130 -3858.353 965.0023 -4898.262 -3844.448 443.0023 -6530.807
3 -2897.312 1081 -5905.342 0 0 0 30 40.09999 30 -2875.334 1068 -5901.167 -2976.115 1093 -5805.444
3 -2957.312 1081 -5895.342 0 0 0 30 40.09999 30 -2904.742 1072 -5907.688 -2961.962 1063 -5873.024
3 -2897.312 1081 -5695.342 0 0 0 30 40.09999 30 -2872.974 1070 -5662.127 -2998.203 1093 -5786.703
3 -2957.312 1081 -5685.342 0 0 0 30 40.09999 30 -2907.995 1065 -5667.297 -2958.561 1052 -5693.809
3 -3002.538 1185 -5790.005 0 0 0 150 45 150 -3025.59 1244 -5856.948 -2975.45 1128 -5784.081
3 -2990.538 1110 -5791.232 0 0 0 150 25 150 -2999.079 1239 -5864.116 -2975.45 1128 -5784.081
1 126.3704 80 -1006.25 0 0 0 110 110 12100 14.56404 80 -1024.038 14.56404 80 -1044.038
1 -130.0392 80 -1022.695 0 0 0 110 110 12100 14.56404 80 -1024.038 14.56404 80 -1044.038
1 -68.52776 140 -2015.215 0 0 0 50.09999 50.09999 2510.009 -71.97424 110 -2048.677 -71.97424 110 -2068.677
1 -1036.98 -3.051003 -2706.393 0 0 0 210 210 44100 -983.431 137.949 -2834.798 -1948.908 -325.051 -2248.43
1 -1193.992 40.94899 -2652.491 0 0 0 40 40 1600 -1135.861 110.949 -2649.722 -1376.481 -116.051 -2651.335
1 100.0311 140 -2045.781 0 0 0 80.09999 80.09999 6416.008 -71.97424 110 -2048.677 -71.97424 110 -2068.677
1 -2216.14 118 -3248.401 0 0 0 80 80 6400 -2254.559 187 -3141.581 -2232.107 133 -3217.495
3 -3433.498 330 -3085.729 0 0 0 130 100 200.1 -3166.117 477 -3105.332 -4516.739 -478 -3077.06
1 -3269.24 250 -3044.313 0 0 0 80 80 6400 -3384.232 250 -3044.164 -3384.232 250 -3064.164
1 -3269.24 250 -3084.313 0 0 0 80 80 6400 -3384.232 250 -3044.164 -3384.232 250 -3064.164
1 -3269.24 250 -3124.313 0 0 0 80 80 6400 -3384.232 250 -3044.164 -3384.232 250 -3064.164
1 -3269.24 250 -3164.313 0 0 0 80 80 6400 -3384.232 250 -3044.164 -3384.232 250 -3064.164
3 -3504.128 169 -3084.953 0 0 0 400 200 200.1 -3594.792 347 -3117.188 -5341.904 -598 -3012.849
1 -99.72232 154 -1925.499 0 0 0 90 90 8100 -12.37743 110 -1915.687 -12.37743 110 -1935.687
1 99.42616 154 -1929.792 0 0 0 90 90 8100 -12.37743 110 -1915.687 -12.37743 110 -1935.687
1 -2644.034 237.0051 -3238.237 0 0 0 45 45 2025 -2574.57 282.0051 -3250.019 -2742.344 195.0051 -3237.849
3 -2997.264 112.0051 -3301.046 0 0 0 1000 400 60 -2575.128 277.0051 -3255.992 -2742.344 195.0051 -3237.849
1 -3728.54 62.46967 -3246.047 0 0 0 160 160 25600 -3720.112 172.4697 -3176.273 -3721.176 60.46967 -3342.12
1 -3727.224 70.99 -3101.697 0 0 0 70 70 4900 -3703.997 94.99 -3161.317 -3703.997 94.99 -3181.317
1 -3956.728 338 -3085.215 0 0 0 50 50 2500 -3869.503 250 -3090.879 -3869.503 250 -3110.879
3 -4077.568 289 -3090.317 0 0 0 200 130 150 -4056.783 417.4371 -3105.107 -4129.976 435.4464 -3085.745
3 -3959.098 610.047 -4536.064 0 0 0 110 70 60 -4077.445 635.047 -4492.285 -3887.027 617.047 -4568.762
3 -4085.418 836.6755 -4764.016 0 0 0 200 50 80 -4173.055 890.6755 -4719.022 -4088.895 829.6755 -4759.849
1 -3979.506 728.5 -4884.3 0 0 0 40 40 1600 -4071.467 708.5 -4760.241 -4001.134 704.5 -4805.545
1 -3993.224 965 -4765.618 0 0 0 120 120 14400 -4100.557 955 -4729.615 -2438.245 440 -4726.075
3 -4086.229 800 -4966.924 0 0 0 70 200 40 -4102.052 800 -4864.167 -4102.052 800 -4884.167
3 -3854.514 985 -4589.645 0 0 0 80 120 80 -3867.863 1010 -4649.436 -3695.543 -10 -5772.817
3 -280.153 110.0604 -2819.123 0 0 0 30 50 30 -210.0735 164.1479 -2891.548 -373.422 46.99995 -2811.425
1 -483.7463 61.98321 -2530.732 0 0 0 140 140 19600 -488.9073 29.98321 -2700.156 -488.9073 29.98321 -2720.156
1 -605.3618 116 -2801.42 0 0 0 60 60 3600 -585.5027 110 -2855.555 -585.5027 110 -2875.555
1 -607.5833 116 -2946.42 0 0 0 60 60 3600 -585.5027 110 -2855.555 -585.5027 110 -2875.555
1 -2634.601 253.0051 -3086.755 0 0 0 45 45 2025 -2629.985 268.0051 -3041.719 -2742.344 195.0051 -3237.849
3 -3336.631 245 -3023.159 0 0 0 30 40 60.09998 -3323.224 432 -2939.261 -3812.116 -1038 -3425.922
3 -2722.507 309 -3222.347 0 0 0 90.00001 50.00001 100.1 -2639.697 337 -3137.565 -3122.484 112 -3408.524
3 -2826.645 323.99 -3286.434 0 0 0 240 30 25 -2914.584 380.6747 -3234.42 -3021.343 320.0001 -3263.837
3 -3958.194 589.9893 -4097.482 0 0 0 80.00001 80.00001 40.09999 -3966.988 626.9893 -4026.76 -3984.016 592.9893 -4135.812
3 -3772.408 939 -4694.739 0 0 0 60 60 60 -3841.328 941 -4690.283 -3431.287 830 -4687.086
3 -3599.348 942.0023 -4660.831 0 0 0 160 50 200 -3707.628 965.0024 -4663.661 -2488.762 -1069.998 -5694.248
1 1.45918 209 -1965.97 0 0 0 60 60 3600 -12.37743 110 -1915.687 -12.37743 110 -1935.687
1 -285.3669 88 -2782.885 0 0 0 40 40 1600 -278.0463 110 -2792.97 -278.0463 110 -2812.97
1 -327.6319 33 -2781.918 0 0 0 40 40 1600 -278.0463 110 -2792.97 -278.0463 110 -2812.97
1 -1147.54 40.94899 -2656.132 0 0 0 40 40 1600 -1135.861 110.949 -2649.722 -1376.481 -116.051 -2651.335
1 -1535.384 177 -2852.176 0 0 0 15 15 225 -1566.083 120 -2884.204 -1566.083 120 -2904.204
3 -3086.927 214.99 -3235.984 0 0 0 28 30 28 -3041.763 296.99 -3190.365 -3412.892 -106.01 -3376.953
3 -4219.215 580.1584 -3186.703 0 0 0 30 55 30 -4248.964 639.1584 -3165.449 -4146.93 552.1584 -3197.667
3 -4009.216 580.1584 -3186.703 0 0 0 30 55 30 -3992.894 639.1584 -3150.332 -4146.93 552.1584 -3197.667
3 -298.4289 66.06036 -2878.133 0 0 0 100 100 80.00001 -24.35685 150.0604 -2868.08 -2399.738 -367.9396 -2668.559
3 63.78428 86 -1238.953 0 11.25 0 50.00001 100 59.99997 92.38795 187 -1158.74 -171.5403 -160 -1364.233
3 -29.58747 86 -1229.517 0 0 0 50.00001 100 59.99997 -5.316943 124 -1158.429 -36.34331 -518 -4173.709
3 -68.2251 86 -1049.267 0 0 0 30.00001 100 19.99998 17.05805 187 -1057.247 -293.9646 -160 -1224.765
3 71.77489 86 -1049.267 0 0 0 30.00001 100 19.99998 17.05805 187 -1057.247 -293.9646 -160 -1224.765
3 1.559359 35 -100.3123 0 0 0 40 39.99999 30 9.687901 156 -72.52396 -0.687171 68 -157.9093
1 -69.6689 46 -713.7699 0 0 0 70 70 4900 -52.11343 87 -650.3486 -19.88012 -153 -1176.942
1 -1249.83 96.94899 -2830.79 0 0 0 160 160 25600 -1037.643 147.949 -2726.927 -2189.49 -530.051 -1984.696
3 -3950.385 965 -4766.215 0 0 0 70.00001 60.00001 75 -4032.717 940 -4730.724 -2438.245 640 -4726.075
1 -3760.684 950 -4772.242 0 0 0 70 70 4900 -3857.675 920 -4755.898 -3857.675 920 -4775.898
3 -3938.272 271 -3086.191 0 0 0 100 50 50 -3849.726 277 -3083.734 -5489.064 55 -3111.355
1 -4090.402 230.1584 -3071.467 0 0 0 140 140 19600 -4042.082 329.1584 -3147.057 -4249.755 122.1584 -2977.956
3 -4223.915 486.1584 -3082.249 0 0 0 50 50 140 -4159.26 498.1584 -2991.051 -4129.995 490.1584 -3080.701
3 -4000.078 478.1584 -3083.138 0 0 0 50 50 140 -4077.84 503.1584 -2998.423 -3974.258 480.1584 -3292.108
1 -4083.216 565.1461 -3594.034 0 0 0 60 60 3600 -4090.907 644.1461 -3615.123 -4090.907 644.1461 -3635.123
3 -4249.504 239 -2414.053 0 0 0 500 300 500.1 -3913.178 347 -2673.044 -3765.188 -598 -4279.421
1 -3768.085 1009 -4690.243 0 0 0 50 50 2500 -3841.328 941 -4690.283 -3431.287 800 -4687.086
3 -3626.548 889 -5088.428 0 0 0 130 100 60 -3717.491 830 -5055.163 -3232.273 750 -5035.691
3 -3634.115 893 -4855.996 0 0 0 130 100 40 -3729.394 830 -4859.955 -2879.21 628 -4933.288
3 -3599.437 962 -4952.168 0 0 0 150 110 150 -3688.4 985 -4955.328 -3093.049 745 -4978.576
3 -3630.429 609 -4963.142 0 0 0 130 100 150 -3617.686 662 -4773.232 -3832.963 -530 -8101.469
3 -3793.116 897.0023 -4772.647 0 0 0 20 100 150 -3858.353 965.0023 -4898.262 -3844.448 443.0023 -6530.807
3 -3862.802 897.0023 -4691.269 0 0 0 60 100 130 -3858.353 965.0023 -4898.262 -3844.448 443.0023 -6530.807
3 -2989.748 1187 -5785.061 0 0 0 13.00001 45 13.00001 -3007.319 1352 -5890.894 -2975.45 1128 -5784.081
3 -2872.941 1198 -5786.716 0 0 0 60 50.09999 130 -2911.327 1219 -5852.312 -2915.552 933 -5414.119
3 -3132.941 1198 -5786.716 0 0 0 60 50.09999 130 -3097.5 1219 -5847.298 -3185.153 901 -5304.837
3 -4085.08 565.937 -3619.806 0 0 0 25 20.1 10 -4110.702 636.937 -3622.88 -4083.856 617.937 -3631.029
1 -4084.844 708 -4583.623 0 0 0 60 60 3600 -4088.44 600 -4629.455 -4088.44 600 -4649.455
1 -4088.153 708 -4548.776 0 0 0 60 60 3600 -4088.44 600 -4629.455 -4088.44 600 -4649.455
3 -3834.336 972.0023 -5298.722 0 0 0 130 100 320 -3858.353 965.0023 -4898.262 -3844.448 243.0024 -6530.807
3 -3747.696 1018.002 -5159.575 0 0 0 80.00001 50.09999 50.00001 -3863.632 1066.002 -5149.402 -3143.682 598.0023 -5312.932
1 -3174.665 1053 -5786.953 0 0 0 50 50 2500 -3177.651 970 -5766.663 -3177.651 970 -5786.663
1 -3233.285 1053 -5786.805 0 0 0 50 50 2500 -3177.651 970 -5766.663 -3177.651 970 -5786.663
3 -3184.665 1067 -5786.953 0 0 0 60 50 140 -3177.651 970 -5766.663 -3177.651 970 -5786.663
3 -2863.593 316 -3082.928 0 0 0 250 70 70 -2578.508 361 -3093.823 -4634.98 -401.9999 -3099.397
1 -2514.965 295 -3199.923 0 0 0 15 15 225 -2595.278 245 -3214.715 -2595.278 245 -3234.715
3 -2866.255 20.00003 -3262.868 0 0 0 100 120 100 -2797.15 185 -3150.023 -3221.928 -683 -3521.448
3 -3266.318 68.99992 -3078.998 0 0 0 40 30 60 -3321.422 131.9999 -3123.024 -3230.82 39.99993 -3025.932
1 -3248.085 80.99992 -3077.37 0 0 0 40 40 1600 -3310.858 69.99992 -3056.316 -3310.858 69.99992 -3076.316
3 -3237.9 239 -2319.604 0 0 0 500 300 500.1 -3594.792 347 -3117.188 -5341.904 -598 -3012.849
3 -2582.259 239 -2317.577 0 0 0 500 300 500.1 -3594.792 347 -3117.188 -5341.904 -598 -3012.849
3 -1943.048 239 -1915.556 0 0 0 500 300 500.1 -3594.792 347 -3117.188 -5341.904 -598 -3012.849
3 -1315.068 239 -1765.44 0 0 0 500 300 500.1 -3594.792 347 -3117.188 -5341.904 -598 -3012.849
3 -3916.431 271 -2993.684 0 0 0 100 50 50 -3795.922 335 -2878.148 -4363.854 -205 -3973.561
3 -3585.766 134 -3078.34 0 0 0 55.09999 40.09999 75.09999 -3594.792 347 -3117.188 -5341.904 -29.00002 -3012.849
1 -3632.363 242.4697 -3078.875 0 0 0 70 70 4900 -3720.112 172.4697 -3176.273 -3721.176 60.46967 -3342.12
1 -3628.899 242.4697 -2975.905 0 0 0 70 70 4900 -3720.112 172.4697 -3176.273 -3721.176 60.46967 -3342.12
1 -3630.808 242.4697 -3219.321 0 0 0 70 70 4900 -3720.112 172.4697 -3176.273 -3721.176 60.46967 -3342.12
1 -3638.21 242.4697 -3145.499 0 0 0 70 70 4900 -3720.112 172.4697 -3176.273 -3721.176 60.46967 -3342.12
1 -3630.788 242.4697 -3020.53 0 0 0 70 70 4900 -3720.112 172.4697 -3176.273 -3721.176 60.46967 -3342.12
3 -4584.078 -151 -2874.711 0 0 0 300 400 500.1 -3913.178 347 -2673.044 -3765.188 -598 -4279.421
1 -4085.737 721 -3227.109 0 0 0 110 110 12100 -4040.285 590 -3395.911 -4040.285 590 -3415.911
1 -3968.877 701 -3239.86 0 0 0 110 110 12100 -4040.285 590 -3395.911 -4040.285 590 -3415.911
1 -4225.882 686 -3243.807 0 0 0 110 110 12100 -4040.285 590 -3395.911 -4040.285 590 -3415.911
1 -3926.21 952 -4568.142 0 0 0 100 100 10000 -3857.675 920 -4755.898 -3857.675 920 -4775.898
1 -3772.076 950 -4632.508 0 0 0 50 50 2500 -3857.675 920 -4755.898 -3857.675 920 -4775.898
3 -3623.531 629 -4796.272 0 0 0 40.00001 50.09999 60.00001 -3611.154 627 -4735.967 -3832.963 -430 -8101.469
3 -3647.759 800 -4773.383 0 0 0 110 50 40 -3532.75 860 -4792.05 -3936.947 716 -4742.161
3 -3793.116 897.0023 -4772.647 0 0 0 20 100 150 -3858.353 965.0023 -4898.262 -3844.448 443.0023 -6530.807
3 -3878.593 612 -3648.699 0 0 0 100 200 290 -4052.31 716 -3509.451 -4094.66 442 -3969.472
1 -3888.059 636 -3433.832 0 0 0 110 110 12100 -4040.285 590 -3395.911 -4040.285 590 -3415.911
1 -78.91357 123.0172 -2795.505 0 0 0 64 64 4096 -36.79742 110.0172 -2818.843 -36.79742 110.0172 -2838.843
1 -81.88472 123.0172 -2957.678 0 0 0 64 64 4096 -36.79742 110.0172 -2818.843 -36.79742 110.0172 -2838.843
3 -3336.631 245 -3143.159 0 0 0 30 40 60.09998 -3334.438 424 -3042.517 -3812.116 -1038 -3425.922
3 -3647.759 800 -4553.383 0 0 0 110 50 40 -3521.078 860 -4546.689 -4044.324 705 -4619.326
3 -4171.708 365.1584 -2970.191 0 0 0 200 300 30 -4042.082 329.1584 -3147.057 -4249.755 122.1584 -2977.956
3 -4171.708 365.1584 -3007.191 0 0 0 200 300 70 -4042.082 329.1584 -3147.057 -4249.755 122.1584 -2977.956
3 -4197.382 816.6755 -4805.885 0 0 0 40.09999 300 190 -4203.331 890.6755 -4705.942 -4088.895 829.6755 -4759.849
3 -4157.382 816.6755 -4805.885 0 0 0 60.09999 300 190 -4203.331 890.6755 -4705.942 -4088.895 829.6755 -4759.849
3 -2950.538 1185 -5920.005 0 0 0 200 300 50.00001 -3025.59 1244 -5856.948 -2975.45 1128 -5784.081
3 -2951.678 1295 -5885.137 0 0 0 200 150.1 80.00001 -3025.59 1244 -5856.948 -2975.45 1128 -5784.081
3 -3168.552 1245 -5790.364 0 0 0 50.09999 100 150 -3025.59 1244 -5856.948 -2975.45 1128 -5784.081
3 -2838.538 1225 -5790.005 0 0 0 50.09999 100 150 -3025.59 1244 -5856.948 -2975.45 1128 -5784.081
3 -4101.87 931.6755 -4607.452 0 0 0 170 160 40 -4188.236 870.6755 -4676.976 -3225.189 421.6755 -4700.622
3 -4101.87 931.6755 -4920.452 0 0 0 170 160 40 -4188.236 870.6755 -4676.976 -3225.189 421.6755 -4700.622
3 -3288.312 51.99993 -3079.428 0 0 0 40 30 60 -3321.422 131.9999 -3123.024 -3230.82 39.99993 -3025.932
3 -3036.592 1312 -5814.165 0 0 0 210 130 260 -3026.275 1298 -5751.583 -3035.553 1080 -4696.792
3 -2170.876 -1 -2950.11 0 0 0 80 40 30 -2169.712 97 -2875.899 -2140.794 12 -2942.72
3 -2095.271 32 -2949.907 0 0 0 30 50 30 -1976.408 153 -2849.055 -2019.137 57 -2951.532
3 -1985.586 32 -2950.499 0 0 0 27 40 52 -1976.408 153 -2849.055 -2019.137 57 -2951.532
