1 0 150 340 0 0 0 50 50 2500 25.58264 -7 303.1079 0 -24 340
3 1.533151 -27 310.8914 0 0 0 80 10 120 -1.092337 -19 369.9004 98.50053 -620 -2675.295
3 9.38331 -7 -397.9229 0 0 0 80 50 9.999998 0.836306 -11 -394.7352 -2109.294 -405 -384.5282
3 -6.693208 -2 -229.9489 0 0 0 100 30 60 -1.092337 -19 369.9004 98.50053 -20 -2675.295
3 -255.1649 12 -404.076 0 0 0 9.999998 50 110 0.836306 -11 -394.7352 -2109.294 -1130 -384.5282
3 -228.435 13 -402.3793 0 0 0 9.999998 60 110 0.836306 -11 -394.7352 -2109.294 -405 -384.5282
3 -759.0986 -162 -396.6124 0 0 0 120 60 150 -676.598 -161 -400.0027 -2109.294 -213 -384.5282
3 -620.54 -153 -406.8054 0 0 0 9.999998 50 110 0.836306 -11 -394.7352 -2109.294 -1130 -384.5282
3 -829.4003 -132 -399.4313 0 0 0 20 60 120 -816.6511 -118 -401.0631 -1757.286 -890 -406.0057
3 -759.0986 31 -396.6124 0 0 0 120 50 150 -757.7592 17 -401.2233 -3145.865 673 -375.5996
3 -1368.971 -136 -400.6111 0 0 0 120 50 150 -676.598 -161 -400.0027 -2109.294 -213 -384.5282
3 -1287.942 -130 -402.9757 0 0 0 40 70 130 -816.6511 -114 -401.0631 -1757.286 -1091 -406.0057
3 -1805.816 -128.9729 -397.5614 0 0 0 110 90 120 -1673.83 -105.9729 -396.5072 -1806.286 -125.9729 -398.3208
3 -1935.003 511.0187 -394.8584 0 0 0 40 40 80 -1867.283 488.0187 -394.6364 -3515.942 249.0187 -446.1277
3 -1805.816 -18.97288 -397.5614 0 0 0 110 40 120 -1660.809 -105.9729 -399.1523 -1806.286 -125.9729 -398.3208
3 -1817.03 304.0037 -399.8526 0 0 0 32 85 10 -1784.879 288.0037 -434.3447 -1800.002 247.0037 -399.9979
3 -1848.077 566.0037 -401.3972 0 0 0 32 45 10 -1795.186 574.0037 -418.6198 -1836.234 539.0037 -398.422
1 -1652.775 12 -388.9326 0 0 0 120 120 14400 -1806.943 -129 -339.2076 -1806.943 -129 -359.2076
3 -1802.981 453.0163 -395.3593 0 0 0 130 10 120 -1910.076 479.0163 -367.0594 -1910.076 479.0163 -387.0594
3 -2078.64 511.0187 -399.9127 0 0 0 40 40 80 -1867.283 488.0187 -394.6364 -3515.942 249.0187 -446.1277
1 -2146.729 710 -406.0135 0 0 0 10 10 100 -2352.847 588 -583.0266 -2807.315 141 -286.7252
3 -2785.693 149.9781 -554.4843 0 0 0 140 40 110 -2726.345 150.9781 -550.108 -6036.022 115.9781 -600.9767
3 -2606.486 149.976 -552.3757 0 0 0 40 40 100 -2678.34 149.976 -526.5961 -2678.34 149.976 -546.5961
3 -3127.316 243.0008 -553.271 0 0 0 20.1 20 120 -3042.121 308.0008 -554.2228 -3155.319 250.0008 -558.1169
3 -3429.595 399.9781 -549.0267 0 0 0 100 40 110 -3207.253 395.9781 -550.652 -6036.022 1323.978 -600.9767
3 -3712.162 226.9999 -550.4122 0 0 0 1.1 10 25 -3664.474 215.9999 -609.097 -3712.486 229.9999 -547.3783
3 -3638.389 240.9781 -564.3798 0 0 0 70 40 100 -3207.253 395.9781 -550.652 -6036.022 1323.978 -600.9767
3 -3830.634 223.9947 -690.2524 0 0 0 80 30 60 -3826.366 209.9947 -613.9387 -3788.062 1929.995 -3167
3 -3858.934 204.9999 -540.0063 0 0 0 61.1 40 35 -3772.593 208.9999 -531.1108 -3845.858 229.9999 -545.5308
3 -3817.024 212.9999 -547.9136 0 0 0 91.1 20 35 -3832.788 171.9999 -535.5676 -3832.082 229.9999 -603.6245
3 -3827.962 235.9947 -938.5783 0 0 0 63 30 33 -3829.993 201.9947 -874.0952 -3853.875 5859.995 -4079.262
3 -3828.517 546.9675 -1359.664 0 0 0 150 160 150 -3831.048 503.9675 -1238.583 -3830.269 505.9675 -1264.983
3 -1670.082 -136 -430.4328 0 0 0 9.999998 50 150 -676.598 -161 -400.0027 -2109.294 -213 -384.5282
3 -3493.285 315.9781 -549.6499 0 0 0 10.1 90 9.999998 -3431.626 356.9781 -550.559 -6036.022 -2226.022 -600.9767
3 -3830.779 367.9675 -1232.079 0 270 0 40 90 150 -3884.407 308.9675 -1293.032 -4374.396 -1462.032 -1678.735
3 -3928.517 6.967529 -1359.664 0 0 0 70 60 150 -3876.517 114.9675 -1291 -4019.712 -74.03247 -1390.506
3 -3715.756 26.96753 -1358.601 0 0 0 40 100 170 -3719.396 90.96752 -1353.907 -3359.994 -1271.032 -1472.315
3 -4099.488 -649 -1353.255 0 0 0 70 40 80 -4076.175 -657 -1354.672 -5508.107 -773 -1363.308
3 -4406.894 -647 -1444.306 0 0 0 90 40 9.999998 -4408.962 -657 -1334.54 -4412.336 -773 -3047.531
3 -4277.416 -649 -1358.241 0 0 0 40 40 80 -4076.175 -657 -1354.672 -8418.517 -773 -1534.031
3 -4407.12 -647 -1621.076 0 0 0 110 40 9.999998 -4408.962 -657 -1334.54 -4412.336 -773 -3047.531
3 -4407.198 -647 -1643.567 0 0 0 110 40 9.999998 -4407.09 -657 -1644.338 -4412.336 -1543 -3047.531
3 -4407.482 -797 -1978.123 0 0 0 110 40 9.999998 -4407.09 -657 -1644.338 -4412.336 -1543 -3047.531
3 -4408.043 -797 -2001.118 0 0 0 110 40 9.999998 -4408.361 -803 -1984.338 -4412.336 -863 -3047.531
3 -4399.342 -850 -2285.407 0 0 0 80 10.1 80 -4325.26 -931 -2242.186 -4396.12 -863 -2279.479
3 -4399.342 -982 -2355.407 0 0 0 160 20 150 -4325.26 -931 -2242.186 -4396.12 -863 -2279.479
3 -4404.622 -988 -2655.26 0 0 0 100 10 110 -4405.262 -979 -2580.171 -4422.651 -1328 -4654.39
3 -4412.18 -1058 -2899.344 333.2813 0 0 100 10 170 -4404.629 -979 -2745.87 -4422.651 -2043 -4654.39
3 -4400.753 -1099 -3203.959 0 0 0 100 50 9.999998 -4495.97 -1134 -3206 -6032.338 -1328 -3146.148
3 -4831.175 -1203 -3211.104 0 0 26.71875 160 10 110 -4716.42 -1134 -3205.966 -6032.338 -2028 -3146.148
3 -4641.873 -1134 -3188.077 0 0 0 40 10 110 -4495.97 -1134 -3206 -6032.338 -1328 -3146.148
3 -5137.738 -1259 -3210.377 0 0 0 110 20 110 -5057.68 -1284 -3201.432 -6032.338 -1358 -3146.148
1 -5538.474 -1212 -3200.248 0 0 0 30 30 900 -5669.458 -1198 -3216.606 -5669.458 -1198 -3236.606
3 -5832.651 -1242 -3197.977 0 0 0 80 40 130 -5723.442 -1221 -3204.271 -7977.095 -1235 -3221.904
3 -5718.745 -1234 -3202.319 0 0 0 30 50 130 -5723.442 -1221 -3204.271 -7977.095 -5030 -3221.904
3 -8388.809 -896.0244 -3796.049 0 0 0 50 60 140 -8358.224 -972.0244 -3915.943 -8358.369 -917.0244 -3837.357
3 -8488.378 -896.0244 -3806.408 0 0 0 60 60.1 90 -8334.826 -923.0244 -3801.983 -10985.38 -43.02441 -3827.538
3 -6032.868 -1204 -3206.543 0 0 0 80 40 130 -5723.442 -1221 -3204.271 -7977.095 -1235 -3221.904
3 -8588.496 -828.0122 -3816.396 0 0 0 40 50 110 -8532.708 -912.0122 -3800.556 -8843.998 -292.0122 -3809.877
3 -8441.913 -431.0244 -3793.53 0 0 0 100 90 140 -8418.652 -876.0244 -3806.009 -12047.05 -434.0244 -3818.665
3 -9080.789 -974.0162 -3808.033 0 0 0 63 110 130 -9011.168 -911.0162 -3804.22 -9026.012 -974.0162 -3804.292
3 -9228.269 -1064.978 -3803.335 0 0 0 111 20 130 -9108.351 -1056.978 -3805.302 -11235.63 -1479.978 -3845.099
3 -9228.269 -1000.978 -3803.335 0 0 0 111 20 130 -9108.351 -997.9777 -3805.302 -11235.63 -717.9777 -3845.099
3 -8780.742 -955.9993 -3803.841 0 0 0 60 40 140 -8700.866 -918.9993 -3804.032 -8828.284 -964.9993 -3804.967
3 -3966.695 257 -1356.183 0 0 0 90 70.1 40 -3891.889 280 -1307.319 -3991.37 255 -1350.643
1 -3830.662 345.9908 -1151.914 0 0 0 20 20 400 -3755.57 267.9908 -1290.197 -3828.036 375.9908 -1237.498
3 -9358.267 -1002.032 -3807.912 0 0 0 0.999999 30 60 -9379.847 -1036.032 -3866.741 -9371.519 -985.0317 -3812.195
3 -9356.887 -987.9777 -3804.294 0 0 0 0.999999 20 30 -9247.373 -1029.978 -3804.681 -11125.46 -728.9777 -3845.929
3 -8212.383 -676.0244 -3804.49 0 0 0 30 50 50 -8358.224 -1002.024 -3915.943 -8358.369 -917.0244 -3837.357
3 -9314.099 -993.9777 -3802.736 0 0 0 41 40 180 -9247.373 -1029.978 -3804.681 -11125.46 -728.9777 -3845.929
3 -9398.065 -981.0317 -3810.05 0 0 0 32 30 90 -9379.847 -1036.032 -3866.741 -9371.519 -985.0317 -3812.195
3 -9466.572 -981.0317 -3814.193 0 0 0 12 70 90 -9410.163 -992.0317 -3808.08 -11478.61 -510.0317 -3805.544
3 -9707.027 -881.0317 -3801.982 0 0 0 112 40 120 -9710.819 -992.0317 -3811.335 -9662.349 -510.0317 -5617
3 -9576.86 -981.0317 -3815.342 0 0 0 12 70 90 -9410.163 -992.0317 -3808.08 -11478.61 -510.0317 -3805.544
3 -9688.867 -996.0317 -4072.461 0 0 0 102 70 20 -9710.819 -992.0317 -3811.335 -9662.349 -510.0317 -5617
3 -9688.465 -996.0317 -4119.202 0 0 0 102 70 20 -9709.828 -1021.032 -4044.363 -9662.349 259.9683 -5617
3 -9709.555 -862 -4391.18 0 0 0 100 60 9.999998 -9666.031 -893 -4519.395 -9709.648 -845 -4470.667
3 -9684.121 -872.0317 -4349.019 0 0 0 102 70 20 -9709.828 -1021.032 -4044.363 -9662.349 259.9683 -5617
3 -9714.291 -748 -4553.37 0 0 0 140 30 100 -9711.842 -778 -4512.588 -9686.376 -380 -6158.882
3 -9716.208 -744 -4434.92 0 0 0 160 40.00003 60 -9727.543 -801 -4503.751 -9666.574 -758 -4492.31
3 -9715.567 -840.0692 -4684.289 0 0 0 80 82 27 -9709.987 -856.0692 -4627.347 -9752.394 544.9307 -7762.26
3 -8810.536 -794.97 -3801.673 0 0 0 190 20 110 -8672.607 -810.97 -3806.591 -14971.41 -1104.97 -3796.06
3 -9714.491 -913.0841 -4976.859 0 0 0 90 70 4 -9627.032 -740.0841 -5157.333 -9666.984 -681.0841 -5174.286
3 -9732.112 -588.0841 -5203.599 0 0 0 100 40 134 -9627.032 -635.0841 -5157.333 -9666.984 -611.0841 -5174.286
1 -9710.586 -1290 -5206.729 0 0 0 60 60 3600 -9710.139 -1306 -5164.905 -9716.934 -2422 -8303.967
3 -9609.159 -1321 -5174.487 0 0 0 30 60 80 -9624.333 -1352 -5183.33 -9624.333 -1352 -5203.33
3 -9807.826 -1321 -5166.06 0 0 0 30 60 80 -9624.333 -1352 -5183.33 -9624.333 -1352 -5203.33
3 -9714.257 -1321 -5110.518 0 0 0 110 60 40 -9624.333 -1352 -5183.33 -9624.333 -1352 -5203.33
3 -9711.461 -1320 -5596.873 0 0 0 80 50 10 -9695.711 -1340 -5911.279 -9710.59 -1352 -5565.094
3 -10251.63 -1320 -5542.646 0 0 0 80 50 10 -10247.99 -1340 -5589.215 -10245.6 -1607 -3113.157
3 -10344.72 -1320 -5202.401 0 270 0 100 40 20 -10242.2 -1336 -5198.055 -13676.06 -1755 -5201.328
3 -10251.63 -1320 -5312.646 0 0 0 80 50 10 -10247.99 -1340 -5589.215 -10245.6 -1607 -3113.157
3 -10503.01 -1327 -5203.451 0 0 0 20 50 120 -10242.2 -1336 -5198.055 -13676.06 -1755 -5201.328
3 -10549.01 -1327 -5202.777 0 0 0 20 50 120 -10539.51 -1336 -5203.852 -13676.06 -3220 -5201.328
3 -10954.26 -1492 -5105.53 0 0 0 100 60 30 -10951.32 -1480 -5184.064 -10937.47 -1822 -2860.334
3 -10794.38 -1447 -5209.274 0 0 0 20 50 120 -10539.51 -1336 -5203.852 -13676.06 -3220 -5201.328
3 -10945.93 -1462 -4957.594 0 0 0 110 70 20 -10951.32 -1480 -5184.064 -10937.47 -1822 -2860.334
3 -10944.58 -1462 -4911.616 0 0 0 110 70 20 -10950.8 -1480 -4920.415 -10937.47 -2497 -2860.334
3 -10928.2 -1605 -4599.167 0 0 0 110 70 20 -10950.8 -1480 -4920.415 -10937.47 -2497 -2860.334
3 -10927.86 -1605 -4556.167 0 0 0 110 70 20 -10953.24 -1618 -4583.211 -10937.47 -1697 -2860.334
1 -10949.73 -873 -4380.116 0 0 0 20 20 400 -10965.88 -960 -4411.072 -10949.73 -872 -4380.116
3 -10949.73 -1010 -4420.116 0 0 0 110 20 110 -10951.04 -1049 -4418.529 -10960.43 -1377 -2466.369
3 -10863.06 -1025 -4408.413 0 0 0 20 60 70 -10948.73 -1067 -4357.875 -10948.73 -1067 -4377.875
3 -11036.15 -1025 -4413.512 0 0 0 20 60 70 -10948.73 -1067 -4357.875 -10948.73 -1067 -4377.875
3 -10947.66 -1025 -4482.804 0 0 0 120 60 40 -10948.73 -1067 -4357.875 -10948.73 -1067 -4377.875
3 -11076.75 -1189 -3709.918 0 0 0 30 60 110 -10964.84 -1067 -3763.195 -10964.84 -1067 -3783.195
3 -10810.88 -1189 -3711.824 0 0 0 30 60 110 -10964.84 -1067 -3763.195 -10964.84 -1067 -3783.195
3 -10949.8 -1192 -3817.558 0 0 0 330.0001 60 40 -10964.84 -1067 -3763.195 -10964.84 -1067 -3783.195
3 -10954.85 -1200 -3242.52 0 0 0 90 60 9.999998 -10951.04 -1049 -4418.529 -10960.43 -1377 -2466.369
3 -10954.85 -1200 -3132.52 0 0 0 150 60 9.999998 -10951.04 -1049 -4418.529 -10960.43 -1377 -2466.369
3 -10951.13 -1202 -3074.571 0 0 0 60 60 40 -10948.13 -1203 -3143.582 -10960.43 -1432 -2466.369
3 -10962.85 -1112 -2986.593 0 0 0 140 60 40 -10950.06 -1116 -3077.625 -10949.23 -1169 -2987.277
3 -10957.1 -1001 -2974.564 0 0 0 141 30 3.999998 -10931 -1167 -2984.981 -10931 -1167 -3004.981
3 -10802.25 -998 -2910.486 0 0 0 5.999999 60 110 -10845.73 -1009 -2905.042 -5738.474 -1467 -2947.836
3 -10814.27 -998 -2911.068 0 0 0 4.999999 60 110 -10845.73 -1009 -2905.042 -5738.474 -1467 -2947.836
3 -8710.588 -1100 -2904.413 0 0 0 103 20 80 -8797.017 -1081 -2903.064 -5014.756 -1097 -2926.932
1 -635.8989 -109.3657 -400.6451 0 0 0 40 40 1600 -705.7789 -161.3657 -452.6451 -651.8514 -135.3657 -393.2784
3 -4414.73 -678 -1265.868 0 0 0 110 100 20 -4413.479 -678 -1240 -4413.479 -678 -1260
3 -4492.741 -678 -1325.775 0 0 0 20 100 70 -4413.479 -678 -1240 -4413.479 -678 -1260
3 -4304.93 -1102 -3215.26 0 0 0 30 90 110 -4310 -1138 -3238.97 -4310 -1138 -3258.97
3 -4409.792 -1102 -3298.438 0 0 0 100 90 20 -4310 -1138 -3238.97 -4310 -1138 -3258.97
3 -2911.112 194.9622 -558.4348 0 0 0 70 50 130 -2845.571 161.9622 -551.2698 -3809.548 -350.0377 -553.5757
3 -9386.729 -1005.032 -3891.365 0 0 0 24 30 40 -9428.237 -1036.032 -3796.675 -9381.67 -985.0317 -3865.049
3 -9618.987 -611.0841 -5112.505 0 0 0 50 40 64.00001 -9630.944 -635.0841 -5258.771 -9641.104 -611.0841 -5154.751
3 -9707.867 -1333 -5548.785 0 0 0 90 60 40 -9710.815 -1339 -5496.454 -9719.126 -2552 -9323.967
3 -10247.49 -1299 -5121.493 0 0 0 110 70 10 -10227.02 -1352 -5204.621 -10227.02 -1352 -5224.621
3 -10147.41 -1299 -5205.8 0 0 0 30 70 110 -10227.02 -1352 -5204.621 -10227.02 -1352 -5224.621
3 -11051.54 -1502 -5201.712 0 0 0 30 100 104 -10976.85 -1502 -5245.991 -10976.85 -1502 -5265.991
3 -10952.74 -1502 -5319.944 0 0 0 100.1 100 44 -11010.74 -1482 -5239.394 -10976.85 -1502 -5265.991
3 -9987.295 -993 -2908.349 0 0 0 20 60 110 -10845.73 -1009 -2905.042 -5738.474 -1467 -2947.836
3 -9940.514 -993 -2909.816 0 0 0 20 60 110 -9965.71 -1016.455 -2908.055 -9909.366 -1019.805 -2916.785
3 -3441.144 175.9781 -549.5806 0 0 0 60.1 130 160 -3383.582 307.9781 -549.3123 -6036.022 -2226.022 -600.9767
3 -10960.57 -1007.069 -3370.397 0 0 0 80 9.999998 140 -10942.8 -1023.069 -3550.805 -10962.23 -722.0688 -1712.226
3 -10955.29 -974.0688 -3207.51 0 0 0 110 30 50 -10948.08 -1060.069 -3241.25 -10962.23 1543.931 -1712.226
1 -10948.28 -1039 -2726.746 0 0 0 40 40 1600 -10957.27 -1027 -2857.667 -10957.27 -1027 -2877.667
3 -446.9479 -62 -400.527 0 0 25.3125 180 10 10 -269.6844 5 -420.5528 -2602.539 -94 262.2633
3 -647.3296 6.030531 -404.0826 0 0 0 60 70 150 -654.8732 56.03053 -400.9363 -695.6834 20.03053 -400.3319
1 -1411.258 0 -401.5082 0 0 0 15 15 225 -1450.056 -130 -377.9182 -1450.056 -130 -397.9182
1 -2080.319 572 -404.3115 0 0 0 10 10 100 -2043.003 479 -382.0631 -2043.003 479 -402.0631
3 -2941.738 383.9691 -550.7569 0 0 0 50 50 100 -2972.732 399.9691 -530.4374 -2972.732 399.9691 -550.4374
1 -2556.071 -49.0104 -552.9771 0 0 0 10 10 100 -2624.649 154.9896 -584.6931 -2651.017 163.9896 -560.9587
3 -2915.043 600.9691 -545.4149 0 0 0 20 50 90 -2972.732 399.9691 -530.4374 -2972.732 399.9691 -550.4374
3 -2994.67 421.9691 -559.7027 0 0 0 100 30 90 -2972.732 399.9691 -530.4374 -2972.732 399.9691 -550.4374
3 -2881.043 323.9691 -545.0248 0 0 0 20 50 150 -2972.732 399.9691 -530.4374 -2972.732 399.9691 -550.4374
3 -2798.078 472.9691 -551.9903 0 0 0 100 30 90 -2972.732 399.9691 -530.4374 -2972.732 399.9691 -550.4374
1 -2890.832 395.0324 -547.5901 0 0 0 60 60 3600 -2829.238 350.0323 -525.7313 -2829.238 350.0323 -545.7313
1 -2886.583 395.0323 -623.4694 0 0 0 60 60 3600 -2829.238 350.0323 -525.7313 -2829.238 350.0323 -545.7313
1 -2894.857 395.0324 -475.7032 0 0 0 60 60 3600 -2829.238 350.0323 -525.7313 -2829.238 350.0323 -545.7313
3 -2668.338 346.5 -560.7678 0 0 0 80 40 120 -2779.894 262.5 -548.8475 -2720.289 299.5 -592.6138
3 -3145.659 399.9781 -542.6781 0 0 0 140 40 110 -3207.253 395.9781 -550.652 -6036.022 1323.978 -600.9767
3 -2655.476 377.5 -546.877 0 0 0 40 60 40 -2691.894 262.5 -547.8398 -2672.851 321.5 -547.6187
3 -3827.962 235.9947 -938.5783 0 0 0 63 30 33 -3829.993 201.9947 -874.0952 -3853.875 5859.995 -4079.262
3 -4849.288 -1168 -3204.581 0 0 25.3125 180 10 10 -4667.31 -1095 -3257.113 -6793.497 -1904 -2469.449
3 -4404.807 -1027 -2914.596 333.2813 90 0 180 10 10 -4398.382 -996 -2848.578 -4935.762 -1544 -5423.705
3 -4404.5 -1076.19 -3091.859 0 0 0 9.999998 30.1 40 -4346.746 -1114.19 -3094.923 -4407.92 -1078.19 -3126.676
3 -5039.658 -1229.96 -3205.059 0 0 0 40 24 10 -5030.096 -1283.96 -3261.338 -5063.851 -1243.96 -3204.033
3 -5064.574 -1213.97 -3203.912 0 0 0 20 30 30 -5075.385 -1287.97 -3176.991 -5075.385 -1287.97 -3196.991
1 -6035.569 -1146 -3200.763 0 0 0 10 10 100 -5979.281 -1227 -3233.151 -6044.934 -1121 -3204.824
1 -6096.713 -1005 -3198.856 0 0 0 10 10 100 -6324.522 -1173 -3428.385 -6086.692 -1006 -3190.105
1 -6111.497 -1005 -3195.861 0 0 0 10 10 100 -6324.522 -1083 -3428.385 -3449.154 464 -1262.38
1 -6980.653 -898 -3200.302 0 0 0 20 20 400 -7337.257 -1103 -3347.283 -7149.751 -1003 -3243.162
1 -6934.168 -903 -4062.642 0 0 0 20 20 400 -7121.158 -1038 -3699.814 -7374.017 -638 -4138.092
1 -7538.68 -703 -3809.393 0 0 0 20 20 400 -7623.029 -703 -3789.587 -8570.052 -678 -3871.429
3 -3824.176 564.9675 -1429.527 0 0 0 150 100 160 -3827.444 565.9675 -1288.798 -3673.578 5530.967 -13353.17
1 -6980.653 -998 -3200.302 0 0 0 20 20 400 -7116.073 -966.2334 -3745.664 -6935.025 -1010.108 -4055
1 -6934.168 -953 -4062.642 0 0 0 20 20 400 -7114.544 -906.3903 -3739.023 -6935.021 -950.1115 -4055
1 -7497.851 -698 -3814.538 0 0 0 20 20 400 -7221.845 -1038 -3522.109 -7137.073 -1003 -3734.592
1 -6915.547 -1000 -3197.25 0 0 0 20 20 400 -6324.522 -1083 -3428.385 -3449.154 464 -1262.38
3 -9710.392 -985 -3688.623 0 0 0 120 140 50 -9733.956 -895 -3759.031 -9733.956 -895 -3779.031
3 -9831.317 -985 -3708.578 0 270 0 120 140 50 -9733.956 -895 -3759.031 -9733.956 -895 -3779.031
1 -2419.491 177.0384 -553.3362 0 0 0 20 20 400 -2361.309 -30.96164 -557.1551 -4296.403 -51.96164 -582.8734
3 -10695.88 -1385 -5205.387 0 0 25.3125 180 10 10 -10552.98 -1334 -5216.083 -12311.3 -2030 -4717.979
3 -10950.13 -1541 -4747.255 25.3125 90 0 180 10 10 -10973.34 -1464 -4903.362 -10590.92 -2250 -3701.578
3 -10949.86 -1461 -5022.442 0 270 0 120 10 10 -10962.49 -1464 -5042.401 -10590.92 -1890 -3701.578
3 -10950.13 -1415 -4747.255 25.3125 90 0 180 10 10 -10962.49 -1464 -5042.401 -10590.92 -1325 -3701.578
3 -10927.65 -1461 -5159.455 0 225 0 40.00003 10 10 -10962.49 -1464 -5042.401 -10048.66 -1185 -3991.55
3 -10869.88 -1461 -5199.198 22.5 202.5 0 40.00003 10 10 -10962.49 -1464 -5042.401 -9961.588 -1190 -4074.077
1 -10950.32 -1627 -4360.184 0 0 0 30 30 900 -10976.98 -1627 -4449.413 -10948.41 -1561 -4365.415
1 -10955.41 -1308 -4374.531 0 0 0 10 10 100 -11002.71 -973 -4299.82 -10955.39 -1052 -4382.598
3 1.909278 6 415.7153 0 0 0 90 40 20 -1.092337 -19 369.9004 98.50053 -1105 -2675.295
3 100.1023 33 -405.7628 0 0 0 30 80 100 95 -30 -313.2076 95 -30 -333.2076
3 -668.0154 -102.3657 -401.0257 0 0 0 20 30 40 -705.7789 -161.3657 -452.6451 -651.8514 -135.3657 -393.2784
3 -669.3965 -150 -302.0303 0 0 0 30 50 30 -676.598 -161 -400.0027 -667.9037 -213 1040.69
3 -669.3965 -150 -502.0303 0 0 0 30 50 30 -676.598 -161 -400.0027 -735.8779 -213 -1854.842
3 -9552.529 -1078 -2628.717 0 0 0 50 10 60 -9857.536 -1015.214 -2896.308 -9766.067 -994.0847 -2857.519
3 -3856.695 257 -1356.183 0 0 0 30 70.1 40 -3814.017 336 -1305.714 -3706.174 256 -1340.058
3 -9710.601 -1014.032 -3894.551 0 0 0 91 40 30 -9710.819 -992.0317 -3811.335 -9662.349 -510.0317 -5617
3 -8852.034 -1056 -2895.158 0 0 0 30 50 90 -8800 -1097 -2884.885 -8800 -1097 -2904.885
3 -3515.756 -23.03247 -1358.601 0 0 0 40 100 170 -3731.981 90.96752 -1349.128 -3713.1 -16.03247 -1355.069
3 -1042.512 -168 -397.9577 0 0 0 230 9.999998 130 -837.3823 -140 -332.5759 -837.3823 -140 -352.5759
1 -1420.119 -135 -370.5824 0 0 0 30 30 900 -1456.368 -130 -403.2104 -1456.368 -130 -423.2104
1 -1420.119 -135 -430.5824 0 0 0 30 30 900 -1456.368 -130 -403.2104 -1456.368 -130 -423.2104
1 -2662.112 130.977 -550.3942 0 0 0 60 60 3600 -2696.434 149.977 -529.894 -2696.434 149.977 -549.894
1 -2687.162 141.0391 -699.7859 0 0 0 80 80 6400 -2711.771 150.0391 -585.6309 -2711.771 150.0391 -605.6309
1 -2687.162 141.0391 -399.7859 0 0 0 80 80 6400 -2711.771 150.0391 -585.6309 -2711.771 150.0391 -605.6309
3 -2612.218 169.976 -553.8682 0 0 0 100 40 130 -2651.865 194.976 -550.5891 -5962.271 -2695.024 -552.2798
3 -824.0986 -5 -399.6124 0 0 0 25 40 30 -757.7592 17 -401.2233 -3145.865 1838 -375.5996
3 -809.4003 -122 -399.4313 0 0 0 20 40 30 -816.6511 -118 -401.0631 -1757.286 -890 -406.0057
3 -3559.695 150.0005 -549.276 0 0 0 80 20 140 -3468.072 185.0005 -548.009 -6105.088 -479.9995 -530.7888
3 -3716.162 226.9999 -550.4122 0 0 0 1.1 10 25 -3804.24 185.9999 -533.9373 -3745.668 229.9999 -553.2507
3 -4075.595 -649 -1351.311 0 0 0 40 40 80 -4076.175 -657 -1354.672 -5508.107 -1333 -1363.308
3 -3702.217 -548.0093 -1355.21 0 0 337.5 10.1 40 4 -3698.44 -561.0093 -1329.549 -3741.062 -574.0093 -1344.926
3 -3715.756 266.9675 -1358.601 0 0 0 40 100 170 -3719.396 90.96752 -1353.907 -3359.994 -1271.032 -1472.315
3 -3852.217 -623.0093 -1355.21 1.40625 0 278.4375 10.1 70 4 -3862.054 -623.0093 -1341.219 -9235.088 -1450.009 -2760.1
3 -3892.217 -638.0093 -1355.21 1.40625 0 279.0527 10.1 100 4 -3892.585 -630.0093 -1334 -3892.585 -630.0093 -1354
3 -3752.217 -604.0093 -1355.21 0 0 292.5 10.1 50 4 -3892.585 -630.0093 -1334 -3892.585 -630.0093 -1354
3 -3702.217 -553.0093 -1355.21 0 0 337.5 10.1 40 4 -3892.585 -630.0093 -1334 -3892.585 -630.0093 -1354
3 -3692.217 -456.0093 -1355.21 0 0 0 10.1 70 4 -3892.585 -630.0093 -1334 -3892.585 -630.0093 -1354
3 -4420.326 -647 -1352.957 0 0 0 20 40 90 -4408.962 -657 -1334.54 -4412.336 -773 -3047.531
3 -5098.703 -1248 -3303.399 0 0 0 50 50 30 -5057.68 -1284 -3201.432 -5093.177 -1358 -4185.517
3 -5098.703 -1248 -3103.399 0 0 0 50 50 30 -5057.68 -1284 -3201.432 -5060.141 -1358 -2201.053
1 -8967.599 -959.0002 -3803.974 0 0 0 40 40 1600 -8936.029 -955.0002 -3805.889 -10331.14 -1395 -3777.518
3 -9050.536 -852.97 -3801.673 0 0 0 120 50 120 -8672.607 -810.97 -3806.591 -14971.41 3945.03 -3796.06
3 -9006.319 -938.0154 -3807.421 0 0 0 20 40 140 -8911.732 -965.0154 -3805.687 -11625.68 -1475.015 -3762.929
3 -8541.074 -1013.015 -3800.091 0 0 0 20 60 140 -8911.732 -965.0154 -3805.687 -11625.68 -1475.015 -3762.929
3 -8356.128 -1064.98 -3807.603 0 0 0 100 10 120 -8365.275 -1064.98 -3774.87 -8365.275 -1064.98 -3794.87
3 -8501.074 -1066.015 -3800.091 0 0 0 40 9.999998 130 -8911.732 -965.0154 -3805.687 -11625.68 -1475.015 -3762.929
1 -8300.027 -1061.984 -3805.09 0 0 0 22 22 484 -8385.704 -1064.984 -3759.208 -8385.704 -1064.984 -3779.208
3 -3824.176 1164.967 -1429.527 0 0 0 150 100 110 -3828.831 539.9675 -1296.214 -3828.783 580.9675 -1450.464
3 -3950.309 522.9675 -1388.583 0 0 0 40 100 110 -3828.831 539.9675 -1296.214 -3828.783 580.9675 -1450.464
3 -3720.309 522.9675 -1388.583 0 0 0 40 100 110 -3828.831 539.9675 -1296.214 -3828.783 580.9675 -1450.464
1 -3680.457 293.2073 -1355.793 0 0 0 53 53 2809 -3705 181.2073 -1333.087 -3705 181.2073 -1353.087
3 -3715.756 404.9675 -1358.601 0 0 0 40 9.999998 170 -3719.396 90.96752 -1353.907 -3359.994 -1271.032 -1472.315
3 -4571.043 -1141 -3212.297 0 270 0 100 20 50 -4495.97 -1134 -3206 -6032.338 -1328 -3146.148
3 -4402.197 -1132 -3091.93 0 0 0 70 10 9.999998 -4405.486 -1113 -3061.896 -4422.651 -1435 -4654.39
3 -4403.08 -987.9918 -2383.491 0 0 0 110 90 130 -4402.74 -978.9918 -2347.556 -4574.559 -987.9918 -6941.734
3 -84.05555 -2 -407.5461 0 270 0 100 40 9.999998 0.836306 -11 -394.7352 -2109.294 -405 -384.5282
3 -2612.218 206.976 -553.8682 0 0 0 100 9.999998 130 -2651.865 194.976 -550.5891 -5962.271 -2695.024 -552.2798
3 -2736.658 349.9781 -542.6483 0 0 0 20 40 110 -3207.253 395.9781 -550.652 -6036.022 1323.978 -600.9767
3 -9715.567 -867.0692 -4624.289 0 0 0 80 52 27 -9709.987 -856.0692 -4627.347 -9752.394 544.9307 -7762.26
3 -3569.791 198.9781 -644.5839 0 0 0 20 3.1 21 -3207.253 395.9781 -550.652 -6036.022 1323.978 -600.9767
1 -3697.567 4.969711 -1353.856 0 0 0 50 50 2500 -3705 43.96971 -1330.128 -3705 43.96971 -1350.128
3 -8565.722 -812.0122 -3815.234 0 0 0 16 50 130 -8532.708 -912.0122 -3800.556 -8843.998 -292.0122 -3809.877
3 -307.3637 36 -398.8267 0 0 0 29 30 8 -250.6181 -30 -384.6263 -250.6181 -30 -404.6263
1 -2621.259 23.98959 -543.9179 0 0 0 40 40 1600 -2624.649 154.9896 -584.6931 -2651.017 163.9896 -560.9587
3 -9716.838 -744 -4451.913 0 0 0 160 80.00003 30 -9727.543 -801 -4503.751 -9666.574 -758 -4492.31
3 -3184.071 252.9781 -548.2866 0 0 0 30 40 120 -2726.345 150.9781 -550.108 -6036.022 -409.0219 -600.9767
1 -2890.832 395.0324 -587.5901 0 0 0 60 60 3600 -2829.238 350.0323 -525.7313 -2829.238 350.0323 -545.7313
1 -2890.832 395.0324 -507.5901 0 0 0 60 60 3600 -2829.238 350.0323 -525.7313 -2829.238 350.0323 -545.7313
1 -4477.001 -957 -2529.636 0 0 0 31 31 961 -4449.038 -988 -2516.841 -4449.038 -988 -2536.841
1 -4329.112 -988.0051 -2531.048 0 0 0 28 28 784 -4359.496 -988.0051 -2474.402 -4359.496 -988.0051 -2494.402
1 -4329.112 -928.0051 -2531.048 0 0 0 28 28 784 -4359.496 -988.0051 -2474.402 -4359.496 -988.0051 -2494.402
1 -4477.001 -797 -2529.636 0 0 0 31 31 961 -4449.038 -988 -2516.841 -4449.038 -988 -2536.841
1 -4329.112 -828.0051 -2531.048 0 0 0 28 28 784 -4359.496 -988.0051 -2474.402 -4359.496 -988.0051 -2494.402
1 -4329.112 -768.0051 -2531.048 0 0 0 28 28 784 -4359.496 -988.0051 -2474.402 -4359.496 -988.0051 -2494.402
1 -5871.979 -1205.036 -3135.823 0 0 0 30 30 900 -5832.989 -1238.036 -3179.052 -5832.989 -1238.036 -3199.052
1 -5871.871 -1172.036 -3279.442 0 0 0 30 30 900 -5832.989 -1238.036 -3179.052 -5832.989 -1238.036 -3199.052
1 -5871.871 -1242.036 -3279.442 0 0 0 30 30 900 -5832.989 -1238.036 -3179.052 -5832.989 -1238.036 -3199.052
3 -9710.607 -1315 -5336.659 0 0 0 81 40 10 -9710.139 -1306 -5164.905 -9716.934 -2422 -8303.967
3 -9710.607 -1315 -5357.659 0 0 0 81 40 10 -9710.139 -1306 -5164.905 -9716.934 -1457 -8303.967
1 -10251.64 -1311 -5168.721 0 0 0 9.999998 9.999998 99.99998 -10242.2 -1336 -5198.055 -13676.06 -1755 -5201.328
3 -10949.73 -1039 -4420.116 0 0 0 40 40 100 -10951.04 -1013 -4418.529 -10960.43 -2332 -2466.369
1 -10950.36 -1087 -4374.136 0 0 0 70 70 4900 -10959.47 -1067 -4302.89 -10959.47 -1067 -4322.89
1 -10869.95 -1030 -3859.127 0 0 0 40 40 1600 -10949.74 -1067 -3981.8 -10949.74 -1067 -4001.8
1 -11021.25 -999 -3850.783 0 0 0 30 30 900 -10949.74 -1067 -3981.8 -10949.74 -1067 -4001.8
1 -11021.25 -1076 -3850.783 0 0 0 30 30 900 -10949.74 -1067 -3981.8 -10949.74 -1067 -4001.8
1 -10880.08 -1033.012 -3497.222 0 0 0 30 30 900 -10955.19 -1067.012 -3763.375 -10955.19 -1067.012 -3783.375
1 -10880.08 -1194.012 -3497.222 0 0 0 30 30 900 -10955.19 -1067.012 -3763.375 -10955.19 -1067.012 -3783.375
1 -11017.48 -1237.012 -3498.407 0 0 0 30 30 900 -10955.19 -1067.012 -3763.375 -10955.19 -1067.012 -3783.375
1 -11017.48 -1157.012 -3498.407 0 0 0 30 30 900 -10955.19 -1067.012 -3763.375 -10955.19 -1067.012 -3783.375
1 -11017.48 -1075.012 -3498.407 0 0 0 30 30 900 -10955.19 -1067.012 -3763.375 -10955.19 -1067.012 -3783.375
1 -11017.48 -999.0118 -3498.407 0 0 0 30 30 900 -10955.19 -1067.012 -3763.375 -10955.19 -1067.012 -3783.375
3 -10969.73 -1040 -3880.116 0 0 0 90 50 20 -10951.04 -1049 -4418.529 -10960.43 -1377 -2466.369
3 -10969.73 -1040 -3838.116 0 0 0 90 50 20 -10948.71 -1049 -3958.914 -10960.43 -2102 -2466.369
3 -10949.89 -1067 -3504.345 0 0 0 90 50 20 -10951.04 -1049 -4418.529 -10960.43 -1377 -2466.369
3 -10949.21 -1221 -3668.391 0 0 0 110 20 130 -10951.04 -1049 -4418.529 -10960.43 -1377 -2466.369
3 -10949.21 -1102 -3668.391 0 0 0 110 20 130 -10949.03 -1110 -3809.58 -10960.43 -1377 -2466.369
1 -10880.08 -1194.012 -3250.222 0 0 0 30 30 900 -10955.19 -1067.012 -3763.375 -10955.19 -1067.012 -3783.375
1 -11019.12 -1166.012 -3249.901 0 0 0 25 25 625 -10955.19 -1067.012 -3763.375 -10955.19 -1067.012 -3783.375
1 -11019.12 -1231.012 -3249.901 0 0 0 25 25 625 -10955.19 -1067.012 -3763.375 -10955.19 -1067.012 -3783.375
1 -11019.12 -1071.012 -3249.901 0 0 0 25 25 625 -10955.19 -1067.012 -3763.375 -10955.19 -1067.012 -3783.375
1 -11019.12 -1004.012 -3249.901 0 0 0 25 25 625 -10955.19 -1067.012 -3763.375 -10955.19 -1067.012 -3783.375
1 -10879.85 -1032.012 -3249.3 0 0 0 30 30 900 -10955.19 -1067.012 -3763.375 -10955.19 -1067.012 -3783.375
3 -10850.2 -1192 -3192.114 0 0 0 30 40 40 -10953.12 -1204 -3225.789 -10185.29 -1377 -3229.338
3 -11050.2 -1192 -3192.114 0 0 0 30 40 40 -10953.12 -1204 -3225.789 -11736.02 -1377 -3185.153
3 -10858.13 -1202 -3074.571 0 0 0 30 60 40 -10878.13 -1203 -3143.582 -10860.48 -1227 -3065.505
3 -11044.13 -1202 -3074.571 0 0 0 30 60 40 -11018.13 -1203 -3143.582 -11048.79 -1227 -3042.007
3 -8718.485 -955.9993 -3810.95 0 0 0 20 60 140 -8740.177 -926.9993 -3805.677 -8828.284 -964.9993 -3804.967
3 -8838.354 -941.0154 -3801.758 0 0 0 60 60 120 -8911.732 -965.0154 -3805.687 -11625.68 -1475.015 -3762.929
3 -8684.43 -1098.961 -3800.142 0 0 0 140 20 160 -8542.154 -992.9613 -3805.468 -8623.938 -1055.961 -3806.572
3 -10957.1 -1040 -2994.564 0 0 0 141 9.999998 44 -10948.97 -1006 -3034.802 -10966.82 -1804 -1906.159
3 -10951.25 -992.0688 -3088.397 0 0 0 130 30 9.999998 -10942.8 -1023.069 -3550.805 -10962.23 -722.0688 -1712.226
3 -10678.32 -998 -2908.308 0 0 0 20 60 110 -10845.73 -1009 -2905.042 -5738.474 -1467 -2947.836
1 -10803.3 -993 -2992.74 0 0 0 40 40 1600 -10815.67 -1027 -2913.573 -10815.67 -1027 -2933.573
1 -10803.65 -957 -2834.079 0 0 0 30 30 900 -10815.67 -1027 -2913.573 -10815.67 -1027 -2933.573
1 -10803.65 -1035 -2834.079 0 0 0 30 30 900 -10815.67 -1027 -2913.573 -10815.67 -1027 -2933.573
3 -11061.01 -1007 -2883.123 0 0 0 40 70 90 -11030.7 -1027 -2861.95 -11030.7 -1027 -2881.95
3 -10705.25 -998 -2910.486 0 0 0 5.999999 60 110 -10702.35 -1002.725 -2929.463 -10782.83 -1020 -2896.696
3 -10958.29 -981.9835 -3670.669 0 0 0 160 10 160 -10982.07 -976.9835 -3776.302 -10982.07 -976.9835 -3796.302
3 -9688.688 -1240.975 -3286.588 0 0 0 50 140 100 -9725.142 -1343.975 -3216.312 -8253.034 761.0245 -4180.025
3 -9623.891 -820.701 -2553.788 0 0 0 50 70 70 -9653.423 -797.701 -2460.49 -9206.531 -808.701 -2754.398
3 -9593.224 -819.3358 -2951.766 0 0 0 70 60 20 -8858.109 -959.2461 -2902.808 -8754.007 -997.752 -2905.005
3 -9605.576 -809.701 -2621.283 0 0 0 27 25 36 -9652.039 -797.701 -2630.342 -9036.817 -808.7009 -2894.425
3 -9320.317 -820.69 -2947.919 0 0 0 220 66 70 -9289.097 -827.69 -2917.748 -7114.436 -827.69 -4513.423
3 -8805.938 -712 -2908.341 0 0 0 140 50 80 -8993.73 -707 -2899.215 -5532.331 643 -3032.395
3 -9371.19 -781 -3327.069 0 0 0 280 40 70 -9487.982 -782 -3314.721 -9087.567 -1097 -3076.382
3 -9381.065 -944 -3046.344 0 0 0 290 70.00002 70 -9500.635 -911 -2987.997 -7953.418 -112 -3595.917
3 -9240.878 -1022 -2630.433 0 0 90 70 20 80 -9357.94 -1034.487 -2696.259 -9234.451 -1030.047 -2630.278
3 -9020.867 -709 -2812.938 0 270 0 120 50 70 -9142.331 -707 -2899.469 -5532.331 1653 -3032.395
3 -8809.146 -1059 -2898.118 0 0 0 30 50 90 -8847.156 -1079 -2902.569 -8233.005 -1802 -2904.938
3 -9724.541 -873 -2899.485 0 0 270 20 40 70 -8887.023 -901.1776 -2902.844 -8754.532 -989.2548 -2903.083
3 -8759.146 -1059 -2898.118 0 0 0 30 50 90 -8847.156 -1079 -2902.569 -8233.005 -1432 -2904.938
3 -9825.788 -687.0015 -2946.276 0 0 0 20 60 350 -9852.581 -986.0015 -2997.375 -9836.76 -850.0015 -2926.512
3 -9782 -1023 -2885.74 0 0 0 120 20 100 -9774.067 -925.5875 -2875.451 -9687.758 -904.8675 -2856.393
3 -3441.144 154.9781 -549.5806 0 0 0 60.1 60 160 -3419.832 179.9781 -550.1451 -3413.684 140.978 -499.3995
1 -3420.076 161 -554.0059 0 0 0 50 50 2500 -3445.549 150 -528.2635 -3445.549 150 -548.2635
3 -3375.514 250.9773 -550.3734 0 0 0 30 30 30 -3328.802 260.9773 -550.0741 -4596.651 -200.0227 -538.4821
1 -3369.431 219.0007 -548.0022 0 0 0 60 60 3600 -3418.267 150.0007 -532.8125 -3418.267 150.0007 -552.8125
3 -9080.789 -1067.016 -3808.033 0 0 0 63 70 130 -9075.932 -1049.016 -3804.706 -9109.067 -1063.016 -3805.324
1 -9059.93 -1065 -3803.835 0 0 0 30 30 900 -9065.425 -1065 -3785.146 -9065.425 -1065 -3805.146
1 -8998.965 -999 -3801.319 0 0 0 80 80 6400 -9060 -1065 -3781.672 -9060 -1065 -3801.672
3 -9360.007 -987.0317 -3803.573 0 0 0 3 4.1 25 -9379.847 -1036.032 -3866.741 -9371.519 -985.0317 -3812.195
1 -9758.541 -1035 -2904.698 0 0 0 50 50 2500 -9789.597 -1020 -2905.427 -9276.892 -1034 -2909.906
3 -3831.879 561.9839 -1212.922 0 0 0 150 50 60 -3829.786 575.9839 -1221.516 -3830.3 581.9839 -1257.709
1 -9273.992 -1024 -2623.963 0 0 0 20 20 400 -9768.246 -885.8824 -2672.522 -9680.085 -823.6017 -2602.654
3 -11018.71 -1083 -2899.871 0 0 0 40 70 70 -10961.45 -999 -2986.018 -12464.86 -1234 -1897.778
3 -10904.85 -1083 -2899.559 0 0 0 70 70 70 -10961.45 -999 -2986.018 -9515.741 -1197 -1801.629
3 -10957.1 -995 -2814.564 0 0 0 81 40 3.999998 -10931 -1167 -2984.981 -10931 -1167 -3004.981
3 -8725.938 -720 -2908.341 0 0 0 80 60 80 -8993.73 -707 -2899.215 -5532.331 1678 -3032.395
1 -81.55674 9 128.8484 0 0 0 40 40 1600 -21.74892 -30 245.279 -21.74892 -30 225.279
1 -1474.593 -98 -326.2541 0 0 0 30 30 900 -1456.368 -130 -403.2104 -1456.368 -130 -423.2104
3 -3451.693 259.9781 -436.5095 0 0 0 40.1 50 40 -3428.571 307.9781 -550.1911 -6036.022 -2186.022 -600.9767
3 -3498.674 150.012 -550.1694 0 0 0 30 20 31.00002 -3501.626 150.012 -571.9708 -3501.626 150.012 -591.9708
3 -3451.693 259.9781 -666.5095 0 0 0 40.1 50 40 -3428.571 307.9781 -550.1911 -6036.022 -2186.022 -600.9767
3 -9714.491 -813.0841 -5096.859 0 0 0 90 40 4 -9627.032 -740.0841 -5157.333 -9666.984 -681.0841 -5174.286
3 -9699.501 -685.0051 -5050.543 0 0 0 80 10 40 -9702.211 -711.0051 -4926.094 -9762.159 769.9948 -7198.58
1 -9788.357 -1312 -5530.12 0 0 0 40 40 1600 -9756.896 -1352 -5521.964 -9756.896 -1352 -5541.964
1 -4523.798 -964.6 -2237.224 0 0 0 30 30 900 -4437.436 -938.6 -2257.906 -4539.658 -984.6 -2267.708
3 -4399.342 -870 -2415.407 0 0 0 80 10.1 80 -4325.26 -931 -2242.186 -4396.12 -863 -2279.479
3 -4270.342 -850 -2285.407 0 0 0 50 10.1 80 -4325.26 -931 -2242.186 -4396.12 -863 -2279.479
3 -4521.024 -897 -2350.064 0 0 0 50 70.1 80 -4443.465 -842 -2267.522 -4497.93 -876 -2381.976
3 -4409.67 -820.6501 -2388.64 0 0 0 25 4 25 -4408.661 -814.6501 -2344.189 -4386.133 -1681.65 -5982.404
3 -4405.142 -768 -2580.303 0 0 0 90 10 20 -4403.442 -831 -2459.466 -4405.142 -769 -2580.303
1 -4405.144 -744 -2488.319 0 0 0 20 20 400 -4402.583 -913 -2558.521 -4427.292 192 -5144.366
3 -4399.857 -877 -2492.837 0 0 0 30 40 40 -4402.583 -913 -2558.521 -4427.292 192 -5144.366
3 -4404.213 -921 -2646.335 0 0 0 90 20 100 -4402.583 -913 -2558.521 -4427.292 192 -5144.366
3 -4396.688 -981.1903 -3134.875 0 0 0 90 30.1 50 -4356.843 -1048.19 -3109.816 -4412.704 -990.1903 -3151.568
3 -4540.133 -1067 -3209.837 0 270 0 100 20 50 -4495.97 -1079 -3206 -6032.338 -748 -3146.148
3 -5096.599 -1179.97 -3214.619 0 0 0 50 9.999998 110 -5063.81 -1273.97 -3246.653 -5072.868 -1106.97 -3182.939
3 -5088.894 -1074.983 -3211.482 0 0 0 40 50 110 -5070.797 -1087.983 -3219.68 -5070.797 -1087.983 -3239.68
3 -5179.851 -1092.983 -3214.106 0 0 0 40 60 110 -5070.325 -1066.983 -3201.694 -7729.442 -219.9828 -3266.02
3 -4406.154 -731 -2354.014 0 0 0 140 20 160 -4404.804 -988 -2274.858 -4404.804 -988 -2294.858
3 -9016.635 -485 -2742.84 0 0 0 80 60 80 -9154.675 -504 -2764.496 -7504.905 -1242 -3029.286
1 -9383.695 -614.0242 -2799.196 0 0 0 50 50 2500 -9462.38 -488.0242 -2796.987 -8864.132 -537.0242 -2792.653
3 -8876.735 -532 -2903.924 0 0 0 220 20 220 -9095 -670.748 -3035.533 -9036.095 -647.0027 -2979.894
3 -10969.73 -977 -4040.116 0 0 0 100 50 234 -10945.11 -1040 -4185.755 -10962.58 -817 -2226.381
3 -10957.96 -731 -4378.024 0 0 0 140 120 140 -10945.54 -763 -4358.402 -10945.54 -763 -4378.402
1 -9025.43 -479 -3119.355 0 0 0 130 130 16900 -9113.182 -357 -3028.398 -9036.873 -537 -3077.343
3 -9512.996 -697 -2558.102 0 0 0 70 50.00002 70 -9579.604 -706 -2521.199 -8167.104 -1407 -3141.243
3 -9184.055 -720 -3045.922 0 0 0 130 10 80 -8858.114 -959.2397 -2902.808 -8754.007 -997.752 -2905.005
1 -9178.241 -678 -2698.637 0 0 0 50 50 2500 -9188.68 -747 -2546.024 -9188.68 -747 -2566.024
3 -9008.213 -714 -2554.267 0 0 0 70 40 70 -9037.18 -703 -2479.264 -8985.595 -862 -3765.393
3 -9259.114 -753 -2557.05 0 0 0 192 20 50 -9079.517 -747 -2534.492 -9161.449 -733.352 -2594.948
3 -1885.816 -128.9729 -397.5614 0 0 0 110 90 120 -1753.83 -45.97288 -396.5072 -1806.286 -125.9729 -398.3208
3 -4404.219 -517 -1356.729 0 0 0 120 60 110 -4404.483 -528 -1304.296 -4404.483 -528 -1324.296
3 -4404.219 -493 -1356.729 0 0 0 120 60 110 -4404.483 -528 -1304.296 -4404.483 -528 -1324.296
3 -4411.42 -601.1004 -1541.949 0 0 0 100 40 100 -4405.477 -633.1004 -1501.042 -4405.477 -108.1004 -4731.042
3 -4411.42 -665.1004 -1811.949 333.2813 0 0 100 40 200 -4407.54 -633.1004 -1579.714 -4405.477 -1908.1 -4731.042
3 -4411.42 -751.1004 -2081.949 0 0 0 100 40 120 -4405.477 -633.1004 -1501.042 -4405.477 -108.1004 -4731.042
3 -4406.154 -726 -2354.014 0 0 0 140 20 160 -4404.804 -988 -2274.858 -4404.804 -988 -2294.858
3 -4396.688 -1022.19 -3119.875 0 0 0 90 5.100001 30 -4356.843 -1048.19 -3109.816 -4412.704 -990.1903 -3151.568
3 -4396.688 -981.1903 -3309.875 0 0 0 90 30.1 120 -4345.817 -1019.19 -3173.176 -4391.437 -990.1903 -3203.249
1 -5204.104 -1082 -3161.083 0 0 0 50 50 2500 -5250.133 -1088 -3139.599 -5250.133 -1088 -3159.599
1 -5204.104 -1082 -3241.083 0 0 0 50 50 2500 -5250.133 -1088 -3139.599 -5250.133 -1088 -3159.599
1 -5754.708 -1262 -3204.827 0 0 0 50 50 2500 -5769 -1238 -3185.493 -5769 -1238 -3205.493
1 -8363.262 -1102 -3854.779 0 0 0 80 80 6400 -8397.862 -1065 -3809.592 -8397.862 -1065 -3829.592
1 -8363.262 -1102 -3754.779 0 0 0 80 80 6400 -8397.862 -1065 -3809.592 -8397.862 -1065 -3829.592
3 -10949.3 -1060 -3681.617 0 0 0 10.1 9.999998 60 -10948.71 -1049 -3958.914 -10960.43 -2102 -2466.369
3 -10950.58 -1060 -3590.15 0 0 0 10.1 9.999998 30 -10950.94 -1036 -3657.588 -10960.43 -1452 -2466.369
1 -10951 -1251 -3825.364 0 0 0 50 50 2500 -10945.83 -1227 -3766.99 -10945.83 -1227 -3786.99
3 -10958.29 -935.9835 -3670.669 0 0 0 160 70.00002 160 -10982.07 -976.9835 -3776.302 -10982.07 -976.9835 -3796.302
3 -10958.29 -935.9835 -3590.669 0 0 0 70 70.00002 70 -10949.27 -995.9835 -3636.611 -10955.34 -466.9835 -1049.069
1 -9653.677 -1314.606 -2481.731 0 0 0 100 100 10000 -9752.104 -1229.606 -2587.165 -9122.043 -1591.606 -1990.394
3 -9743.852 -820.701 -2681.796 0 0 0 50 70 70 -9653.423 -797.701 -2460.49 -9206.531 -808.701 -2754.398
3 -8989.579 -740 -3044.319 0 0 0 20 23 20 -9063.081 -694 -2980.163 -8005.972 -1532 -3942.009
3 -9022.699 -1028.218 -2961.449 0 0 0 70 70 20 -9143.86 -963.2181 -2927.844 -7618.597 -1690.218 -3689.34
1 -1443.115 -165 -401.3439 0 0 0 60 60 3600 -1456.368 -130 -403.2104 -1456.368 -130 -423.2104
3 -9728.315 -613.0841 -5225.397 0 0 0 60 60 64.00001 -9644.563 -619.0841 -5157.073 -11158.53 68.91583 -6254.493
3 -9502.324 -887 -2629.309 0 0 0 30 130 20 -9568.724 -870.4871 -2757.398 -7766.163 251.9999 -6.017032
3 -8300.027 -1049.984 -3805.09 0 0 0 12 21 12 -8267.043 -1028.984 -3806.819 -10234.39 -1259.984 -3775.258
3 -8300.027 -1049.984 -3805.09 0 0 0 15 22 15 -8267.043 -1028.984 -3806.819 -10234.39 -1259.984 -3775.258
3 -8756.813 -1018.891 -3803.526 0 0 0 50 40 150 -8744.813 -983.8914 -3783.846 -8744.813 -983.8914 -3803.846
3 -10326.2 -957.1003 -2893.248 0 0 0 410 30 160 -10819.23 -992.1003 -2901.781 -8369.92 -407.1003 -2988.372
3 -9854.101 -944.1019 -2906.658 0 0 0 60 40 110 -9970.333 -967.1019 -2887.83 -9970.333 -967.1019 -2907.83
3 -3975.756 266.9675 -1358.601 0 0 0 40 100 170 -3934.035 157.9675 -1326.25 -4462.469 -1271.032 -1565.853
3 -9090.898 -605.2737 -2906.258 0 0 0 50.00002 65.00003 210 -9144.088 -519.2737 -2897.63 -8507.078 -1996.274 -2922.81
3 -9148.73 -959.999 -3734.412 0 0 0 20 40 20 -9069.095 -981.999 -3761.845 -12867.6 1070.001 -2719.68
3 -3846.434 352.9675 -1207.575 0 270 0 23 40 99.99997 -3828.611 328.9675 -1185.336 -3761.722 1767.967 -2687.009
1 -3824.415 313.9015 -868.5638 0 0 0 110 110 12100 -3810.927 229.9015 -843.5049 -3810.927 229.9015 -863.5049
1 -3909.554 242 -868.808 0 0 0 40 40 1600 -3861.911 230 -845.0963 -3861.911 230 -865.0963
1 -3752.713 242 -861.625 0 0 0 40 40 1600 -3861.911 230 -845.0963 -3861.911 230 -865.0963
3 -3831.911 669.9 -1360.63 0 0 0 180 110 190 -3829.186 581.9 -1254.388 -3829.186 581.9 -1274.388
3 -4153.944 -651 -1178.553 0 0 0 100 100 110 -4062.489 -678 -1274.595 -4062.489 -678 -1294.595
3 -4153.944 -651 -1533.553 0 0 0 100 100 110 -4062.489 -678 -1274.595 -4062.489 -678 -1294.595
3 -9641.864 -922 -2895.401 0 0 0 5.1 19 55 -9840.744 -1011 -2906.207 -9649.889 -917 -2897.282
1 -9762.42 -1032 -2946.669 0 0 0 30 30 900 -9720.132 -1027 -2912.195 -9720.132 -1027 -2932.195
1 -9762.219 -1032 -2866.469 0 0 0 30 30 900 -9720.132 -1027 -2912.195 -9720.132 -1027 -2932.195
1 -3832.463 230.9998 -1175.644 0 0 0 110 110 12100 -3830.987 379.9998 -1180.46 -3830.987 379.9998 -1200.46
3 -3846.04 353.9675 -1197.582 0 270 0 33 80 150 -3828.611 328.9675 -1185.336 -3761.722 1767.967 -2687.009
1 -3503.84 283.9781 -549.8725 0 0 0 20 20 400 -3207.253 395.9781 -550.652 -6036.022 1323.978 -600.9767
3 -9153.963 -935.999 -3875.309 0 0 0 20 40 20 -9084.263 -939.999 -3885.366 -12974.73 -418.999 -3151.351
3 -8838.354 -972.0154 -3801.758 0 0 0 40 60 50 -8911.732 -965.0154 -3805.687 -11625.68 -1475.015 -3762.929
