3 0.298752 80 -1320.691 0 0 0 35 45 20 1.125934 104 -1259.124 18.62529 168 -1680.373
3 -1.689981 80 -1375.983 0 0 0 105 135 69.99998 5.503151 134 -1259.779 -5.021383 72 -1394.396
3 -3.903448 115 -1562.944 0 0 0 35.00001 45 200 -0.545615 104 -1397.619 14.76356 -100 -2186.668
3 -1.647884 66.99979 -1901.559 0 0 0 30 60 30 2.736711 125.9998 -1884.467 -2.572653 -86.00021 -2108.558
3 -4.737748 52 -1995.632 0 0 0 30 60 80 -4.34059 110 -1942.81 39.38151 -63 -2230.746
3 195.0189 2 -2135.645 0 0 0 50 60 60.00001 191.0754 -2 -2121.903 786.4611 -104 -2122.605
3 55.85598 5 -2125.756 0 0 0 90 40 55 68.50631 60.99979 -2191.357 53.4682 -135 -1774.833
3 160.1794 -41 -2123 0 0 0 16 70 48 148.6776 88 -2186.972 159.9816 -27 -2123.798
3 411.5225 -46 -2123.355 0 0 0 200 60 60.00001 558.1365 30 -2149.628 1963.024 -634 -2086.613
3 262.1092 76 -2120.767 0 0 0 35 70 45 176.838 84 -2023.292 272.6306 -171 -2151.385
3 667.157 -50.00019 -2111.693 0 0 0 90 60 60 544.9395 48.99981 -2147.059 1501.244 -633.0001 -1710.763
3 816.9395 19 -2039.922 0 0 0 30 110 150 831.1892 37 -2153.87 776.6859 -99.99996 -1557.16
3 794.2082 -32 -2120.128 0 0 0 70 59.99999 50.00001 751.9894 39 -2176.917 915.8092 -196 -1784.166
3 756.5641 64 -1979.538 0 0 0 100 59.99999 70.00001 853.0151 42 -1965.786 406.1963 -61.99999 -1999.418
3 684.394 89 -2180.859 0 0 0 30 59.99999 200 684.614 85 -1991.457 682.5607 -30.99998 -2634.323
3 680.4684 89 -2011.322 0 0 0 25 49.99999 50 684.614 85 -1991.457 170.0407 -12 -2090.705
3 534.4129 79 -2001.537 0 0 0 121 49.99999 80.00001 729.4848 128 -2005.537 207.2521 -130 -1969.335
3 351.2414 79 -2002.098 0 0 0 100 49.99999 80.00001 532.8047 85 -1974.434 168.1868 -44.99999 -1995.614
3 671.89 89 -2457.616 0 0 0 70 70 140 674.7584 56.99994 -2481.456 677.9589 -115 -2921.021
3 673.6417 20 -2383.525 0 0 0 70 40 30 681.9341 128 -2349.815 675.9116 -210 -2665.05
3 575.9597 -45.00019 -2093.529 0 0 0 80 40 30 524.1211 16.99981 -2144.002 1043.119 -333.0002 -2061.08
3 706.8 -23 -3036.754 0 0 0 100 70 79.99998 549.4172 113 -2969.88 1000.933 -117 -3002.525
3 1049.397 56 -3051.375 0 0 0 100 70 171 1037.626 98 -2936.328 979.4182 -295 -3922.905
3 693.2147 57 -2851.557 0 0 0 130 70 181 686.4452 40 -2653.264 676.6476 -145 -3517.416
3 914.6961 57 -2959.449 0 0 0 110 70 79.99998 596.1659 113 -2974.211 1000.384 -113 -2971.551
3 977.6202 48 -3137.297 0 0 0 30 70 101 985.6029 64 -3054.54 979.4182 -239 -3922.905
3 1182.014 97 -3399.063 0 0 0 130 30 35 1024.345 119 -3397.199 2253.108 90 -3407.976
3 1008.888 37 -3406.623 0 0 0 35 32 25 1012.846 102 -3333.131 1025.641 39 -3408.748
3 1431.87 60 -3600.277 0 0 0 100.1 60.09999 140.1 1435.113 126 -3856.196 1424.973 -55 -4112.501
3 1697.682 70 -4045.931 0 0 0 400 100 110.1 2156.53 72 -4046.373 2580.593 -371 -4033.055
3 1452.623 37 -4583.816 0 0 0 90 50 250.1 1407.789 48 -4643.572 1033.014 -57.99999 -4672.729
3 1027.146 87 -4675.9 0 0 0 350 150 100.1 1409.782 93 -4646.901 23.91443 -158 -4673.461
3 751.191 84.98471 -4657.01 0 0 0 80 60 120 757.0399 275.9847 -4676.512 372.0645 -226.0153 -4660.012
3 604.2604 84.98471 -4634.684 0 0 0 80 60 50 757.0399 275.9847 -4676.512 372.0645 -226.0153 -4660.012
3 570.2131 84.98471 -4731.003 0 0 0 80 60 50 532.3079 133.9847 -4647.857 601.9191 44.98474 -4706.514
3 656.6371 145.49 -4650.788 0 0 0 20.1 30 30 659.3737 146.49 -4597.236 672.8876 112.49 -4673.173
3 2845.322 76 -3840.222 0 0 0 20 15 20 2813.46 36 -3920.611 2839.574 69 -3859.118
3 2802.324 49 -3877.327 0 0 0 60 40 100 2812.618 55 -3975.223 2785.503 -60.99999 -3059.297
1 0 80 0 0 0 0 40 40 1600 0 80 20 0 80 0
3 0.659006 100 -36.3409 0 0 0 120 100 170 -4.158029 86 -286.1631 -0.139977 -141 -567.618
3 0.659006 100 -916.3408 0 0 0 140 100 270 26.05877 418 -1348.898 -31.85778 -311 -1760.49
3 751.191 84.98471 -4657.01 0 0 0 80 60 120 757.0399 275.9847 -4676.512 372.0645 -226.0153 -4660.012
3 2352.717 104.9998 -4199.995 0 0 0 160 40 30.00001 2241.706 88.9998 -4197.38 3690.514 -130.0002 -4208.734
3 2668.967 40 -4060.004 0 0 0 76.99998 60 110 2677.637 92 -3998.165 2494.297 -324 -3730.745
3 2698.838 -46 -4251.764 0 0 0 157 60 150 2673.35 92 -4314.757 2853.744 -57 -4303.146
3 2709.418 -146 -3754.698 0 0 0 101 230 89.99998 2608.043 68 -3799.767 3453.871 -360.1 -3364.353
3 2690.559 -72 -3609.066 0 0 0 70.99998 160 49.99998 2612.257 39 -3548.427 3605.908 -304.9999 -3480.265
3 2810.061 71 -3517.705 0 0 0 216 80 49.99997 2771.877 165 -3514.734 3637.276 -356 -3542.476
3 2977.139 25 -3517.103 0 0 0 46.00001 80 49.99997 2933.926 141 -3517.976 3818.923 -606 -3522.426
3 2144.552 85 -4021.993 0 0 0 80 100 90 2139.018 61 -3966.18 2164.301 0 -4359.479
3 2165.821 50 -4203.062 0 0 0 30 20 30 2155.384 92 -4109.467 2164.301 0 -4359.479
3 3458.195 30 -4299.741 0 0 0 70 70 350 3460.453 62 -3965.939 3463.49 -269.9999 -5713.172
3 3453.803 30 -3697.616 0 0 0 130 70 250 3460.453 62 -3965.939 3463.49 -419.9999 -5713.172
3 3233.39 -122.0002 -6063.505 0 0 0 290 100.1 120 3453.012 22.99981 -6071.889 2121.779 -323.0002 -6139.163
3 3411.217 -50.00019 -5843.563 0 0 0 140 200 200 3485.444 82.9998 -5570.776 3417.043 -810.0001 -7412.662
3 3416.996 -16 -5647.949 0 0 0 160 50 50 3414.965 -10 -5671.352 3414.965 -10 -5691.352
3 3547.654 90.9998 -6082.104 0 0 0 50 200 150 3485.444 82.9998 -5570.776 3417.043 -810.0001 -7412.662
3 2862.545 -129 -5977.767 0 0 0 140 150 100 3009.892 -12 -6032.454 2945.148 -100 -6052.388
3 3233.317 27.9998 -6058.505 0 0 0 290 50.09999 120 2973.5 22.99981 -6114.083 4833.187 -507.0002 -6233.593
3 3324.403 28.99979 -6125.123 0 0 0 130 50 50 3345.487 96.99979 -6023.455 3248.209 -80.00021 -6270.375
3 3018.756 -42.0002 -6112.194 0 0 0 30.00001 20.1 30.00001 2973.5 22.99981 -6114.083 4837.288 -30.00019 -6164.243
3 3318.913 0.999809 -6161.31 0 0 0 30.00001 20.1 30 3453.012 22.99981 -6071.889 2121.779 59.99981 -6139.163
3 2894.111 66.99979 -6161.287 0 0 0 50 30 30 2955.5 19.99979 -6133.352 2955.5 19.99979 -6153.352
3 2893.867 173.9998 -6153.458 0 0 0 50 90 31 2898.838 219.9998 -6129.866 2881.441 121.9998 -8546.727
3 2803.354 -79 -6039.043 0 0 0 200 100 130 2918.844 26 -6025.494 3184.989 -16 -6236.073
3 2788.774 58 -4151.016 0 0 0 76.99998 100 190 2756.604 92 -4145.129 2517.271 -279 -3404.266
3 2578.892 59.99981 -4216.429 0 0 0 130 60 80.00001 2568.724 128.9998 -4196.307 2957.307 -549.0001 -4418.524
3 2674.682 -26 -4202.043 0 0 0 66.99998 60 89.99998 2657.491 -8 -4108.736 2804.84 -117 -4425.486
3 2676.058 -46 -4139.378 0 0 0 66.99998 60 19.99998 2657.491 -8 -4108.736 2804.84 -37 -4425.486
3 2662.702 12 -3866.326 0 0 0 76.99998 90 120 2625.715 64 -3909.271 2743.826 -245 -3774.47
3 2831.303 14 -3633.25 0 0 0 70.99998 140 79.99996 2683.286 117 -3661.159 2839.147 15 -3658.088
3 3119.845 35.99981 -6158.739 0 0 0 180 80.09999 30 3346.401 58.99981 -6155.642 1476.406 -158 -6129.474
3 2.555624 60 -1264.257 0 0 0 90.00001 45 59.99997 -16.77434 64 -1133.455 14.76356 88 -2186.668
3 1433.281 110 -3812.349 0 0 0 100.1 100.1 150.1 1435.113 126 -3856.196 1424.973 -100.1 -4112.501
3 2103.569 20 -3983.082 0 0 0 120 60 30.09999 2156.53 72 -4046.373 2144.986 -1 -4335.647
3 0.550759 29 -100.6214 0 0 0 80 40 40 -11.4813 125 -99.87215 5.306441 -171 -253.5835
3 882.0349 30 -529.594 0 0 0 59.99998 110 110 181.6051 56 -496.3657 -160.7617 -68 -665.3713
3 -2.820602 100 -1476.319 0 0 0 140 100 30.00001 -2.108202 113 -418.1344 13.83617 -311 -1741.756
3 101.0718 30 -475.4789 0 351.5625 0 60.99999 110 99.99998 149.1369 56 -536.0684 758.4439 -175 -669.9677
3 -1.950137 100 -519.4155 0 352.9688 0 60 100 140 -2.108202 113 -418.1344 13.83617 -311 -1741.756
3 111.6831 100 -610.863 0 0 0 50.09999 100 70.00001 -2.108202 113 -418.1344 13.83617 -311 -1741.756
3 10.5525 100 -250.4554 0 0 0 120 100 140 -4.158029 86 -286.1631 -0.139977 -56 -567.618
3 -78.6605 13 -99.4787 0 0 0 60 60 43 5.277225 125 -93.49548 -197.4723 -171 -129.3217
3 60.43856 29 -92.63752 0 0 0 50 50 40 -11.4813 125 -99.87215 216.9426 -171 -80.85484
1 70.77892 84 -74.7135 0 0 0 40 40 1600 29.80704 30 -110.1634 29.80704 30 -130.1634
1 -66.91997 78 -72.37874 0 0 0 40 40 1600 29.80704 30 -110.1634 29.80704 30 -130.1634
1 1.327219 49 -72.93174 0 0 0 40 40 1600 29.80704 30 -110.1634 29.80704 30 -130.1634
1 2.118533 11 -2034.155 0 0 0 70 70 4900 100.1779 0 -2097.609 100.1779 0 -2117.609
1 683.1877 35 -2345.238 0 0 0 60 60 3600 677.7116 30 -2505.22 677.7116 30 -2525.22
3 256.1548 8 -2138.142 0 0 0 10 110 100.1 126.8513 0 -2077.81 126.8513 0 -2097.81
1 609.6672 -89.98914 -2139.987 0 0 0 80 80 6400 748.026 -49.98914 -2092.233 748.026 -49.98914 -2112.233
3 630.6417 20 -2388.525 0 0 0 25 40 30 685.1505 128 -2382.361 437.2975 -242 -2479.54
3 729.6417 20 -2388.525 0 0 0 25 40 30 685.1505 128 -2382.361 922.4347 -242 -2473.739
3 2892.793 173.9998 -6247.063 0 0 0 50 90 31 2895.895 173.9998 -6176.311 2881.441 -63.00021 -8546.727
3 2891.98 173.9998 -6914.331 0 0 0 110 90 409.9999 2898.838 219.9998 -6129.866 2881.441 -340.0002 -8546.727
3 -153.6072 35 -557.9601 0 351.5625 0 90.99998 110 99.99998 -43.54212 56 -575.6105 -946.9566 80 -541.4603
3 348.6781 173.01 -1972.601 0 0 0 110 49.99998 110 403.4503 130.01 -1939.393 403.4503 130.01 -1959.393
3 1430.27 88 -4202.637 0 299.5313 0 100 140 240 1407.789 48 -4643.572 1033.014 42 -4672.729
3 1528.828 70 -4026.544 0 0 0 100.1 100 80.09998 2156.53 72 -4046.373 2580.593 -371 -4033.055
3 679.4646 3 -2373.849 0 0 0 25 40 30 685.1505 128 -2382.361 437.2975 -242 -2479.54
3 -40.00003 54 -2144.193 0 0 0 15 120 170 62.6345 46 -2149.636 144.9182 -43 -1924.336
3 1436.189 97 -3983.616 0 0 0 70.09999 100.1 130.1 1435.113 126 -3856.196 1424.973 -48 -4112.501
1 -1.289719 27 -1844.665 0 0 0 90 90 8100 4.062682 35 -1936.303 4.062682 35 -1956.303
3 -3.279183 37 -1918.422 0 0 0 30 40 20 -6.642252 129 -1899.533 11.19873 -535 -2339.231
1 -58.05523 37 -1852.259 0 0 0 90 90 8100 4.062682 35 -1936.303 4.062682 35 -1956.303
1 1439.894 -73 -3460.632 0 0 0 160 160 25600 1444.435 30 -3691.697 1444.435 30 -3711.697
3 1431.225 47 -3279.573 0 0 0 110 170 110 1444.435 30 -3691.697 1444.435 30 -3711.697
3 -46.02578 -14 -67.9253 0 0 0 60 60 43 5.277225 125 -93.49548 -197.4723 -171 -129.3217
3 1916.234 32 -4017.366 0 0 0 150 60 110.1 2013.604 158 -4004.438 2641.654 -436 -4137.943
3 16.17664 105 -1034.582 0 0 0 100 100 135 4.377302 98 -957.2059 -31.85778 -418 -1830.49
3 2744.74 54 -4197.595 0 0 0 25 60 55 2789.732 30 -4249.774 2789.732 30 -4269.774
1 2577.294 -43 -4131.144 0 0 0 70 70 4900 2667.472 -55 -4192.524 2667.472 -55 -4212.524
3 2660 -42 -3820.001 0 0 0 60 30 55 2658.474 1 -3812.27 2735.447 -96 -3650.636
3 2600.238 1 -3579.632 0 0 0 20 30 90 2677.727 0 -3587.424 2677.727 0 -3607.424
3 3295.302 10 -3585.889 0 0 0 40.00001 70 150 3255.529 97 -3374.19 3542.143 -717 -5693.564
3 195.0189 2 -2135.645 0 0 0 50 60 60.00001 191.0754 -2 -2121.903 786.4611 -4 -2122.605
3 145.1089 44 -2002.015 0 0 0 110 50 75 134.3295 90.99979 -2116.094 137.4167 -493.1 -1014.615
1 723.9427 -47.98914 -2275.256 0 0 0 100 100 10000 748.026 -49.98914 -2092.233 748.026 -49.98914 -2112.233
3 2137.189 70 -4179.482 0 0 0 70 80 80 2115.99 141 -4053.574 2377.735 -99 -4592.296
1 2107.84 23 -4203.376 0 0 0 90 90 8100 2141.387 50 -4080.036 2141.387 50 -4100.036
3 195.0189 2 -2094.645 0 0 0 50 60 120 29.48273 143 -2105.345 1183.439 -1284 -2165.522
1 77.3248 -17 -2136.131 0 0 0 90 90 8100 171.5617 -40 -2104.134 171.5617 -40 -2124.134
3 -468.5005 71 -561.6906 0 0 0 40 80 60 -412.5797 203 -667.5638 -443.7404 93 -550.712
3 866.2015 61 -3391.465 0 0 0 100 149.9999 101 986.6927 55 -3276.91 986.6927 55 -3296.91
1 2113.863 106 -4152.023 0 0 0 39.99999 39.99999 1599.999 2141.387 50 -4080.036 2141.387 50 -4100.036
3 3299.299 10 -3671.194 0 0 0 40.00001 70 80 3240.111 137 -3631.427 4029.597 -434.9999 -3719.72
3 3549.919 -52.00644 -6148.18 0 0 0 50 50 70 3474.187 -100.0064 -6037.129 3474.187 -100.0064 -6057.129
3 3505.035 -111.0064 -6189.044 0 0 0 60 50 80 3525.625 -15.00644 -6075.515 3473.391 -120.0064 -6174.913
3 3473.833 -99.02216 -6003.159 0 0 0 110 120 80 3498.088 -62.02216 -5961.328 3291.667 -157.0222 -6234.439
3 3537.758 -57.00843 -5988.461 0 0 0 10 70 10 3471.016 -100.0084 -6030.258 3471.016 -100.0084 -6050.258
3 3539.028 -57.00843 -6070.549 0 0 0 10 70 10 3471.016 -100.0084 -6030.258 3471.016 -100.0084 -6050.258
3 2862.545 -1.000008 -6104.767 0 0 0 140 60 26 2876.701 18 -6035.867 2818.224 -100 -6102.896
3 986.2014 61 -3521.465 0 0 0 100 149.9999 101 986.6927 55 -3276.91 986.6927 55 -3296.91
1 969.3838 49.99999 -3407.094 0 0 0 69.99997 69.99997 4899.996 987.0765 49.99999 -3319.801 987.0765 49.99999 -3339.801
1 963.5562 97.99998 -3361.147 0 0 0 29.99998 29.99998 899.9985 987.0765 49.99999 -3319.801 987.0765 49.99999 -3339.801
3 1566.326 41 -3406.61 0 0 0 110 170 110 1444.435 30 -3691.697 1444.435 30 -3711.697
1 1451.927 121 -3388.647 0 0 0 20 20 399.9999 1431.894 89.99998 -3390.281 1431.894 89.99998 -3410.281
3 1563.567 60 -3761.182 0 0 0 80.09998 60.09999 40.09998 1435.113 126 -3856.196 1424.973 -100.1 -4112.501
3 1303.567 60 -3761.182 0 0 0 80.09998 60.09999 40.09998 1435.113 126 -3856.196 1424.973 -100.1 -4112.501
3 2036.778 34 -4185.626 0 0 0 79.99998 179.9999 110 2115.99 141 -4053.574 2377.735 -99 -4592.296
3 2158.211 55 -4322.918 0 0 0 79.99998 159.9999 110 2115.99 141 -4053.574 2377.735 -99 -4592.296
1 2121.495 129 -4209.001 0 0 0 20 20 399.9999 2133.597 89.99998 -4176.997 2133.597 89.99998 -4196.997
1 2728.028 77.96864 -4052.816 0 0 0 20 20 399.9999 2746.451 29.96864 -3990.587 2746.451 29.96864 -4010.587
3 2612.915 -54 -3890.878 0 0 0 20 30 25 2568.302 -14 -3896.871 2841.135 -356 -3774.598
1 2695.259 -68.00704 -3839.939 0 0 0 59.99998 59.99998 3599.998 2625.283 -60.00705 -3820.08 2625.283 -60.00705 -3840.08
3 2815.974 65 -3732.435 0 0 0 56.99999 90 39.99998 2625.715 64 -3909.271 2743.826 -245 -3774.47
1 3040.936 -99.99997 -6045.42 0 0 0 69.99997 69.99997 4899.996 2980.657 -99.99997 -6007.972 2980.657 -99.99997 -6027.972
3 2891.98 173.9998 -7244.314 0 0 0 110 90 180 2893.176 219.9998 -6967.609 2881.441 -820.0001 -8546.727
3 284.7983 -86 -2118.458 0 0 0 40 60 60.00001 374.1992 30 -2129.942 1963.024 -1804 -2086.613
1 778.0769 31.99999 -2055.171 0 0 0 20 20 399.9999 749.5393 30 -1996.552 749.5393 30 -2016.552
1 778.0769 61.99998 -2055.171 0 0 0 20 20 399.9999 749.5393 30 -1996.552 749.5393 30 -2016.552
1 778.0769 91.99996 -2055.171 0 0 0 20 20 399.9999 749.5393 30 -1996.552 749.5393 30 -2016.552
3 3370.865 -55.00019 -6055.257 0 0 0 40.00003 30.1 25.00001 3453.012 22.99981 -6071.889 2121.779 -323.0002 -6139.163
3 2788.774 58 -4221.016 0 0 0 76.99998 100 89.99998 2797.201 60 -4258.402 2760.69 -80 -2889.692
3 2776.061 71 -3513.705 0 0 0 66 80 49.99997 2732.644 55 -3518.165 3637.276 -56 -3542.476
3 623.3925 25 -2048.683 0 0 0 40 39.99999 25 639.7451 179 -1973.683 551.0721 -182 -2180.157
3 2801.229 28 -4356.323 0 0 0 86.99998 100 39.99998 2639.408 40 -4352.919 4744.995 -195 -4111.696
3 2889.889 48 -4271.852 0 0 0 76.99998 100 89.99998 2797.201 60 -4258.402 2760.69 -80 -2889.692
1 2623.732 31.99979 -3753.651 0 0 0 15 15 225 2623.607 -40.00021 -3699.439 2623.607 -40.00021 -3719.439
1 2623.732 21.99979 -3753.651 0 0 0 15 15 225 2623.607 -40.00021 -3699.439 2623.607 -40.00021 -3719.439
3 2968.846 25 -3516.738 0 0 0 26.00001 80 49.99997 2933.926 141 -3517.976 3818.923 -906 -3522.426
3 3139.969 10 -3514.229 0 270 0 46.00001 80 120 3058.41 87 -3513.341 5338.448 -1390 -3512.119
3 3460.622 -10 -3895.184 0 0 0 70.00001 70 60 3460.686 77 -3840.607 3471.251 -259.9999 -4341.311
3 2272.243 85 -4204.036 0 0 0 80 100 30 2149.299 172 -4198.052 3313.823 -395 -4227.177
3 347.017 152 -1999.066 0 0 0 100 30 80 257.983 239 -2083.719 536.182 44 -1997.991
1 275.5256 185.9 -2000.849 0 0 0 5 5 25 238.7801 135.9 -1969.848 282.5532 168.9 -1993.106
1 -456.0027 64 -591.0325 0 0 0 5 5 25 -482.4425 38 -658.7515 -407.9289 83 -558.1823
1 2736.965 259 -3821.073 0 0 0 200 200 40000 2767.998 30 -3636.564 2767.998 30 -3656.564
3 2577.125 58 -4946.132 0 0 0 600 200 536 2756.604 92 -4145.129 2517.271 -279 -3404.266
3 2129.098 58 -4506.479 0 0 0 300 200 236 2756.604 92 -4145.129 2517.271 -279 -3404.266
3 3157.707 128 -3188.335 0 0 0 600 200 236 2756.604 92 -4145.129 2517.271 -279 -3404.266
3 1454.298 37 -4358.182 0 0 0 100 100 150 1438.462 48 -4329.281 1432.72 -200 -5396.734
3 1256.377 34 -4491.29 0 0 0 102 200 89 1394.979 135 -4678.897 1340.032 15 -4538.535
3 1385.098 108 -4460.629 0 0 0 102 60.09999 82 1529.488 132 -4455.038 1340.032 15 -4538.535
3 1454.298 136 -4418.182 0 0 0 100 50 130.1 1374.171 186 -4419.205 1432.72 -200 -5396.734
3 4236.899 74.99982 -4984.303 0 0 0 640 400.1 700 3485.444 82.9998 -5570.776 3417.043 -810.0001 -7412.662
3 2536.899 74.99982 -4984.303 0 0 0 640 400.1 571 3485.444 82.9998 -5570.776 3417.043 -810.0001 -7412.662
