1 -1.39267 -3 -62.87596 0 0 0 110 110 12100 15.72939 -73 -173.7491 3.655245 -121 -303.8137
1 0 -130 -300 0 0 0 60 60 3600 0 21 20 34.99892 -1974 -4567.857
3 -1.173497 -445 -1054.743 0 0 0 30 50 130 -0.5625449 -471 -1006.636 -0.5625449 -774 -2181.635
3 0.341471 -439 -1002.297 0 0 0 80 50 30 0.341471 -480 -982.2967 0.341471 -480 -1002.297
1 0.045838 -519 -954.2079 0 0 0 82 82 6724 -1.67381 -480 -994.0976 -1.67381 -480 -1014.098
3 -1.173497 -300 -1054.743 0 0 0 30 80 130 1.397474 -273 -1058.458 -0.5625449 -1554 -2181.635
3 -0.004392 -441 -1562.189 0 0 0 90 120 90 0.6021799 -471 -1481.451 21.43392 -745 -2844.49
1 -0.454192 -478 -1783.073 0 0 0 150 150 22500 9.511811 -480 -1711.518 9.511811 -480 -1731.518
3 1.411304 -450 -1657.62 0 270 0 30 70 80 370.2252 -445.037 -1779.576 444.9063 -434.7478 -1756.821
1 123.9488 -461 -1862.693 0 0 0 40 40 1600 136.1894 -480 -1798.224 136.1894 -480 -1818.224
1 133.2751 -478 -1655.768 0 0 0 90 90 8100 136.1894 -480 -1798.224 136.1894 -480 -1818.224
3 445.347 -519 -1778.562 0 0 0 120 10 130 349.7633 -517 -1760.319 404.7065 -618 -1767.777
1 464.5654 -427 -1779.684 0 0 0 30 30 900 266.6937 -480 -1759.575 266.6937 -480 -1779.575
1 0.335938 -421 -1784.317 0 0 0 20 20 400 -22.25124 -466 -1782.061 1267.059 -810 -1845.967
3 -512.233 -759.7035 -3428.3 0 0 0 40 40 70 -476.3962 -788.7035 -3542.94 -503.9778 -769.7035 -3493.844
3 -509.3014 -994 -3535.61 33.75 0 0 60 20 300 -552.0756 -1110 -3292.657 -552.0756 -1110 -3312.657
3 -509.2384 -447 -2135.411 0 0 0 81 40 56 -507.704 -454 -2092.054 -518.7981 -1310 -3537.935
3 -513.308 -430 -2523.527 0 0 0 110 43 24 -510.3788 -456 -2469.569 -511.3398 -464 -2523.228
3 -508.7918 -425 -2701.595 0 0 0 120 60 50 -508.6991 -438.5867 -2679.331 -509.3691 -460.0375 -2734.345
3 -517.1182 -495 -2409.147 0 0 0 120 50 20 -490.1982 -482.1029 -2589.745 -482.4463 -514.8027 -2566.161
3 -507.8427 -432 -2629.615 0 0 0 120 119 60 -497.3106 -463.1029 -2623.592 -490.0861 -473 -2670.727
3 -515.517 -469 -2221.147 0 0 0 120 70 20 -531.0385 -528.4365 -2241.088 -508.4768 -473.0001 -2069.217
3 -149.9039 -440 -1782.066 0 0 0 30 100 100 -512.71 -472.5339 -2192.584 -511.8249 -473.4877 -2076.262
1 -511.1874 -538 -2505.344 0 0 0 30 30 900 -466.3926 -530 -2461.563 -466.3926 -530 -2481.563
1 -541.1875 -538 -2505.344 0 0 0 30 30 900 -466.3926 -530 -2461.563 -466.3926 -530 -2481.563
1 -571.1875 -538 -2505.344 0 0 0 30 30 900 -466.3926 -530 -2461.563 -466.3926 -530 -2481.563
1 -601.1875 -538 -2505.344 0 0 0 30 30 900 -466.3926 -530 -2461.563 -466.3926 -530 -2481.563
1 -481.1875 -538 -2505.344 0 0 0 30 30 900 -466.3926 -530 -2461.563 -466.3926 -530 -2481.563
1 -451.1875 -538 -2505.344 0 0 0 30 30 900 -466.3926 -530 -2461.563 -466.3926 -530 -2481.563
1 -421.1875 -538 -2505.344 0 0 0 30 30 900 -466.3926 -530 -2461.563 -466.3926 -530 -2481.563
1 -510.6592 -437.0099 -2426.218 0 0 0 50 50 2500 -415 -510.0099 -2453.357 -415 -510.0099 -2473.357
1 -570.6592 -437.0099 -2426.218 0 0 0 50 50 2500 -415 -510.0099 -2453.357 -415 -510.0099 -2473.357
1 -620.6592 -437.0099 -2426.218 0 0 0 50 50 2500 -415 -510.0099 -2453.357 -415 -510.0099 -2473.357
1 -460.6592 -437.0099 -2426.218 0 0 0 50 50 2500 -415 -510.0099 -2453.357 -415 -510.0099 -2473.357
1 -400.6592 -437.0099 -2426.218 0 0 0 50 50 2500 -415 -510.0099 -2453.357 -415 -510.0099 -2473.357
1 -510.9511 -523 -2716.547 0 0 0 70 70 4900 -503.9313 -480 -2641.51 -503.9313 -480 -2661.51
1 -511.0933 -456 -2843.305 0 0 0 60 60 3600 -511.8318 -449 -2752.062 -471.7401 -1980 -4758.795
3 -501.3964 -441 -2737.373 0 0 0 60 60 30 -511.8318 -449 -2752.062 -471.7401 -380 -4758.795
3 -506.2373 -553 -3145.299 333.2813 0 0 60 60 360 -511.8318 -424 -2752.062 -471.7401 -1465 -4758.795
3 -4.816466 -336 -573.3848 333.2813 0 0 60 60 310 0 21 20 34.99892 -1974 -4567.857
3 -119.1736 -480 -1777.459 0 0 0 20 70 120 -86.59003 -480 -1764.601 -86.59003 -480 -1784.601
1 -513.1113 -843.7035 -3748.113 0 0 0 100 100 10000 -509.2946 -767.7035 -3613.789 -509.2946 -767.7035 -3633.789
3 -515.2072 -1095 -3163.464 0 0 0 130 170 79.99997 -445.1873 -1089 -3212.281 -517.1253 -1325 -2894.035
3 -502.8354 -1077 -3316.778 0 0 0 130 170 59.99997 -454.2087 -1059 -3264.306 -517.1253 -1325 -2894.035
1 -601.215 -1072 -3330.087 0 0 0 40 40 1600 -629.7885 -1071 -3265.943 -504.9238 -1075 -4017.596
1 -419.215 -1072 -3330.087 0 0 0 40 40 1600 -629.7885 -1071 -3265.943 -504.9238 -1075 -4017.596
1 -510.5628 -906.865 -3843.282 0 0 0 140 140 19600 -514.1238 -817.865 -3881.798 -514.1238 -817.865 -3901.798
3 -512.5057 -817.2368 -4065.376 315 0 0 140 200 10 -511.3355 -778.2368 -3854.997 -539.2703 -3699.237 -7233.901
3 -516.3948 -1352.262 -4432.862 0 0 0 70.00001 260 60 -520.6523 -1260.262 -4430.279 -592.423 -1983.262 -4828.398
1 -512.8445 -1213.262 -4368.359 0 0 0 90 90 8100 -503.9265 -1121.262 -4383.428 -503.9265 -1121.262 -4403.428
3 -512.5057 -797.2368 -4045.376 315 0 0 140 200 10 -511.3355 -778.2368 -3854.997 -539.2703 -3699.237 -7233.901
3 -503.4118 -1647.019 -4763.918 0 0 0 80 20 400 -509.1452 -1603.019 -4572.655 -550.9791 -2078.019 -6897.52
1 -502.096 -1653.539 -5302.246 0 0 0 120 120 14400 -509.78 -1650 -5188.884 -1002.675 -5254.859 -9640.769
3 -413.1717 -348 -1780.996 0 0 0 210 100 250 -319.0536 -480 -1757.863 -319.0536 -480 -1777.863
3 120.8264 -480 -1777.459 0 0 0 20 70 120 -86.59003 -480 -1764.601 -86.59003 -480 -1784.601
3 -512.5365 -2093.419 -5699.417 315 0 0 90 50 510.0001 -523.0931 -1963.419 -5648.419 -523.0931 -1963.419 -5668.419
3 -627.6159 -2801.762 -7095.394 0 0 0 50 110 100 -646.2977 -2766.762 -7094.063 635.7528 -4691.762 -7143.918
3 -516.3948 -1352.262 -4492.862 0 0 0 70.00001 260 60 -520.6523 -1260.262 -4430.279 -592.423 -1983.262 -4828.398
1 -506.047 -1772.539 -5318.33 0 0 0 120 120 14400 -509.78 -1650 -5188.884 -1002.675 -5254.859 -9640.769
1 -499.1659 -2423.539 -5975.561 0 0 0 120 120 14400 -509.78 -1650 -5188.884 -1002.675 -5254.859 -9640.769
1 -641.9686 -2423.539 -6057.107 0 0 0 120 120 14400 -509.78 -1650 -5188.884 -1002.675 -5254.859 -9640.769
1 -711.7949 -2423.539 -6130.753 0 0 0 120 120 14400 -509.78 -1650 -5188.884 -1002.675 -5254.859 -9640.769
1 -793.6666 -2483.539 -6220.37 0 0 0 120 120 14400 -509.78 -1650 -5188.884 -1002.675 -5254.859 -9640.769
1 -1292.563 -2759.119 -6620.352 0 0 0 200 200 40000 -1286.386 -2638.119 -6739.413 -1286.386 -2638.119 -6759.413
1 -1027.734 -2679.119 -6420.414 0 0 0 200 200 40000 -1286.386 -2638.119 -6739.413 -1286.386 -2638.119 -6759.413
1 -1116.991 -2679.119 -6509.389 0 0 0 200 200 40000 -1286.386 -2638.119 -6739.413 -1286.386 -2638.119 -6759.413
1 -539.7764 -634.0445 -3866.846 0 0 0 150 150 22500 -508.7613 -747.0445 -3877.846 -514.0876 -1417.044 -4402.708
1 -873.2619 -2518.539 -6301.024 0 0 0 120 120 14400 -509.78 -1650 -5188.884 -1002.675 -5254.859 -9640.769
1 -727.2007 -2855.076 -7098.183 0 0 0 110 110 12100 -673.3211 -2793.076 -7044.982 -673.3211 -2793.076 -7064.982
3 -1001.621 -2804.076 -7083.239 0 0 0 270 50.00002 110 -673.3211 -2793.076 -7044.982 -673.3211 -2793.076 -7064.982
3 260.1513 -3664.497 -7097.741 0 0 0 20 90 70 259.497 -3709.497 -7069.769 259.497 -3709.497 -7089.769
1 588.8182 -3929.609 -7422.777 0 0 0 120 120 14400 587.204 -3852.609 -7490.507 587.204 -3852.609 -7510.507
1 482.7701 -3930.609 -7549.029 0 0 0 120 120 14400 587.204 -3852.609 -7490.507 587.204 -3852.609 -7510.507
1 458.965 -3968.609 -7656.678 0 0 0 120 120 14400 587.204 -3852.609 -7490.507 587.204 -3852.609 -7510.507
1 395.6614 -3985.609 -7731.415 0 0 0 120 120 14400 587.204 -3852.609 -7490.507 587.204 -3852.609 -7510.507
1 278.3317 -4189.609 -7894.262 0 0 0 220 220 48400.01 587.204 -3852.609 -7490.507 587.204 -3852.609 -7510.507
1 -209.9341 -4364.609 -8223.19 0 0 0 220 220 48400.01 587.204 -3852.609 -7490.507 587.204 -3852.609 -7510.507
1 51.4976 -4179.609 -8127.158 0 0 0 220 220 48400.01 587.204 -3852.609 -7490.507 587.204 -3852.609 -7510.507
1 348.1561 -3874.609 -7312.836 0 0 0 220 220 48400.01 587.204 -3852.609 -7490.507 587.204 -3852.609 -7510.507
3 -215.5656 -4237.095 -8396.302 0 0 0 140 70 30 -209.0329 -4169.095 -8338.229 -247.0881 -6258.095 -10316.85
3 -208.4281 -5000.748 -9206.519 0 0 0 70 80 10 -193.5052 -5057.748 -9187.748 -193.5052 -5057.748 -9207.748
1 -431.7108 -5255.748 -9359.503 0 0 0 200 200 40000.01 -193.5052 -5017.748 -9187.748 -193.5052 -5017.748 -9207.748
1 -513.8079 -5255.748 -9393.711 0 0 0 200 200 40000.01 -193.5052 -5017.748 -9187.748 -193.5052 -5017.748 -9207.748
1 -952.9152 -5425.748 -9602.21 0 0 0 200 200 40000.01 -193.5052 -5017.748 -9187.748 -193.5052 -5017.748 -9207.748
3 -636.6765 -5291.748 -9603.007 0 0 0 300 60.00001 100 -193.5052 -5017.748 -9187.748 -193.5052 -5017.748 -9207.748
3 -508.9334 -679.7035 -3358.474 333.2813 0 0 40 40 70 -476.3962 -788.7035 -3542.94 -503.9778 -769.7035 -3493.844
1 -131.7859 -478 -1658.052 0 0 0 90 90 8100 136.1894 -480 -1798.224 136.1894 -480 -1818.224
3 238.4843 -388 -1780.58 0 0 0 100 60 120 177.862 -480 -1760.923 177.862 -480 -1780.923
3 -59.65853 -439 -1002.297 0 0 0 40 50 30 0.90833 -454 -995.29 -56.58817 -480 -1007.752
3 60.34147 -439 -1002.297 0 0 0 40 50 30 0.90833 -454 -995.29 -56.58817 -480 -1007.752
3 -504.9338 -614 -4625.224 0 0 0 130 50 200 -500.3049 -648 -4380.571 -631.6542 -895 -7778.798
1 -641.9312 -637 -4555.661 0 0 0 90 90 8100 -573.4569 -655 -4569.253 -573.4569 -655 -4589.253
1 -381.9311 -637 -4555.661 0 0 0 90 90 8100 -573.4569 -655 -4569.253 -573.4569 -655 -4589.253
3 -504.6541 -633 -4406.682 0 0 0 120 110 20 -507.1463 -655 -4330.614 -507.1463 -655 -4350.614
