1 352.5745 587 400.4565 0 0 0 50 50 2500 284.3906 687 435.9717 323.1417 578 382.3113
1 378.1222 650 402.3739 0 0 0 40 40 1600 378.3224 689 467.1661 375.7314 663 350.2733
3 378.6667 596 400.7444 0 0 0 20 10 30 364.9124 627 485.4088 323.1417 578 382.3113
1 349.8553 578 6.104685 0 0 0 10 10 100 362.5877 584 -17.71176 284.0565 680 529.2119
1 -82.36929 829.0044 502.9644 0 0 0 35 35 1225 -54.97754 826.0044 518.2729 -54.97754 826.0044 498.2729
3 -166.3693 833.0044 502.9644 0 0 0 85 25 25 -54.97754 826.0044 518.2729 -54.97754 826.0044 498.2729
1 -55.48911 569 350.4995 0 0 0 20 20 400 74.44339 525 330.5422 74.44339 525 310.5422
1 299.1827 833 21.97902 0 0 0 20 20 400 312.4875 775 11.8079 312.4875 775 -8.192095
1 94.65829 3108.503 332.395 0 0 0 220 220 48400 219.2351 3360.503 -667.1185 -18.16821 2936.503 -7.060943
1 320.5798 3088.503 -101.7852 0 0 0 220 220 48400 219.2351 3360.503 -667.1185 -18.16821 2936.503 -7.060943
1 -81.08227 3088.503 -316.1506 0 0 0 220 220 48400 219.2351 3360.503 -667.1185 -18.16821 2936.503 -7.060943
1 -302.2121 3088.503 84.64751 0 0 0 220 220 48400 219.2351 3360.503 -667.1185 -18.16821 2936.503 -7.060943
1 78.68981 2311.998 -426.4531 0 0 0 60 60 3600 59.45182 2357.998 -396.5684 59.45182 2357.998 -416.5684
1 27.46216 243 -349.3775 0 0 0 70 70 4900 38.64759 270 -281.3667 38.64759 270 -301.3667
1 -63.09792 264 -287.5675 0 0 0 40 40 1600 38.64759 270 -281.3667 38.64759 270 -301.3667
1 -313.6239 446.4111 -42.91896 0 0 0 20 20 400 -304.2083 394.4111 73.06179 -304.2083 394.4111 53.06179
1 -312.576 409.4111 26.85074 0 0 0 20 20 400 -304.2083 394.4111 73.06179 -304.2083 394.4111 53.06179
1 -376.271 389.4111 4.270896 0 0 0 20 20 400 -304.2083 394.4111 73.06179 -304.2083 394.4111 53.06179
1 -376.6085 371.4111 -53.3404 0 0 0 30 30 900 -304.2083 394.4111 73.06179 -304.2083 394.4111 53.06179
1 47.46426 558 352.313 0 0 0 20 20 400 74.44339 525 330.5422 74.44339 525 310.5422
1 7.241216 521 289.8715 0 0 0 40 40 1600 74.44339 525 330.5422 74.44339 525 310.5422
1 220.3746 530 356.1111 0 0 0 20 20 400 74.44339 525 330.5422 74.44339 525 310.5422
1 312.6874 565 316.8667 0 0 0 20 20 400 74.44339 525 330.5422 74.44339 525 310.5422
1 342.3811 556 403.746 0 0 0 70 70 4900 74.44339 525 330.5422 74.44339 525 310.5422
1 356.2708 689 256.0937 0 0 0 70 70 4900 74.44339 525 330.5422 74.44339 525 310.5422
1 347.9467 564 10.71657 0 0 0 70 70 4900 74.44339 525 330.5422 74.44339 525 310.5422
3 -0.135651 -432 190.2874 0 0 0 30 30 10 92.09613 -190 393.4818 -16.41048 -407 -65.42619
1 -164.4628 395.7907 48.76579 0 0 0 20 20 400 -265.1955 379.7907 9.0374 -265.1955 379.7907 -10.9626
3 -400.3075 915.0044 -500.507 0 0 0 90 55 40 -371.2077 975.0044 -425.8833 -371.2077 975.0044 -445.8833
3 -400.3075 915.0044 -645.5069 0 0 0 90 55 40 -371.2077 975.0044 -425.8833 -371.2077 975.0044 -445.8833
3 -0.986173 1111 -453.7906 0 0 0 30 100 30 0.832741 1241 -549.7953 3.551702 925 -388.1024
3 -0.945004 1441 -454.2171 0 0 0 30 240 30 0.832741 1241 -549.7953 3.551702 1125 -388.1024
1 47.93333 11 64.97557 0 0 0 75 75 5625 73.35825 29 66.13849 73.35825 29 46.13849
3 921.5057 -582 652.0831 0 315 0 50 30 50 819.999 -513 607.6166 896.9909 -600 627.6265
3 -400.4051 895.5045 -731.3519 0 0 0 80 20 30 -331.4519 895.5045 -715.8409 -331.4519 895.5045 -735.8409
1 34.65864 1061 -489.6291 0 0 0 20 20 400 42.52807 1025 -417.9026 42.52807 1025 -437.9026
1 -49.97319 1068 -443.6873 0 0 0 20 20 400 42.52807 1025 -417.9026 42.52807 1025 -437.9026
1 -330.1222 882.5045 -729.9561 0 0 0 40 40 1600 -331.4519 895.5045 -715.8409 -331.4519 895.5045 -735.8409
3 -400.4051 925.5045 -731.3519 0 0 0 80 40 30 -353.6151 933.5045 -733.125 -616.5977 850.5045 -727.872
1 -766.1038 875.9999 199.9809 0 0 0 10 10 100 -810.0837 1245 181.6766 -977.9177 848.9999 180.6611
1 -849.3945 1313 199.2735 0 0 0 100 100 10000 -810.0837 1245 181.6766 -977.9177 848.9999 180.6611
3 -979.158 -592 -691.1724 0 45 0 40 30 40 -892.5409 -493 -640.5079 -969.1767 -600 -675.4481
3 -914.3917 -598 128.7045 0 0 0 50 40 60 -803.7361 -476 77.75877 -914.3917 -600 128.7045
1 -677.9321 868.955 -618.5903 0 0 0 50 50 2500 -587.6115 834.955 -538.5927 -587.6115 834.955 -558.5927
3 -757.4548 882.955 -619.4691 0 0 0 100 30 30 -587.6115 834.955 -538.5927 -587.6115 834.955 -558.5927
1 -396.088 2499 398.1888 0 0 0 12 12 144 -373.2983 2509 373.606 -396.088 2499 398.1888
3 0.7561359 -433 531.3032 0 0 0 50 15 60 -3.32811 -417 617.5313 -0.9451759 -792 -149.6635
1 0 -450.0206 -1025 0 0 0 130 130 16900 0 -476.0206 -1005 0 -476.0206 -1025
1 -448 3030 -431 0 0 0 3 3 9 -438.8239 2927 -413.038 -463.508 3064 -471.9629
1 -567.4536 3010.319 -224.1299 0 0 0 3 3 9 -586.2238 2921.319 -244.9611 -562.5403 3009.319 -226.8573
3 -565.6591 3015.319 -225.5226 0 75.9375 0 22 68 35 -586.2238 2921.319 -244.9611 -562.5403 3009.319 -226.8573
3 -565.6591 2843.319 -225.5226 0 75.9375 0 22 108 35 -595.4526 2951.319 -232.3694 -562.5403 2749.319 -226.8573
3 -565.6591 2783.319 -225.5226 0 75.9375 0 22 58 35 -595.4526 2881.319 -232.3694 -562.5403 2749.319 -226.8573
1 -5.640319 -477 226.4625 0 0 0 130 130 16900 92.09613 -190 393.4818 -16.41048 -407 -65.42619
1 -587.6591 2790.319 -223.5226 0 0 0 3.000002 3.000002 9.00001 -595.4526 2881.319 -232.3694 -562.5403 2749.319 -226.8573
1 -448 3030 -431 0 0 0 3 3 9 -432.5775 2902 -402.97 -459.0196 3078 -464.2012
3 -447.953 2985 -431.9989 0 45 0 25 100 37 -432.5775 2902 -402.97 -459.0196 3078 -464.2012
3 -448.9445 2855 -430.6715 0 45 0 27 70 36 -432.5775 2902 -402.97 -459.0196 2755 -464.2012
3 -448.9445 2790 -430.6715 0 45 0 27 40 36 -432.5775 2853 -402.97 -459.0196 2755 -464.2012
1 0 -449.0206 -1025 0 0 0 45 45 2025 0 -476.0206 -1005 0 -476.0206 -1025
3 -849.3945 638 199.2735 0 0 0 1000 200 1000 -810.0837 1245 181.6766 -977.9177 848.9999 180.6611
1 296.6293 -444 -3.347727 0 0 0 50 50 2500 303.5046 -440 147.8468 303.5046 -440 127.8468
1 -237.8151 -477 -300.0972 0 0 0 95 95 9025 303.5046 -440 147.8468 303.5046 -440 127.8468
1 -298.2206 -432 1.904248 0 0 0 48 48 2304 303.5046 -440 147.8468 303.5046 -440 127.8468
1 5.870347 -432 510.7471 0 0 0 47 47 2209 303.5046 -440 147.8468 303.5046 -440 127.8468
1 1077.863 -543 -236.8222 0 0 0 47 47 2209 1098.88 -415 -175.9881 1098.88 -415 -195.9881
1 1076.653 -543 142.2861 0 0 0 49 49 2401 1098.88 -415 -175.9881 1098.88 -415 -195.9881
1 -163.5644 -478 -955.8851 0 0 0 47 47 2209 -66.7019 -415 -1004.064 -66.7019 -415 -1024.064
1 -1094.118 -542 45.73226 0 0 0 47 47 2209 -1054.658 -485 11.39966 -1054.658 -485 -8.600335
1 93.07471 -539 1100.59 0 0 0 47 47 2209 6.360966 -540 1064.242 6.360966 -540 1044.242
1 486.6084 -424 -215.6526 0 0 0 40 40 1600 303.5046 -440 147.8468 303.5046 -440 127.8468
3 -745.5507 947 244.4667 0 0 0 60 100 10 -725.677 878 249.4291 -725.677 878 229.4291
3 -745.5507 947 144.4667 0 0 0 60 100 10 -725.677 878 249.4291 -725.677 878 229.4291
3 -694.9171 947 190.0866 0 90 0 60 100 10 -725.677 878 249.4291 -725.677 878 229.4291
3 -815.727 933 190.673 0 90 0 60 100 10 -725.677 878 249.4291 -725.677 878 229.4291
1 -450.0309 3029.268 -433.7969 0 0 0 2 2 4 -439.4847 2936.268 -407.9825 -479.3047 3075.268 -463.9961
1 140.7159 3108 512.9125 0 0 0 2 2 4 63.19483 3097 530.6551 163.3427 3094 507.6636
1 0 -476.0206 -1025 0 0 0 45 45 2025 0 -476.0206 -1005 0 -476.0206 -1025
