1 185.8176 15.98469 5.521308 0 0 0 100.1 100.1 10020 1695.441 440.9846 -9.688807 2700.66 159.9847 0.254122
1 1250.727 45.98469 7.086186 0 0 0 100.1 100.1 10020.01 1695.441 440.9846 -9.688807 2700.66 -1450.015 -39.74587
1 -81.34886 -0.015312 14.14017 0 0 0 130 130 16900 37.28633 34.98469 -6.546308 -244.8759 500.9846 81.28921
1 955.9692 15.98469 12.72941 0 0 0 100.1 100.1 10020.01 1695.441 440.9846 -9.688807 2700.66 159.9847 0.254122
1 1956.418 -97.01528 -1.272274 0 0 0 100.1 100.1 10020.01 2292.214 -429.0153 -10.38778 3000.66 -1750.015 -59.74587
1 2435.89 -739.0153 -0.277678 0 0 0 100.1 100.1 10020.01 2346.167 -454.0153 9.090741 3851.8 -1445.015 -17.40766
1 6287.63 -14200 13838.74 0 0 0 90 90 8100 6434 -14091 13738.62 5666.513 -14676 14680.47
3 3196.662 -978.0179 -4.591422 0 0 0 150 60 50 3051.191 -956.0179 -10.34927 3660.431 -1100.018 9.111078
3 2994.639 -924.0153 276.6114 14.0625 0 0 80.09998 80.09998 220 3011.754 -834.0153 14.04378 3026.121 -1580.015 1283.754
3 3048.563 -856.0153 494.914 0 0 0 120.1 80.09998 190 2959.676 -699.0153 471.713 3678.897 -1286.015 -24.87388
3 3231.558 -824.0153 368.6851 11.25 0 0 70.09998 80.09998 100 3204.153 -589.0153 362.3049 3169.727 -3585.015 2927.467
1 3016.72 -989.0153 794.3241 0 0 0 120.1 120.1 14424 2970.968 -869.0153 952.0058 3443.822 -1259.015 -138.9633
3 3023.043 -1044.015 491.3375 11.25 0 0 70.09998 80.09998 190 3016.847 -914.0153 173.6651 3093.821 -2015.015 3062.569
3 3018.507 -1046.997 637.7459 0 0 0 45 60 70 2961.608 -997.997 539.1225 3021.697 -1001.997 628.6638
3 3266.128 -801.0179 -13.84058 0 0 351.5625 280 140 70 3032.424 -809.0179 -24.43841 3660.431 -1100.018 9.111078
3 3442.615 -839.0153 5.052654 0 0 0 100.1 200.1 100 2346.167 -454.0153 9.090741 3851.8 -1445.015 -17.40766
1 4117.381 -1104.98 46.65536 0 0 0 180 180 32400 4121.618 -1125.98 87.43192 4173.173 -2664.98 1406.397
1 4385.11 -1456.98 121.8224 0 0 0 180 180 32400 4437.257 -1200.98 70.28014 4345.17 -2000.98 716.9076
1 4220.739 -1309.98 138.4659 0 0 0 180 180 32400 4121.618 -1125.98 87.43192 4540.754 -1864.98 601.6609
1 4347.292 -1501.98 413.861 0 0 0 120 120 14400 4354.794 -1440.98 308.1838 4347.645 -1600.98 777.4232
3 4608.936 -1701.967 1229.919 0 337.5 0 130 130 50 4612.444 -1689.967 1189.318 4250.382 -1849.967 1208.244
1 4126.512 -1630.967 1242.49 0 0 0 279.9999 279.9999 78399.98 4306.272 -1629.967 1203.494 4272.568 -5724.967 4245.479
1 4288.127 -2231.967 1876.48 0 0 0 230 230 52899.98 4306.272 -1629.967 1203.494 4272.568 -4100.967 4245.479
1 4293.948 -2546.967 2853.031 0 0 0 230 230 52899.99 4306.272 -1629.967 1203.494 4272.568 -4600.967 4245.479
1 3341.94 -1132.015 -8.689923 0 0 0 180.1 180.1 32436 2346.167 -454.0153 9.090741 3851.8 -1445.015 -17.40766
1 4297.626 -3027.798 3481.233 0 0 0 289.9999 289.9999 84099.98 4341.805 -2987.798 3354.59 4112.024 -4347.798 4392.942
1 4579.097 -3467.798 3326.371 0 0 0 110 110 12099.99 4627.892 -3367.798 3243.431 3784.99 -3902.798 3548.965
3 4810.057 -6212.732 4062.799 129.375 43.59375 210.9375 210 200.1 410 4680.818 -6196.732 3948.083 5612.529 -5507.732 5359.506
3 3718.212 -4207.732 4618.836 47.8125 5.625 350.1563 200 370.1 550 3635.79 -4235.732 4671.051 6485.257 -8577.732 6051.996
3 4116.153 -4947.732 5219.98 67.5 0 45 300 160.1 550 3809.132 -4487.732 5090.972 6880.976 -9022.73 6189.54
3 4779.806 -5457.732 5222.15 120.9375 0 67.5 180 120.1 500 4751.75 -5214.732 5302.797 7240.954 -11732.73 2315.845
3 5040.019 -5727.732 4840.415 129.375 0 22.5 150 220.1 500 5134.878 -5344.732 5062.298 -2549.365 -24097.73 -12554.06
3 5005.732 -6007.732 4375.158 142.0313 0 292.5 170 130.1 420 5238.022 -5844.732 4495.661 -7822.228 -18167.73 -2252.18
1 3318.972 -1435.792 1000.499 0 0 0 309.9999 309.9999 96099.98 3404.452 -1281.792 1173.781 5330.8 -2211.792 1188.02
1 3815.029 -1605.792 1155.764 0 0 0 309.9999 309.9999 96099.98 3959.582 -1656.792 1163.682 4516.788 -2081.792 1185.672
3 4198.465 -1715.34 1188.404 0 0 315 70 10 70 4221.961 -1925.34 1515.873 4221.961 -1925.34 1495.873
3 4207.906 -1830.34 1241.101 16.875 0 334.6875 80 80 150 4308.382 -1821.34 1316.19 4242.18 -1700.34 1118.1
1 4253.486 -1915.967 1580.967 0 0 0 180 180 32399.99 4306.272 -1629.967 1203.494 4272.568 -5594.967 4245.479
3 4291.682 -1723.967 1573.384 0 0 0 211 240 10 4306.272 -1629.967 1203.494 4272.568 -5594.967 4245.479
1 5602.409 -9252.956 5321.55 0 0 0 359.9999 359.9999 129600 5845.318 -9411.956 5429.461 6446.866 -10776.96 5412.267
3 6205.018 -9447.956 5411.076 0 0 0 241 259.9999 50.00001 6058.629 -9596.956 5422.925 6446.866 -9776.956 5412.267
3 6605.018 -9700.956 5411.076 0 0 337.5 290.9999 160 50.00001 6425.486 -9596.956 5415.106 8640.164 -11746.96 5641.522
3 7822.771 -10644 6509.63 329.0625 0 0 89.99998 359.9999 120 7828.002 -10322 6330.927 7831.361 -13792 7893.39
1 7791.242 -10330 6169.905 0 0 0 120 120 14400 7828.002 -10322 6330.927 7831.361 -11892 7893.39
3 7719.549 -10280 6184.73 0 0 0 39.99999 120 55 7676.018 -10262 6146.557 8703.36 -12222 7020.25
1 6518.668 -13853.24 9437.612 0 0 0 110 110 12100 6505.332 -13767.24 9360.311 6505.332 -13767.24 9340.311
3 6997.66 -14260.97 9003.335 0 0 0 59.99999 110 200 7008.04 -14319.97 8983.779 6967.444 -14654.97 7428.502
3 6908.255 -14236.97 8651.579 0 0 0 160 59.99999 60 7070.642 -14249.97 8644.324 5134.934 -14935.97 8640.657
3 7006.464 -14183.97 8720.067 0 0 0 39.99998 99.99998 20 6966.19 -14139.97 8743.661 6454.565 -15310.97 7914.151
3 6696.932 -14182.96 8615.148 0 0 0 100 60 160 6708.316 -14183.96 8674.936 6681.689 -14299.96 8992.163
3 6696.932 -14182.96 8785.148 0 0 0 60 60 110 6699.736 -14183.96 8774.498 6700.689 -14320.96 9050.163
1 6690.455 -14332 8820.001 0 0 0 90 90 8100 6741.397 -14180.98 8786.802 6676.611 -14278.98 8825.01
3 6701.055 -13982.96 9007.977 0 0 0 100 167 160 6692.401 -14023.96 8844.003 6681.689 -14499.96 9992.163
3 6701.311 -13992.96 9187.563 0 0 0 60 160 110 6699.736 -14083.96 9074.498 6700.689 -14580.96 10550.16
3 6700.479 -13887.96 9272.224 0 0 0 100 160 70 6692.107 -13978.96 9289.003 6681.689 -15099.96 10992.16
3 6702.897 -13932.96 9647.402 0 0 0 100 160 120 6695.798 -13975.96 9573.211 6681.689 -17599.96 14392.16
3 6707.873 -13882.96 9436.534 0 0 0 100 160 110 6692.107 -13978.96 9289.003 6681.689 -14999.96 10892.16
3 6664.116 -14157.96 10048.47 14.0625 0 0 60 60 400 6695.936 -14015.96 9707.385 6681.689 -19599.96 15392.16
3 6702.6 -14397.96 10958.76 14.0625 0 0 60 60 600 6694.106 -14185.96 10409.38 6681.689 -22599.96 20392.16
3 6764.758 -14501.98 12359.07 0 0 0 15 10 15 6762.831 -14678.98 12355.5 6764.376 -14775.98 12359.14
3 6700.758 -14456.98 12359.07 0 0 0 15 10 15 6701.953 -14751.98 12355 6700.13 -14798.98 12472.88
3 6765.362 -14443.98 12357.96 0 0 0 10 2.1 10 6745.686 -14431.98 12297 6764.626 -14444.98 12376.73
3 6765.362 -14479.98 12357.96 0 0 0 21 5.1 15 6745.686 -14431.98 12297 6764.626 -14444.98 12376.73
3 6700.362 -14443.98 12357.96 0 0 0 10 2.1 10 6762.942 -14737.98 12376.71 6762.942 -14737.98 12356.71
3 6635.362 -14443.98 12357.96 0 0 0 10 2.1 10 6762.942 -14737.98 12376.71 6762.942 -14737.98 12356.71
3 6634.758 -14456.98 12359.07 0 0 0 15 10 15 6634.478 -14684.98 12351.43 6635.376 -14775.98 12367.14
3 6706.559 -14654.22 12593.42 333.2813 0 0 30 30 300 6705.426 -14770.22 12366.2 6699.341 -14573.22 12997.8
3 6700.069 -14733.98 12360.5 0 0 0 15 7.1 15 6762.942 -14737.98 12376.71 6762.942 -14737.98 12356.71
3 6700.069 -14703.98 12358.5 0 0 0 30 62.09999 20 6699.16 -14707.98 12351.69 6699.453 -14968.98 12455.66
3 6699.759 -14435 12133.99 0 0 0 110 200 50 6696.774 -14504 12070.66 6698.759 -16800 18370.37
1 6698.43 -14430.1 12018 0 0 0 100 100 10000 6669.598 -14525.1 11702.08 6669.598 -14525.1 11682.08
1 6700.142 -14386.1 11790.51 0 0 0 130 130 16900 6669.598 -14525.1 11702.08 6669.598 -14525.1 11682.08
3 6691.423 -14524.96 11996.85 0 0 0 60 40.09999 100 6704.906 -14515.96 11960.98 6681.689 -17000.96 20392.16
3 6689.374 -14450 12237.82 0 0 0 110 100 53 6693.335 -14425 12117.19 6699.884 -14943 13185.01
3 6702.527 -14375 12160.55 0 0 0 110 40 80 6693.335 -14425 12117.19 6699.884 -14543 12485.01
1 4384.21 -1401.98 828.7208 0 0 0 120 120 14400 4290.694 -1400.98 773.9196 5094.634 -2250.98 951.892
1 4420.434 -1615.967 917.4467 0 0 0 140 140 19599.99 4306.272 -1629.967 1203.494 4272.568 -4424.967 4245.479
3 6635.307 -14693.98 12360.66 0 0 0 28 64.09999 22 6620.23 -14794.98 12419.78 6643.05 -14728.98 12336.02
3 6635.351 -14783.98 12381.74 0 0 0 28 32.09999 40 6619.123 -14789.98 12421.49 6643.05 -14784.98 12336.02
3 6633.966 -14920.98 12661.38 28.125 0 0 28 32.09999 320 6633.521 -15024.98 12964.57 6634.614 -15134.98 13214.83
3 6634.358 -14733.98 12359.7 0 0 0 21 10.1 21 6762.942 -14737.98 12376.71 6762.942 -14737.98 12356.71
3 6635.364 -14814.96 13937.66 0 0 0 160 90 70 6636.481 -14845.96 13939.5 6427.414 -15250.06 12753.71
3 6635.364 -14819.96 13952.66 0 0 0 160 90 10 6652.692 -14900.96 13915.26 6633.04 -14925.96 12732.32
3 6726.398 -14611.96 13762.12 0 0 0 75 195 110 6757.735 -14721.96 13696.05 6706.3 -14885.96 14007.95
1 6570.972 -14856.96 13765.69 0 0 0 110 110 12100 6575.144 -14762.96 13821.96 6534.13 -15135.96 12803.72
1 6204.205 -14200 13710.67 0 0 0 190 190 36100 6141.992 -14101 13678.64 6735.024 -14659 13789.42
3 6678.402 -14761.96 13620.34 0 0 0 195 55 70 6626.158 -14721.96 13596.92 6674.577 -14945.96 14192.74
1 6784.689 -14838.96 13769.64 0 0 0 45 45 2025 6791.371 -14799.96 13838.36 6699.623 -14959.96 13139.74
1 6506.93 -14399.39 13884.82 0 0 0 150 150 22500 6519.904 -14291.39 13937.27 6313.877 -14536.39 13766.41
1 6374.015 -14301 13733.93 0 0 0 100 100 10000 6264.186 -14196 13674.14 7386.14 -14529 13737.09
3 6394.434 -14443.39 13725.77 0 0 0 110 60 60 6497.172 -14376.39 13712.42 5317.974 -14921.39 13696.52
3 6578.623 -14065 13819.63 0 326.25 0 200 200 200 6555.682 -14154 13718.9 -2029.94 -19604 18152.53
1 6468.718 -14315 14050.34 0 0 0 200 200 40000 6591.688 -14191 13951.35 3637.302 -17609 13134.93
1 6216.524 -14340 13690.64 0 0 0 60 60 3600 6200.358 -14299 13617.1 6291.62 -14573 14196.48
1 6331.75 -14343 13763.76 0 0 0 50 50 2500 6263.732 -14321 13770.06 7386.14 -14529 13787.09
3 6480.931 -14104 13812.16 0 336.0938 0 100 150 80 6588.16 -13979 13746.17 1749.131 -16615 14881.13
3 6254.272 -14036 13757 0 45 0 50.00001 80.00001 50 6301.355 -13979 13661.44 6630.411 -16004 17977.72
3 6149.505 -14026 14032.61 0 45 0 250 100 70.00001 6316.501 -13979 13847.07 1836.167 -17964 18467.64
3 5888.313 -13816 14291.06 0 45 0 150 150 120 5735.336 -13834 14246.86 10388.11 -16033 14279.87
3 5930.878 -14036 14273.46 0 45 0 180 130 70.00001 6175.774 -13924 14015.44 2694.53 -15924 17159.94
3 5700.823 -13831 14376.79 0 45 0 120 180 140 5777.915 -13834 14320.29 8531.844 -18824 18870.93
3 5990.381 -13706 14225.72 0 45 0 100 100 60.00001 5888.442 -13689 14339.82 15678.52 -17764 5702.734
3 6122.701 -13491 14105.7 0 45 0 130 130 60.00001 6196.614 -13514 14046.32 611.4882 -20391 18822.64
3 6121.727 -13661 14094.33 0 45 0 50.00001 100 60.00001 6160.399 -13573 14071.27 2377.811 -21790 19742.37
3 5513.882 -13052.31 15509.72 0 0 0 70 60 150 5487.946 -12996.31 15392.86 5472.612 -13587.31 16760.2
3 5484.049 -12870.31 15607.09 0 0 0 110 145 150 5503.604 -12856.31 15622.75 5775.996 -15227.31 12282.22
3 5674.117 -12690.31 15593.94 0 56.25 0 70 135 250 5408.016 -12711.31 15496.7 12443.92 -18077.31 20325.94
1 7960.891 -11315.24 7635.439 0 0 0 709.9999 709.9999 504099.9 7792.696 -11211.24 7624.327 8121.875 -13864.24 10273.67
1 6008.908 -12742.99 15848.08 0 0 0 160 160 25600 5950.939 -12607.99 15742.76 4883.854 -15851.99 19255.99
3 5962.343 -12683.99 15774.56 0 45 0 59.99999 89.99998 180 5824.838 -12711.99 15637.04 7684.654 -13501.99 17637.33
1 5958.476 -12977.99 16271.23 0 0 0 409.9999 409.9999 168100 5880.467 -12722.99 15945.86 6851.374 -17721.99 19993.24
3 5774.595 -14586.63 18335.85 59.0625 0 0 80 150 400 5780.167 -14196.63 18063.63 5785.797 -17581.64 19707.78
3 5775.052 -14305 18028.38 0 0 0 70 60 100 5774.88 -14311 17910.49 5776.412 -14823 19068.4
3 5961.825 -15643.98 19956.92 0 0 0 60 100 200 5965.286 -15612.98 19941.63 5996.004 -16461.98 21461.05
3 5991.447 -15734.98 20266.14 28.125 337.5 0 130 130 250 5989.526 -15612.98 20040.76 5619.826 -17491.98 22357.02
3 5964.277 -16354.24 21446.34 0 0 0 80 150 60 5964.811 -16277.24 21156.2 5410.801 -16942.24 22344.35
3 5734.709 -16169.99 21248.99 0 0 0 120 130 300 5770.313 -16209.96 21186 5818.966 -16696.96 23263.8
3 5784.709 -16146.96 21628.99 0 0 0 70 180 230 5774.489 -16205.96 21374.62 5818.966 -16996.96 23263.8
3 5784.709 -15808.96 21808.99 0 0 0 70 300 50 5749.817 -16144.96 21690.58 5871.729 -12956.96 22136.78
3 5784.709 -15348.96 21808.99 0 0 0 100 200 90 5703.533 -15304.96 21781.75 6168.069 -16105.96 21373.62
3 5952.043 -15315.96 21676.06 0 0 0 200 200 150 6008.394 -15266.96 21622.63 4850.324 -16870.96 21677.77
3 5952.043 -15510.96 21676.06 0 0 0 100 130 140 5975.186 -15403.96 21676.66 2019.371 -18365.96 21898.66
3 5522.043 -15675.96 21676.06 0 0 33.75 500 150 80 6010.698 -15404.96 21718.38 2034.997 -19240.96 21587.19
3 3840.261 -16959 21637.14 0 0 0 300 60 160 3774.34 -16864 21670.43 1723.045 -17859 21767.62
3 3266.053 -17252 21675.19 0 0 45 500 100 80.00001 3774.34 -16864 21670.43 1723.045 -18859 21767.62
3 3055.565 -17494.03 19573.69 0 0 0 30 30 50 3150.932 -17465.03 19580.13 2011.885 -17825.03 19576.61
3 2793.894 -17510.03 19623.26 0 0 0 10 409.9999 400 2920.678 -17510.03 19609.63 2920.678 -17510.03 19589.63
3 2432.796 -18071.02 19272.84 0 0 0 80 440 500 2479.377 -17675.02 19659.95 2347.87 -26240.02 10205.4
3 2624.419 -17601.02 19748.02 0 0 0 80 90 180 2622.306 -17620.02 19960.25 2641.76 -18025.02 18593.09
3 2494.182 -19702.98 17087.7 0 0 0 200.1 500.1 400 2478.779 -19102.98 17444.77 2633.758 -25441.98 13587.96
3 2423.816 -19421.98 17446.7 0 0 0 200 300.1 600 2440.749 -19102.98 17777.66 2633.758 -22641.98 13587.96
3 2518.646 -19999.99 15252.7 0 0 0 50 40 160 2622.988 -19915.99 15212.98 2186.077 -20123.99 15198.18
3 2358.221 -19934.99 15200.68 0 0 0 120 60 60.00001 2508.642 -19825.99 15195.91 2041.084 -20118.99 15199.2
3 2203.533 -19904.99 15284.83 0 0 0 100 80 165 2136.797 -19806.99 15079.61 2221.09 -20838.99 17355.86
3 2235.592 -19763.99 15501.43 0 0 0 170 250 60.00001 2457.473 -19765.99 15515.3 1178.173 -20438.99 15441.91
3 2518.646 -19999.99 15672.7 0 0 0 50 40 300 2524.546 -19970.99 15992.45 2550.732 -20528.99 14117.36
3 2530.708 -21001.99 12391.41 0 0 0 160 160 200 2530.418 -21108.99 12563.56 2545.887 -21614.99 10691
3 2547.75 -21108.99 12044.15 0 0 0 120 210 200 2538.089 -21060.99 12000.49 2624.795 -21894.99 9854.773
3 6665.383 -14548.99 13935.19 0 0 0 140 160 100 6796.309 -14687.99 13912.49 5057.828 -14980.99 13866.4
3 2449.833 -17641.02 19751.72 0 0 0 80 90 180 2474.699 -17675.02 19924.72 2489.124 -18070.02 18494.83
3 2522.892 -18416.02 18834.03 0 0 0 80 440 300 2479.377 -17675.02 19659.95 2347.87 -29000 10205.4
3 2530.326 -20877 11428.42 0 0 0 130 50 100 2534.088 -20910 11492.33 2547.698 -21940 10260.4
3 2511.705 -21764 11097.91 0 0 0 200 450 200 2523.849 -22540 10300.8 2547.433 -20675 12347
3 2519.592 -22134 10648.83 0 0 0 200 450 100 2523.849 -22840 10300.8 2547.433 -21275 11547
3 2529.836 -20974 11233.73 0 0 0 15 10 15 2532.359 -21237 11244.18 2528.967 -21390 11225.95
3 2465.836 -20974 11233.73 0 0 0 15 10 15 2467.359 -21237 11244.18 2465.967 -21390 11225.95
3 2597.609 -20974 11232.8 0 0 0 15 10 15 2573.159 -21237 11238.62 2571.967 -21390 11225.95
1 2457.604 -23178 9702.628 0 0 0 309.9999 309.9999 96099.96 2596.681 -23190 9755.112 2533.035 -23250 10126.15
1 2422.497 -23108 9379.802 0 0 0 409.9999 409.9999 168100 2532.737 -23105 9428.012 2532.232 -23385 8974.213
1 6532.639 -14795.96 13605.45 0 0 0 100 100 10000 6490.64 -14762.96 13620 7119.082 -15025.96 13969.26
3 2439.604 -18016.02 19401.15 0 0 0 30.1 240 250 2479.377 -17675.02 19659.95 2347.87 -29400 10205.4
3 4180.155 -6524.732 4119.723 74.53125 0 316.4063 200 170.1 550 3904.128 -6599.732 4075.743 3647.614 -9292.732 5323.793
3 3852.97 -6814.732 4185.011 52.03125 0 316.4063 200 170.1 450 3904.128 -6599.732 4075.743 3647.614 -9292.732 5323.793
1 6344.063 -14348 13759.91 0 0 0 60 60 3600 6296.505 -14181 13708.27 7386.14 -14529 13737.09
1 6237 -14110 13901.07 0 0 0 120 120 14400 6312.484 -14006 13820.89 5066.933 -14802 15185.32
3 5890.072 -13771 14160.69 0 45 0 50.00001 100 50.00001 5837.399 -13769 14171.97 12335.41 -16774 14997.55
3 5907.569 -13456 14330.09 0 45 0 210 130 60.00001 5856.783 -13469 14348.88 375.9408 -18391 19245.92
3 5775.538 -15038 18704.82 0 0 0 50 20 160 5759.274 -15230 19189.5 5777.495 -15458 19310.69
1 5776.457 -15152 18915.58 0 0 0 160 160 25600 5773.98 -14990 18826.33 5777.495 -15758 19310.69
3 2982.257 -929.0153 -285.3868 0 14.0625 0 110.1 100.1 250 3017.257 -849.0153 -53.59719 2966.507 -1739.015 -2121.509
1 5808.526 -15292 19231.02 0 0 0 150 150 22500 5767.786 -15230 19177.24 5777.495 -16358 21510.69
1 5768.75 -14190.25 17667.63 0 0 0 100 100 10000 5795.234 -14321.25 17624.64 5795.234 -14321.25 17604.64
1 2474.93 -21190.74 13803.39 0 0 0 1000 1000 1000000 2535.563 -21161.74 13308.61 2537.556 -22189.74 11987.96
1 1699.037 -19752.74 15430.4 0 0 0 400 400 160000 1836.831 -19798.74 15528.1 235.5231 -22732.74 14026
1 1506.109 -20137.74 15127.23 0 0 0 300 300 90000 1456.391 -19888.74 15282.88 1790.001 -22382.74 13575.62
1 1413.001 -20647.74 14746.27 0 0 0 400 400 160000 1256.215 -20264.74 14977.69 8892.588 -28402.74 7160.703
3 2530.619 -21146.99 12705.86 0 0 0 160 210 200 2530.418 -21108.99 12563.56 2545.887 -22014.99 10691
1 1748.658 -20797.74 14271.49 0 0 0 500 500 250000 1398.699 -20308.74 14615.49 9290.425 -27432.74 7623.634
3 2580.31 -22854 10286.75 0 0 0 200 450 100 2523.849 -22830 10300.8 2547.433 -20075 12147
3 2536.513 -21693 11123.66 0 0 0 200 450 200 2523.849 -22840 10300.8 2547.433 -21275 11747
1 4608.054 -1740.016 969.7785 0 0 0 100 100 10000 4601.959 -1721.016 906.0213 4605.054 -1980.016 1389.778
1 4650.977 -8430.552 5192.261 0 0 0 600 600 360000 5018.887 -8607.552 5022.069 6278.976 -11672.55 4433
1 5199.089 -9012.956 4908.298 0 0 0 359.9999 359.9999 129600 5845.318 -9411.956 5429.461 6446.866 -11076.96 5412.267
1 4300.941 -2736.967 3121.265 0 0 0 230 230 52899.99 4306.272 -1629.967 1203.494 4272.568 -4600.967 4245.479
3 3190.83 -749.0153 -586.6242 0 0 0 50.09999 140.1 200 3193.638 -624.0153 -394.1656 3106.814 -1949.015 -3149.971
3 5776.649 -15661.67 20270.21 0 0 0 50 100 300 5775.689 -15623.67 20246.55 5768.76 -17541.67 22082.43
3 5725.814 -15846.67 20600.49 45 354.375 0 50 100 200 5775.689 -15623.67 20246.55 5768.76 -17541.67 22082.43
3 5833.863 -15292 19478.72 0 0 0 500 700 10 5755.052 -15725 21106.36 5777.495 -16758 22110.69
3 5749.602 -15403.98 19854.77 0 0 0 120 300 400 5841.66 -15342.98 19327.86 5996.004 -17461.98 21461.05
3 5781.76 -15973.96 21415.83 0 0 0 300 500 10.00001 5782.885 -15414.96 21646.74 -2550.677 -22471.96 21871.7
1 3008.376 -17688.97 21354.96 0 0 0 430 430 184900 2853.024 -17659.97 21089.23 2514.113 -17919.97 20689.13
1 2688.402 -17706.97 20930.61 0 0 0 200 200 40000 2895.41 -17659.97 20999.68 1816.333 -18059.97 20951.93
1 2417.246 -17953.97 20483.01 0 0 0 400 400 160000 2486.595 -17869.97 20456.37 2514.007 -19154.97 17340.8
1 2623.104 -17723.97 20810.84 0 0 0 100 100 10000 2511.04 -17664.97 20800.88 2869.17 -19154.97 17382.79
3 2561.14 -17626.97 20830.32 0 0 0 500 500 20 2511.04 -17664.97 20800.88 2869.17 -19154.97 17382.79
3 4071.988 -3164.507 4019.291 0 22.5 0 300 300 300 4290.135 -3224.507 3688.307 3236.609 -5793.507 4436.859
3 3926.039 -3723.507 4019.885 0 22.5 0 330 360 330 4290.135 -3224.507 3688.307 3236.609 -5593.507 4436.859
3 4335.05 -1527.918 815.9931 0 0 0 50 20 50 4313.673 -1463.918 772.7188 5147.001 -2377.918 1126.257
3 4351.674 -3492.984 3580.856 22.5 0 0 80 100 200 4302.769 -3353.984 3448.026 4357.085 -3860.984 4005.04
1 4438.773 -3688.97 3824.345 0 0 0 240 240 57600 4397.606 -3472.97 3827.388 4590.204 -3669.97 3530.936
1 4645.976 -3027.798 3418.684 0 0 0 289.9999 289.9999 84099.98 4341.805 -2987.798 3354.59 4112.024 -4347.798 4392.942
1 4264.175 -3293.507 3663.219 0 0 0 100 100 10000 4290.135 -3224.507 3688.307 3236.609 -5793.507 4436.859
1 2491.378 -26481.5 7942.314 0 0 0 200 200 40000 2624.099 -26495.5 7893.941 2599.347 -26495.5 7985.347
1 2526.672 -26421.5 7595.85 0 0 0 250 250 62500 2531.226 -26340.5 7748.866 2535.72 -26790.5 7295.145
1 2545.807 -26515.48 7501.487 0 0 0 140 140 19600 2532.456 -26483.48 7494.941 2536.059 -26585.48 7034.552
1 6205.392 -14393 13763.95 0 0 0 60 60 3600 6217.618 -14358 13714.23 6217.618 -14358 13694.23
1 5490.058 -12924.74 15556.23 0 0 0 60 60 3600 5489.997 -12857.74 15640.59 5489.997 -12857.74 15620.59
1 5842.688 -12507.99 15699.99 0 0 0 160 160 25600 5858.692 -12607.99 15678.9 8135.842 -15883.99 18044.37
1 5505.88 -12985 15691.28 0 0 0 50 50 2500 5547.751 -12916 15687.14 5087.771 -13216 15731.05
3 5387.804 -12947.74 15586.46 0 0 0 75 75 60 5372.7 -12915.74 15651.49 5592.922 -13124.74 15431.43
3 6522.519 -11380.95 5605.686 0 340.3125 0 400 1000 400 6585.897 -11114.95 5767.39 7633.567 -17132.95 6606.173
1 7846.378 -11678.71 8129.236 0 0 0 500 500 250000 7695.687 -11043.71 7858.121 8928.479 -13753.71 9408.779
1 8141.708 -12438.71 8916.936 0 0 0 900 900 810000 8558.911 -12233.71 8874.991 2585.16 -23053.71 13377.44
1 7855.188 -13333.71 9403.647 0 0 0 760 760 577600 7167.108 -13543.71 9652.273 141.5448 -29893.71 -474.0951
3 7823.455 -10969 6922.347 270 0 0 140 309.9999 360 7829.21 -10902 6932.342 7824.067 -18172 15915.14
3 7215.936 -13795.97 9467.451 315 28.125 0 150 160 400 7022.12 -13869.97 9523.621 7007.882 -16754.97 6545.127
3 6701.055 -13982.96 8857.977 0 0 0 110 167 50.00001 6692.401 -14023.96 8844.003 6681.689 -14699.96 9992.163
1 5861.468 -13802 14354.65 0 0 0 100 100 10000 5779.208 -13834 14420.37 10137.29 -18824 8042.258
1 5898.582 -13843 14170.62 0 0 0 60 60 3600 5913.566 -13825 14196.32 5913.566 -13825 14176.32
1 5837.205 -13923 14262.04 0 0 0 50 50 2500 5793.566 -13753 14218.6 5913.566 -13825 14176.32
1 5805.39 -13944 14344.71 0 0 0 50 50 2500 5913.566 -13825 14196.32 5913.566 -13825 14176.32
1 5845.429 -14004 14406.25 0 0 0 90 90 8100 5913.566 -13825 14196.32 5913.566 -13825 14176.32
3 5727.043 -13184.31 14375.2 0 45 0 90.00001 290 120 5851.208 -13294.31 14349.78 3567.746 -14549.31 14592.49
1 6035.529 -13560 14148.49 0 0 0 80 80 6400 6028.135 -13780 14196.83 6028.135 -13780 14176.83
1 5888.304 -13590 14315.16 0 0 0 80 80 6400 6028.135 -13780 14196.83 6028.135 -13780 14176.83
1 5970.696 -13566 14226.4 0 0 0 80 80 6400 6028.135 -13780 14196.83 6028.135 -13780 14176.83
1 6134.291 -13720 14138.68 0 0 0 80 80 6400 6028.135 -13780 14196.83 6028.135 -13780 14176.83
1 6009.259 -13823 14221.15 0 0 0 80 80 6400 6028.135 -13780 14196.83 6028.135 -13780 14176.83
3 5776.649 -15681.67 19970.21 0 0 0 50 30 280 5775.689 -15623.67 20246.55 5768.76 -16541.67 22082.43
1 2883.35 -17734.84 20357.56 0 0 0 80 80 6400 2892.932 -17675.84 20394.44 1990.071 -18639.84 19692.35
3 2677.202 -17719.84 20139.31 0 0 0 100 200 200 2696.478 -17675.84 20423.91 2456.229 -19089.84 17296.11
1 2794.561 -17648.97 21700.32 0 0 0 130 130 16900 2867.5 -17569.97 21800.48 2714.113 -18319.97 20689.13
1 2887.478 -17693.21 21595.33 0 0 0 70 70 4900 2983.383 -17583.21 21583.29 2351.905 -18041.21 21856.17
3 2447.828 -17769.84 21037.27 0 0 0 100 200 200 2514.65 -17605.84 21156.82 2249.698 -19089.84 17026.36
3 4286.878 -2660.002 2864.957 0 0 0 90 30 50 4272.168 -2528.002 2778.401 4339.531 -2660.002 2846.534
1 6206.996 -14420 13703.63 0 0 0 80 80 6400 6217.618 -14358 13714.23 6217.618 -14358 13694.23
1 6310.991 -14463 13707.1 0 0 0 50 50 2500 6217.618 -14358 13714.23 6217.618 -14358 13694.23
1 6122.18 -13382.39 16666.47 0 0 0 700 700 490000 6246.147 -13349.39 16560.69 5878.836 -16164.39 18816.88
1 6043.547 -13997.39 16986.27 0 0 0 600 600 360000 5760.508 -13824.39 17167.03 6001.711 -16624.39 19910.16
3 5778.901 -14305 17789.56 0 0 0 70 60 150 5774.88 -14311 17910.49 5776.412 -14923 19068.4
1 5768.75 -14190.25 17917.63 0 0 0 100 100 10000 5795.234 -14321.25 17624.64 5795.234 -14321.25 17604.64
3 5775.212 -16188.91 21763.23 337.5 0 0 50 50 120 5825.111 -16184.91 21747.04 5825.111 -16184.91 21727.04
3 3254.559 -16862 21743.25 0 0 45 500 200 200 3774.34 -16864 21670.43 1723.045 -19159 21767.62
3 2651.545 -17601.02 19535.93 0 0 0 80 90 80.00001 2500.087 -17515.02 19587.31 7608.083 -19915.02 19670.92
3 2622.097 -17436.02 19531.28 0 0 0 110 90 80.00001 2755.597 -17383.02 19541.76 430.3102 -19915.02 19764.75
3 2518.91 -21146.99 13106.56 0 0 0 170 210 240 2605.326 -20768.99 13679.88 2545.887 -23014.99 10691
1 2530.061 -20937.93 11773.82 0 0 0 80 80 6400 2527.941 -21012.93 11877.67 2527.941 -21012.93 11857.67
1 2530.061 -20956.93 11530.82 0 0 0 60 60 3600 2527.941 -21012.93 11877.67 2527.941 -21012.93 11857.67
3 3068.596 -794.0153 -549.0188 0 0 0 200.1 150.1 50.09999 2946.465 -679.0153 -462.5454 5528.557 -2539.015 -2176.521
3 5930.878 -13956 14273.46 0 45 0 90 30 70.00001 6175.774 -13924 14015.44 2694.53 -15924 17159.94
1 6503.329 -14567.39 13904.72 0 0 0 100 100 10000 6558.118 -14701.39 13930.2 99.13868 -15436.39 13260.29
1 5845.625 -13916 14272.77 0 0 0 55 55 3025 5719.167 -13803 14252.44 6238.474 -14170 14203.39
3 5979.852 -16269.24 21279.02 0 0 0 60 150 200 5975.413 -16322.24 21199.02 5911.439 -16907.24 22723.28
3 5943.586 -16354.24 21341.83 0 0 0 120 150 160 5995.492 -16322.24 21198.93 5683.118 -16447.24 21432.89
1 5776.245 -14321 17970.88 0 0 0 9.999998 9.999998 99.99998 5774.88 -14311 17910.49 5776.412 -14823 19068.4
3 6708.795 -14263 8650.222 0 0 0 40.09999 15.1 45 6790.947 -14247 8651.472 5615.771 -14307 8650.047
3 2470.557 -17763.97 20048.68 29.53125 0 0 30.00001 50.00001 130 2486.595 -17869.97 20456.37 2514.007 -18154.97 17340.8
1 6839.745 -10000.96 5494.408 0 0 0 340.9999 340.9999 116281 6425.486 -9596.956 5415.106 7740.165 -13746.96 5641.522
1 7035.813 -10351.96 5577.842 0 0 0 480.9999 480.9999 231361 7146.939 -10284.96 5484.722 7933.236 -11836.96 9247.177
1 7405.055 -10454.96 6118.955 0 0 0 360.9999 360.9999 130321 7342.72 -10351.96 6182.953 11163.78 -12936.96 6304.778
1 3922.267 -819.9798 -646.9957 0 0 0 180 180 32400 4121.618 -1125.98 87.43192 4173.173 -2664.98 1406.397
1 3161.623 -509.9798 -695.2318 0 0 0 180 180 32400 3027.045 -285.9798 -746.2998 5538.56 -3814.98 -337.5091
3 3305.478 -534.0153 -694.8734 0 0 0 100.1 300.1 200 2346.167 -454.0153 9.090741 3851.8 -1445.015 -17.40766
1 3433.554 -16849.68 21314.48 0 0 0 250 250 62500 3295.56 -16944.68 21254.59 5352.036 -16619.68 21224.29
1 3801.347 -16759.68 21202.88 0 0 0 250 250 62500 3295.56 -16944.68 21254.59 5352.036 -16619.68 21224.29
1 4141.967 -16694.68 21236.3 0 0 0 230 230 52900 4223.243 -16729.68 23546.81 4195.543 -17429.68 25075.65
1 4172.609 -16694.68 22072.56 0 0 0 230 230 52900 4223.243 -16729.68 23546.81 4195.543 -17429.68 25075.65
1 4211.049 -16568.68 22896.94 0 0 0 800 800 640000 4223.243 -16729.68 23546.81 4195.543 -17429.68 25075.65
1 4214.377 -16778.68 24132.4 0 0 0 600 600 360000 4201.297 -16729.68 24272.86 4207.041 -17552.68 26700.42
3 4199.971 -16723.68 24059.19 0 0 0 100 70.00001 170 4207.353 -16714.1 24148.82 4202.993 -16717.63 24222.59
3 4191.694 -16618.68 24178.21 0 0 0 190 90.00001 50.00001 4208.75 -16717.81 24136.13 4191.515 -16724.11 24210.19
3 3972.695 -16718.68 24182.21 0 0 344.5313 190 90.00001 50.00001 4208.75 -16717.81 24136.13 4191.515 -16724.11 24210.19
3 4436.694 -16698.68 24179.21 0 0 0 190 190 50 4236.582 -16668.98 24075.52 4241.689 -16670.9 24157.22
3 5481.735 -16259.99 21293.34 0 0 0 120 180 330 5609.16 -16179.96 21165.63 5184.003 -17736.96 23493.93
1 5541.116 -16399.99 21690.45 0 0 0 230 230 52900 5631.086 -16259.96 21719.72 2649.883 -18686.96 21931.42
1 5493.74 -16389.73 21723.88 0 0 0 190 190 36100 5544.833 -16283.74 21725.99 5480.378 -16442.73 21778.43
1 5483.003 -16406.73 21745.2 0 0 0 120 120 14400 5544.833 -16283.74 21725.99 5480.378 -16442.73 21778.43
1 2884.985 -17522 19558.36 0 0 0 30 30 900 2859.349 -17510 19593.49 2859.349 -17510 19573.49
1 2461.589 -17420.13 19461.21 0 0 0 130 130 16900 2436.368 -17343.13 19576.06 2843.642 -21238.13 17272.39
3 5585.149 -13114.31 14433.33 0 45 0 100 230 120 5501.899 -13149.31 14247.78 7283.851 -14899.31 19288.56
3 6488.437 -14202 13743.79 0 0 0 60.00001 40.00001 40 6491.526 -14184 13675.7 5968.033 -16265 17136.98
3 5473.995 -13209.31 14652.78 0 90 0 80 50.00001 270 5475.477 -13164.31 14625.92 -1972.985 -17889.31 15032.11
3 5429.712 -12964.31 14782.38 0 0 0 300 220 300 5663.238 -13149.31 14252.72 5414.973 -15119.31 18306.28
3 5546.656 -12744.31 14867.46 0 0 0 300 200 200 5398.882 -12744.31 14750.41 5211.833 -16519.31 18996.93
1 6697.695 -14733.98 12349.08 0 0 0 35 35 1225 6762.942 -14737.98 12376.71 6762.942 -14737.98 12356.71
1 5925.055 -13574 14281.2 0 0 0 80 80 6400 6028.135 -13780 14196.83 6028.135 -13780 14176.83
3 5463.383 -12894.31 15173.34 0 0 0 200 300 200 5663.238 -13149.31 14252.72 5414.973 -14519.31 18306.28
3 5498.553 -12819.31 15297.65 0 0 0 100 200 160 5445.365 -12724.31 15030.74 5414.973 -14719.31 18306.28
3 5712.264 -12944.31 14330.95 0 45 0 180 230 120 5501.899 -13149.31 14247.78 7283.851 -14899.31 19288.56
3 5435.802 -13249.31 15082.88 0 0 0 110 100 300 5663.238 -13149.31 14252.72 5414.973 -14719.31 18306.28
3 5747.555 -12969.31 14510.42 0 0 0 100 300 70 5501.899 -13149.31 14247.78 7283.851 -14899.31 19288.56
3 2463.194 -19101.98 17921.9 0 0 0 200 300.1 600 2440.749 -19102.98 17777.66 2633.758 -22641.98 13587.96
3 2449.458 -19033.98 17970.77 0 0 0 100 60.09998 250 2440.749 -19102.98 17777.66 2633.758 -20941.98 13587.96
3 2443.792 -19709.99 15504.52 0 270 0 170 250 60.00001 2457.473 -19765.99 15515.3 1178.173 -20438.99 15441.91
1 6344.063 -14348 13759.91 0 0 0 60 60 3600 6296.505 -14181 13708.27 7386.14 -14529 13737.09
3 5806.539 -14096 14145.82 0 45 0 220 130 130 5967.882 -13984 13920.11 2852.32 -15824 17501.69
1 5480.599 -12855 15693.65 0 0 0 110 110 12100 5552.542 -12816 15752.93 5224.285 -13481 14794.69
1 5568.432 -15885.31 19142.51 0 0 0 200 200 40000 5692.085 -15786.31 19079.77 5362.193 -16561.31 19927.27
3 3513.001 -16979 21505.14 0 0 0 100 60 60.00001 3774.34 -16864 21670.43 1723.045 -17859 21767.62
1 3359.988 -16924.68 21432.74 0 0 0 150 150 22500 3234.814 -16979.68 21570.64 5287.566 -16989.68 19826.11
3 5513.882 -13042.31 15669.72 0 0 0 70 60 50.00001 5590.147 -12996.31 15525.92 4783.996 -13887.31 16937.75
3 2533.586 -20847 11316.63 0 0 0 130 100 110 2534.86 -20910 11422.33 2598.06 -24100 5698.741
3 2533.293 -20956 11346.67 0 0 0 130 20 50 2534.86 -20910 11422.33 2598.06 -24100 5698.741
1 5416.828 -12971.74 15595.61 0 0 0 55 55 3025 5489.997 -12857.74 15640.59 5489.997 -12857.74 15620.59
3 6775.501 -14537.96 12108.94 0 0 0 30 50.09999 25.00001 6696.916 -14515.96 12093.69 13317.91 -17000.96 14247.21
3 6625.501 -14537.96 12108.94 0 0 0 30 50.09999 25.00001 6696.916 -14515.96 12093.69 13317.91 -17000.96 14247.21
3 4281.971 -16723.68 24259.19 0 0 0 30.09999 60.00001 30.00001 4200.001 -16716.8 24235.01 4336.391 -16772.13 24291.39
3 4131.971 -16723.68 24259.19 0 0 0 30.09999 60.00001 30.00001 4200.001 -16716.8 24235.01 4336.391 -16772.13 24291.39
3 2538.103 -20968.99 11558.42 0 0 0 170 210 320 2531.462 -21034.99 11545.43 2600.341 -21714.99 7640.579
3 2456.569 -21028.99 11475.4 0 0 0 30.00001 69.99998 30.00001 2530.732 -21005.99 11490.01 2586.341 -21114.99 11140.58
3 2606.569 -21028.99 11475.4 0 0 0 30.00001 69.99998 30.00001 2530.732 -21005.99 11495.01 2586.341 -21114.99 11140.58
3 6158.072 -9892.956 5597.833 21.09375 355.7813 286.875 590.9999 160 50.00001 6280.614 -10356.96 5699.629 9474.262 -23776.96 6644.905
1 6039.267 -9412.956 5698.694 0 0 0 290.9999 290.9999 84680.96 6280.614 -10356.96 5699.629 9474.262 -23776.96 6644.905
1 5823.203 -9402.956 5722.699 0 0 0 290.9999 290.9999 84680.96 6280.614 -10356.96 5699.629 9474.262 -23776.96 6644.905
3 6271.589 -10332.96 5689.875 22.5 355.7813 279.8438 290.9999 160 90.00001 6280.614 -10356.96 5699.629 9474.262 -23776.96 6644.905
3 6676.535 -12810.95 6743.92 315 340.3125 0 700 1000 800 6295.771 -12014.95 5737.328 7705.582 -24314.95 14194.8
3 6898.268 -13755.95 7460.896 315 340.3125 0 700 1000 800 6789.455 -13544.95 7168.344 8520.757 -30000 25402.51
3 6641.229 -14996.96 13786.5 0 0 0 160 90 200 6640.226 -14955.96 13612.09 6625.818 -15300.96 14391.63
3 6634.823 -14927.96 13836.69 0 0 0 10.00001 90 10.1 6640.226 -14955.96 13612.09 6625.818 -15300.96 14391.63
3 6637.673 -14701 13924.48 354.375 0 0 150 10.1 60 6217.618 -14358 13714.23 6217.618 -14358 13694.23
3 6641.387 -14900.96 13923.29 0 0 0 150 5.000001 60 6652.692 -14900.96 13915.26 6633.04 -14925.96 12732.32
1 6635.153 -14821.68 13835.11 0 0 0 17 17 289 6635 -14881.68 13907.74 6635 -14881.68 13887.74
3 6700.851 -14429.96 11940.62 0 0 0 80 60.09999 149 6807.12 -14390.96 11939.18 6681.689 -17000.96 20392.16
3 6691.213 -14524.96 11713.15 0 0 0 60 40.09999 200 6704.906 -14515.96 11960.98 6681.689 -17000.96 20392.16
3 6692.604 -14431.96 11748.1 0 0 0 70 60.09999 50.00001 6704.906 -14515.96 11960.98 6681.689 -17000.96 20392.16
3 5778.901 -14210 17774.56 0 0 0 70 60 55 5774.982 -14207 17674.28 5911.116 -14908 20116.04
3 5778.901 -14210 17874.56 0 0 0 70 60 65 5845.524 -14198 17951.38 5016.007 -15188 17898.93
1 5692.88 -14270.25 17645.63 0 0 0 70.00001 70.00001 4900.001 5795.234 -14321.25 17624.64 5795.234 -14321.25 17604.64
1 5857.561 -14265.25 17654.44 0 0 0 70.00001 70.00001 4900.001 5795.234 -14321.25 17624.64 5795.234 -14321.25 17604.64
3 5779.027 -14210 17681.55 0 0 0 70 60 42 5774.514 -14187 17573.44 5794.171 -15188 19589.22
1 5843.251 -14276.25 17943.37 0 0 0 50.00001 50.00001 2500 5795.234 -14321.25 17624.64 5795.234 -14321.25 17604.64
1 5707.836 -14283.25 17937.21 0 0 0 50.00001 50.00001 2500 5795.234 -14321.25 17624.64 5795.234 -14321.25 17604.64
3 2538.103 -20887.99 11725.42 0 0 0 100 110 80.00001 2413.75 -20909.99 11787.72 2600.341 -21714.99 7640.579
3 2538.103 -20887.99 11585.42 0 0 0 100 110 80.00001 2411.667 -20944.99 11674.84 2600.341 -21714.99 7640.579
1 5767.955 -13961 14338.16 0 0 0 75 75 5625 5719.167 -13803 14252.44 6354.548 -14495 14544.62
3 4192.639 -16723.68 23864.34 0 0 0 100 70.00001 170 4204.232 -16726 23808.33 4206.078 -16944.99 25234.5
3 4192.639 -16628.68 24013.34 0 0 0 100 70.00001 90.00001 4273.897 -16594.88 23913.19 4208.976 -16744.9 23937.02
3 4192.708 -16628.68 24158.34 0 0 0 100 70.00001 70.00001 4316.713 -16594.88 24124.63 4208.976 -16744.9 23937.02
1 6679.243 -14384.49 12148.63 0 0 0 10 10 100 6679.998 -14384.49 12169.28 6679.998 -14384.49 12149.28
3 6103.923 -13732.99 14130.34 0 315 0 20 15 10 6042.33 -13687.99 14094.53 6905.162 -14181.99 14331.39
1 6541.639 -14727.39 13936.02 0 0 0 90.00001 90.00001 8100.001 6558.118 -14701.39 13930.2 99.13868 -15436.39 13260.29
3 6384.548 -14773.39 13915.54 0 0 0 100 180 60 6372.576 -14649.39 13868.8 12961.79 -26436.39 17829.37
1 6566.651 -14737.39 14005.47 0 0 0 130 130 16900 6558.118 -14701.39 13930.2 99.13868 -15436.39 13260.29
3 6675.47 -14801 13623.21 5.625 0 0 190 25.1 60 6217.618 -14358 13714.23 6217.618 -14358 13694.23
3 7804.357 -11070 6894.319 18.28125 0 0 10 10 40.00001 7851.112 -11255 7041.688 7851.112 -11255 7021.688
3 7804.357 -11156 7009.319 42.89063 0 0 10 10 110 7851.112 -11255 7041.688 7851.112 -11255 7021.688
3 1.261597 -125 6.175278 0 0 0 200 130 100 -74.00328 2 -5.041639 -74.00328 2 -25.04164
1 -63.77794 -0.015312 3.212049 0 0 0 50.00001 50.00001 2500.001 104.2863 8.984688 -0.06423056 -244.8759 0.9846649 0.2892075
3 6632.9 -14655.99 13839.43 0 0 0 11.00001 20.09999 11.09999 6633.297 -14599.99 13842.95 5552.73 -15980.99 15116.75
3 2475.13 -20074.99 15826.67 0 0 0 50 40 150 2370.389 -20005.99 15882.86 2550.732 -20528.99 14117.36
3 2467.093 -19939.99 15795.9 0 0 0 110 100 150.1 2524.546 -19970.99 15992.45 2550.732 -20528.99 14117.36
3 2525.486 -19799.99 15562.39 0 0 0 40 80 400.1 2528.303 -19720.99 15722.45 2550.732 -20928.99 14117.36
3 2540.458 -20134.99 14819.75 315 2.8125 0 70 80 400.1 2532.295 -19825.99 15064.54 2576.321 -21828.99 13590.99
3 2523.582 -20459.99 14475.73 331.875 357.1875 0 70 80 400.1 2547.362 -20340.99 14559.73 2610.561 -21828.99 12723.09
3 2472.161 -17896.02 19852.45 15.46875 0 0 80 90 250 2476.793 -17870.02 19964.43 2519.124 -18470.02 18494.83
