1 -0.052291 581.0007 60.04564 0 0 0 7 7 49 0.131958 677.0007 77.72395 0.131958 -591.9993 -419.276
3 0.876066 625.2307 55.94349 0 0 0 20 20 30 -2.587792 640.201 100.4031 1.876066 614.2307 55.94349
3 -24.12394 596.2307 55.94349 0 0 0 9.999998 40 30 -6.328131 630 124.5614 1.876066 614.2307 55.94349
3 25.87607 596.2307 55.94349 0 0 0 9.999998 40 30 18.14589 625.3909 58.3847 1.876066 614.2307 55.94349
3 0.876066 556.2307 55.94349 0 0 0 20 10 30 -64.92013 630 -131.4967 1.876066 614.2307 55.94349
1 -0.258588 604 -0.388711 0 0 0 50 50 2500 -0.571311 630 155.6029 -0.571311 630 135.6029
1 -0.258588 572 -0.388711 0 0 0 50 50 2500 -0.571311 630 155.6029 -0.571311 630 135.6029
1 -0.444826 600 110.559 0 0 0 50 50 2500 -0.571311 630 155.6029 -0.571311 630 135.6029
1 -50.44482 600 90.55897 0 0 0 50 50 2500 -0.571311 630 155.6029 -0.571311 630 135.6029
1 49.55518 600 90.55897 0 0 0 50 50 2500 -0.571311 630 155.6029 -0.571311 630 135.6029
1 89.55518 600 60.55897 0 0 0 50 50 2500 -0.571311 630 155.6029 -0.571311 630 135.6029
1 -90.44483 600 60.55897 0 0 0 50 50 2500 -0.571311 630 155.6029 -0.571311 630 135.6029
1 -0.444826 600 -110.4411 0 0 0 50 50 2500 -0.571311 630 155.6029 -0.571311 630 135.6029
1 -50.44482 600 -90.44107 0 0 0 50 50 2500 -0.571311 630 155.6029 -0.571311 630 135.6029
1 -90.44483 600 -60.44107 0 0 0 50 50 2500 -0.571311 630 155.6029 -0.571311 630 135.6029
1 49.55517 600 -90.44107 0 0 0 50 50 2500 -0.571311 630 155.6029 -0.571311 630 135.6029
1 89.55518 600 -60.44107 0 0 0 50 50 2500 -0.571311 630 155.6029 -0.571311 630 135.6029
1 108.0765 602 -0.705184 0 0 0 50 50 2500 -0.571311 630 155.6029 -0.571311 630 135.6029
1 -103.9235 602 -0.705184 0 0 0 50 50 2500 -0.571311 630 155.6029 -0.571311 630 135.6029
1 -1.564676 606 -170.7265 0 0 0 70 70 4900 -64.92013 630 -111.4967 -64.92013 630 -131.4967
3 -0.262136 598.6 399.3528 0 0 0 50 30 30 -0.028656 677.6 363.2567 -0.466643 175.6 475.2169
3 3.308992 764.4688 404.4831 0 0 0 50 23 25 -0.001358 827.4688 410.9989 -0.001358 737.4688 399.9989
3 3.308992 826.4688 418.4831 0 0 0 50 57 45 -0.001358 827.4688 410.9989 -0.001358 737.4688 399.9989
1 -0.001358 815.012 399.9989 0 0 0 10 10 100 -0.001358 819.012 419.9989 -0.001358 761.012 -0.001131
3 3.308992 764.4688 -5.516953 0 0 0 50 23 25 -0.001358 827.4688 0.998764 -0.001358 737.4688 399.9989
3 3.308992 826.4688 8.483047 0 0 0 50 57 45 -0.001358 827.4688 0.998763 0.087718 747.4688 -342.8403
1 -0.001358 815.012 -10.00124 0 0 0 10 10 100 -0.001358 819.012 0.998763 -0.001358 672.012 -420.0012
3 3.308992 826.4688 -171.517 0 0 0 50 57 45 -0.018615 817.4688 -108.0012 0.384917 726.4688 -1117.84
3 3.308992 764.4688 -165.517 0 0 0 50 23 25 -0.001358 827.4688 -153.0012 -0.001358 737.4688 399.9989
1 2.933567 308.6442 -1270.881 0 0 0 70 70 4900 32.14598 345.6442 -1297.119 32.14598 345.6442 -1317.119
1 -0.7410229 -1.162628 -1522.941 0 0 0 60 60 3600 0.9684269 -77.16262 -1412.471 0.9684269 -77.16262 -1432.471
1 -0.7410229 -141.1626 -1522.941 0 0 0 60 60 3600 0.9684269 -77.16262 -1412.471 0.9684269 -77.16262 -1432.471
1 62.53744 -70.16262 -1665.306 0 0 0 60 60 3600 0.9684269 -77.16262 -1412.471 0.9684269 -77.16262 -1432.471
1 -0.0284 637.3954 1.11262 0 0 0 30 30 900 0.471336 662.3954 61.79929 19.25941 547.3954 -1224.493
1 -1.35151 767 -99.60977 0 0 0 40 40 1600 7.075726 790 -32.12062 7.075726 790 -52.12062
1 1.677555 -67.65136 -373.8534 0 0 0 130 130 16900 26.21529 -139.6514 -520.8694 26.21529 -139.6514 -540.8694
1 0.142585 678 -100.8477 0 0 0 37 37 1369 14.13713 660 -154.6901 14.13713 660 -174.6901
1 -0.343151 691 -57.68482 0 0 0 37 37 1369 14.13713 660 -154.6901 14.13713 660 -174.6901
1 0.478799 713 -0.696526 0 0 0 37 37 1369 14.13713 660 -154.6901 14.13713 660 -174.6901
3 -5.621529 842.4688 371.7111 0 0 0 50 57 15 -0.001358 827.4688 410.9989 2.498262 737.4688 -424.7909
3 426.3166 -102.4435 -1733.565 0 0 0 60 140 160 357.6859 -95.44347 -1656.16 431.2171 -216.4435 -1737.137
3 371.5861 1.563995 -1741.57 0 0 0 140 40 150 456.3365 3.564 -1752.951 456.3365 3.564 -1772.951
1 -0.997695 785.4688 327.7508 0 0 0 20 20 400 -0.001358 827.4688 410.9989 2.498262 737.4688 -424.7909
3 -3.589624 717.4688 330.9361 270 0 0 50 127 15 -0.001358 827.4688 410.9989 2.498262 737.4688 -424.7909
3 -14.27383 766.4688 250.8325 270 0 0 50 37 15 -0.001358 827.4688 410.9989 2.498262 737.4688 -424.7909
3 2.339535 2.27808 204.2064 0 0 0 60 6 40 16.25677 42.27808 218.7405 16.25677 42.27808 198.7405
3 2.339535 -13.72192 204.2064 0 0 0 60 6 40 -1.020513 49.27807 161.3548 -0.957427 -41.72192 197.589
1 -119.6957 -15.00943 4.101614 0 0 0 80 80 6400 -67.47706 40.99057 4.393322 -67.47706 40.99057 -15.60668
1 116.3141 -15.00943 -1.65649 0 0 0 80 80 6400 -67.47706 40.99057 4.393322 -67.47706 40.99057 -15.60668
1 -2.590017 -15.00943 124.8172 0 0 0 80 80 6400 -67.47706 40.99057 4.393322 -67.47706 40.99057 -15.60668
1 2.165479 -15.00943 -123.6726 0 0 0 80 80 6400 -67.47706 40.99057 4.393322 -67.47706 40.99057 -15.60668
1 1.619047 -6.477943 0.263126 0 0 0 180 180 32400 36.69411 28.52206 93.4947 36.69411 28.52206 73.4947
1 -78.83601 13.58746 82.4245 0 0 0 50 50 2500 -46.79866 27.58746 115.349 -46.79866 27.58746 95.34904
1 -80.25349 13.58746 -83.56551 0 0 0 50 50 2500 -46.79866 27.58746 115.349 -46.79866 27.58746 95.34904
1 80.53397 13.58746 -86.59102 0 0 0 50 50 2500 -46.79866 27.58746 115.349 -46.79866 27.58746 95.34904
1 86.11228 13.58746 83.78321 0 0 0 50 50 2500 -46.79866 27.58746 115.349 -46.79866 27.58746 95.34904
3 366.3166 -102.4435 -1733.565 0 0 0 20 140 160 357.6859 -95.44347 -1656.16 431.2171 -216.4435 -1737.137
3 -0.979076 598.6 391.385 0 0 0 50 30 30 -0.028656 677.6 363.2567 -0.466643 175.6 475.2169
3 0.6296099 516.2947 -1368.917 0 0 0 130 110 120 94.3 404.2947 -1389.564 94.3 404.2947 -1409.564
1 -9.277593E-05 -94.99904 -627.1705 0 0 0 36.37307 0 1323 -58.92254 453.564 -725.9401 -58.92254 453.564 -745.9401
1 -1.594978E-05 -94.99904 -747.5377 0 0 0 36.37307 0 1323 -58.92254 453.564 -725.9401 -58.92254 453.564 -745.9401
1 -70.00391 461.25 -848.0049 0 0 0 25.98076 -2.985954E-38 675 -58.92254 453.564 -725.9401 -58.92254 453.564 -745.9401
1 69.9961 278.75 -848.0049 0 0 0 25.98076 -2.985954E-38 675 -58.92254 453.564 -725.9401 -58.92254 453.564 -745.9401
3 -9.553021 139.5928 -548.9515 0 0 0 180 40 140 -12.87542 48.5928 -542.0786 -12.87542 48.5928 -562.0786
3 14.70369 50.5928 -850.568 0 0 0 180 40 140 -12.87542 48.5928 -542.0786 -12.87542 48.5928 -562.0786
