1 0.514636 494 142.0456 0 0 0 40 40 1600 0.514636 485 173.0456 0.514636 -775 -1027.954
1 0.514636 494 142.0456 0 0 0 50 50 2500 0.514636 485 173.0456 0.514636 -775 -1027.954
1 -1.934616 9 0.960257 0 0 0 80 80 6400 -90.92512 20 7.54237 -90.92512 20 -12.45763
1 -1.934616 76 0.960257 0 0 0 50 50 2500 -90.92512 20 7.54237 -90.92512 20 -12.45763
1 3.899153 -67 209.1762 0 0 0 70 70 4900 -0.060556 44.99999 166.0516 -0.146352 -71 243.2753
3 -291.5545 77 -0.728592 0 0 0 40 60 50 -251.0022 30 29.83592 -251.0022 30 9.835917
1 -610.2527 56.95999 -1.914736 0 0 0 40 40 1600 -640.4108 56.95999 0.009295999 -100.7478 -8.040005 0.017586
1 -267.5735 50.95999 0.314864 0 0 0 50 50 2500 -152.6935 39.95999 3.490881 -152.6935 39.95999 -16.50912
1 -608.8073 26 -0.079178 0 0 0 23 23 529 -594.056 30 18.92075 -594.056 30 -1.079251
1 -0.139698 -132 -866.4439 0 0 0 80 80 6400 -35.85623 -130 -775.5677 -35.85623 -130 -795.5677
1 0.501999 -250.7747 -550.9681 0 0 0 110 110 12100 22.09305 -162.7747 -515.3804 22.09305 -162.7747 -535.3804
1 0.893474 -155.2776 -488.3558 0 0 0 10 10 100 -0.053847 -157.2776 -538.892 0.858744 139.7224 -81.36633
1 0.216671 54.50436 -455.9533 0 0 0 70 70 4900 0.581096 -157.4956 -509.7844 0.581096 -157.4956 -529.7844
3 1.047336 -45.97696 -506.9961 0 0 0 20 150 10 0.391479 -157.9769 -540.4552 0.391479 -157.9769 -560.4552
3 -23.13332 -45.97696 -493.9918 0 270 0 20 150 10 0.391479 -157.9769 -540.4552 0.391479 -157.9769 -560.4552
3 24.86037 -45.97696 -493.214 0 270 0 20 150 10 0.391479 -157.9769 -540.4552 0.391479 -157.9769 -560.4552
3 1.047336 -45.97696 -466.9962 0 0 0 20 150 10 0.391479 -157.9769 -540.4552 0.391479 -157.9769 -560.4552
1 0.543409 -29 -434.1605 0 0 0 70 70 4900 4.009931 30 -388.6201 4.009931 30 -408.6201
1 -81.13641 451.3 80.50886 0 0 0 20 20 400 -82.37793 482.3 110.405 -176.9844 -949.6999 -1439.659
1 -60.00174 -165.2913 -490.0008 0 0 0 33.77499 0 1140.75 -82.37793 482.3 110.405 -176.9844 -949.6999 -1439.659
1 -2.844677 -167.4119 -672.8715 0 0 0 60 60 3600 2.41754 -162.4119 -562.9291 2.41754 -162.4119 -582.9291
1 -0.79052 -132 -918.2694 0 0 0 80 80 6400 -35.85623 -130 -775.5677 -35.85623 -130 -795.5677
1 -3.753546 -132 -965.1748 0 0 0 80 80 6400 -35.85623 -130 -775.5677 -35.85623 -130 -795.5677
1 -3.427486 -132 -1017.104 0 0 0 80 80 6400 -35.85623 -130 -775.5677 -35.85623 -130 -795.5677
1 -3.023203 -170 -750.6965 0 0 0 70 70 4900 13.79649 -130 -769.6096 13.79649 -130 -789.6096
1 59.99826 125.2962 -490.0008 0 0 0 33.77499 0 1140.75 -82.37793 482.3 110.405 -176.9844 -949.6999 -1439.659
