1 0 34 -200.0193 0 0 0 20 20 400 30.13503 -25 -249.832 5.215082 -24 -208.1547
3 0 -12 -240.0193 0 0 0 110 90 9.999998 0.973592 -19 -163.7547 0.551977 -295 -1729.165
3 -1.573785 -1 -168.475 0 0 0 90 100 10 -1.65229 -30 -142.4406 -1.65229 -30 -162.4406
3 0 -12 -580.0193 0 0 0 110 90 9.999998 0.973592 -19 -163.7547 0.551977 -295 -1729.165
3 0 -12 -540.0193 0 0 0 110 90 9.999998 0.973592 -19 -163.7547 0.551977 -295 -1729.165
3 0.180605 -12 -698.3405 0 45 0 110 90 9.999998 -45.45227 -19 -700.2939 -1397.15 -390 -671.3667
3 95.41106 37 -700.6599 0 0 0 30 70 100 88.76402 -30 -692.5554 88.76402 -30 -712.5554
1 -122.9875 1.000004 -614.262 0 0 0 40 40 1600 -152.1391 -29.99999 -644.7144 -152.1391 -29.99999 -664.7144
1 -122.9875 1.000004 -774.262 0 0 0 40 40 1600 -152.1391 -29.99999 -644.7144 -152.1391 -29.99999 -664.7144
3 -248.2074 -65.99976 -698.2188 0 0 0 140 10 140 -197.2494 -43.99975 -764.1855 -243.9034 -151.9998 -707.9066
3 -247.8665 521.4152 -702.2646 0 0 0 120 10 140 -217.4972 623.4152 -701.8942 -1581.192 435.4152 -681.9455
3 -257.4235 479 -689.9531 0 0 0 120 9.999998 160 -45.45227 -19 -700.2939 -1397.15 -390 -671.3667
1 -257.4235 -7 -689.9531 0 0 0 40 40 1600 -45.45227 -19 -700.2939 -1397.15 -390 -671.3667
3 -402.8939 592.4152 -698.491 0 0 0 10.99998 30 70.99997 -217.4972 623.4152 -701.8942 -1581.192 435.4152 -681.9455
3 -504.8627 601.4152 -700.9625 0 315 0 10.99998 30 121 -500.4725 608.4152 -700.0577 -473.4433 435.4152 -2682.927
3 -500.7729 621 -599.5247 0 0 0 90 70 30 -514.0293 578 -675.7991 -514.0293 578 -695.7991
1 -588.7966 607 -822.7952 0 0 0 40 40 1600 -493.5065 578 -749.4742 -493.5065 578 -769.4742
1 -418.7966 607 -822.7952 0 0 0 40 40 1600 -493.5065 578 -749.4742 -493.5065 578 -769.4742
3 -500.5928 621.0002 -878.0046 0 0 0 80 60 40 -500.1316 594.0002 -887.5753 -552.2767 -1947 -2499.829
3 -500.8163 601.4152 -805.7164 0 270 0 10.99998 30 80.99997 -500.4725 608.4152 -700.0577 -473.4433 435.4152 -2682.927
3 -501.3842 707 -866.4729 45 0 0 80 40 60 -511.4096 578 -788.0189 -511.4096 578 -808.0189
3 -497.9501 -14.99975 -1054.69 0 0 0 80 20 60 -502.2371 -15.99975 -950.526 -503.4911 -284.9998 -3106.187
1 -501.5063 253.0002 -937.3895 0 0 0 40 40 1600 -502.2371 -15.99975 -950.526 -503.4911 -284.9998 -3106.187
1 -499.9962 476.5 -949.9999 0 0 0 40 40 1600 -499.9962 504.5 -929.9999 -499.9962 504.5 -949.9999
1 -572.9356 0.000248 -1074.54 0 0 0 30 30 900 -486.3946 -29.99975 -1003.126 -486.3946 -29.99975 -1023.126
1 -422.1335 0.000248 -1072.404 0 0 0 40 40 1600 -486.3946 -29.99975 -1003.126 -486.3946 -29.99975 -1023.126
3 -497.4274 -4.999756 -1265.649 0 0 0 120 50 9.999998 -502.2371 -15.99975 -950.526 -503.4911 -284.9998 -3106.187
3 -497.4274 -4.999756 -1289.649 0 0 0 120 50 9.999998 -322.2141 -12.70126 -1559.019 -261.267 -9.999996 -1572.838
3 -209.7765 4 -1567.849 0 0 0 9.999998 50 100 -294.5791 -11 -1569.2 1826.532 -245 -1524.418
3 -249.7765 4 -1567.849 0 0 0 9.999998 50 100 -287.0772 -12.6686 -1559.118 -223.1235 -9.999996 -1567.938
3 53.8228 22 -1697.689 0 22.5 0 60 60 40 20.70851 -4 -1570.047 28.63485 -21 -1697.812
3 44.53307 22 -1452.451 0 337.5 0 60 60 40 20.70851 -4 -1570.047 28.63485 -21 -1697.812
1 -6.281133 -3 -1653.027 0 0 0 40 40 1600 38.12789 -30 -1573.628 38.12789 -30 -1593.628
1 -6.281133 -3 -1493.027 0 0 0 40 40 1600 38.12789 -30 -1573.628 38.12789 -30 -1593.628
3 688.2613 151 -1570.186 0 0 0 20 40 80 632.7457 133 -1573.94 1870.81 0 -1526.397
3 -59.77647 4 -1567.849 0 0 0 9.999998 50 100 -294.5791 -11 -1569.2 1826.532 -245 -1524.418
3 -34.77647 4 -1567.849 0 0 0 9.999998 50 100 -32.30911 -11 -1569.704 1826.532 -525 -1524.418
3 554.2806 -81 -1567.516 0 0 0 130 110 160 367.6559 23 -1572.635 2156.355 -1300 -1513.533
3 494.2806 -111 -1567.516 0 0 0 70 80 160 367.6559 23 -1572.635 2156.355 -4590 -1513.533
1 285.9903 -41.22502 -1570.494 0 0 0 80 80 6400 234.2429 9.774979 -1570.201 1027.797 -448.225 -1588.295
3 595.9162 254.6236 -1566.519 0 0 0 60 60 120 592.8403 189.6236 -1575.852 592.8403 189.6236 -1595.852
3 738.2613 151 -1570.186 0 0 0 20 60 100 805.5037 132.4772 -2099.949 752.1328 140 -2107.554
3 694.7259 145 -2106.59 0 0 0 9.999998 40 100 766.5544 137 -2105.951 -357.6701 -75 -2122.119
3 734.7259 145 -2106.59 0 0 0 9.999998 40 100 764.4518 133.1347 -2104.337 709.1609 140 -2100.96
3 574.221 145 -2113.635 0 315 0 9.999998 40 120 567.8493 162 -2097.916 588.3152 -125 -3342.594
3 568.0223 178 -2019.941 0 0 0 110 70 20 571.1456 120 -2102.014 571.1456 120 -2122.014
3 570.5048 74.80944 -2404.761 0 0 0 160 10 160 570.7549 174.8094 -2309.012 570.4263 -3221.19 -2800.354
3 568.7778 152 -2298.523 0 270 0 20 40 89.99997 567.8493 162 -2097.916 588.3152 -125 -3342.594
3 567.0225 -2709.412 -2539.748 0 0 0 70 20 290 570.1205 -2691.412 -2469.18 606.3732 -2977.412 -4266.96
3 570.0034 -2584 -3463.618 0 0 0 99 50 120 570.0057 -2614 -3351.609 570.211 -2579 -3960.014
3 568.9968 147 -2756.91 0 0 0 80 40 10 569.6386 143 -2834.052 526.1035 -245 -1299.919
3 -257.4235 50 -689.9531 0 0 0 30 40 40 -45.45227 -19 -700.2939 -1397.15 -390 -671.3667
3 562.8473 -2685.412 -3028.904 0 0 0 100 50 10.99995 570.1205 -2691.412 -2469.18 606.3732 -2977.412 -4266.96
3 562.8473 -2685.412 -3053.904 0 0 0 100 50 10.99995 570.1205 -2691.412 -2469.18 606.3732 -2977.412 -4266.96
1 483.0423 -2680 -3067.163 0 0 0 40 40 1600 526.4677 -2710 -3110.097 526.4677 -2710 -3130.097
1 649.3328 -2680 -3067.377 0 0 0 40 40 1600 526.4677 -2710 -3110.097 526.4677 -2710 -3130.097
1 -257.4235 93 -689.9531 0 0 0 40 40 1600 -160.5507 -19 -697.7985 -1397.15 674 -671.3667
1 344.4163 -2668 -3181.237 0 0 0 80 80 6400 409.7134 -2670 -3247.538 409.7134 -2670 -3267.538
1 784.4163 -2668 -3181.237 0 0 0 80 80 6400 409.7134 -2670 -3247.538 409.7134 -2670 -3267.538
1 570.9674 122 -2145.184 0 0 0 30 30 900 567.8493 162 -2097.916 588.3152 -125 -3342.594
1 268.4698 124 -1571.429 0 0 0 80 80 6400 330.5592 8 -1592.952 330.5592 8 -1612.952
1 270.7293 85 -1528.459 0 0 0 40 40 1600 330.5592 8 -1592.952 330.5592 8 -1612.952
1 983.4185 171 -2081.924 0 0 0 70 70 4900 974.1074 120 -1955.391 974.1074 120 -1975.391
1 855.5551 171 -1952.464 0 0 0 70 70 4900 974.1074 120 -1955.391 974.1074 120 -1975.391
1 927.3495 159 -1531.245 0 0 0 70 70 4900 974.1074 120 -1955.391 974.1074 120 -1975.391
1 814.5566 159 -1706.819 0 0 0 70 70 4900 974.1074 120 -1955.391 974.1074 120 -1975.391
3 -501.1742 -9.999751 -1025.334 0 0 0 80 30.00002 30 -496.1239 -17.99975 -943.9481 -516.7181 -209.9998 -1588.287
3 -495.2355 250.0002 -1020.04 0 0 0 100 40 40 -451.5957 -29.99975 -994.6996 -451.5957 -29.99975 -1014.7
1 270.7293 85 -1608.459 0 0 0 40 40 1600 330.5592 8 -1592.952 330.5592 8 -1612.952
3 694.2806 -111 -1567.516 0 0 0 70 80 160 508.5374 -22 -1564.924 2156.355 -1630 -1513.533
