1 3.62428 610 4.9389 0 0 0 90 90 8100 59.45085 17 -59.92087 3.62428 610 4.9389
3 3.62428 27 4.938904 0 0 0 80 60 90 0.116689 -15 60.0404 0.62428 -361 -2805.061
3 0.269677 12 100.69 0 0 0 110 70 40 -8.151221 -30 109.5 -8.151221 -30 89.5
3 -5.160204 -4 -123.7643 0 0 0 100 50 24 0.05292 -30 -4.935379 0.05292 -30 -24.93538
3 2.052669 7 -497.1179 0 315 0 20 50 120 40.44474 -11 -500.8056 -2937.891 -350 -447.6167
3 2.781517 -28 -374.3956 0 0 0 80 60 9.999998 0.116689 -15 60.0404 0.62428 -361 -2805.061
3 90.35239 -30 -494.1256 0 0 0 20 70 130 20.49948 -30 -467.1206 20.49948 -30 -487.1206
3 -367.9473 7 -497.1179 0 0 0 20 50 120 40.44474 -11 -500.8056 -2937.891 -350 -447.6167
3 -417.9473 7 -497.1179 0 0 0 20 50 120 -719.2894 -8.270886 -728.7915 -713.3313 -10 -792.3011
3 -719.407 -4.999752 -818.7813 0 0 0 80 40 20 -722.3154 -7.864403 -766.7275 -719.6027 -9.999995 -834.5178
3 -719.407 -4.999752 -858.7813 0 0 0 80 40 20 -720.8644 5.000248 -869.178 -738.238 -1915 -1933.583
3 -709.5779 120.0002 -830.4899 315 0 0 100 70 60 -720.8644 5.000248 -869.178 -738.238 -1915 -1933.583
3 -719.8746 -543.6707 -924.5804 0 0 0 110 10 130 -720.8666 -599.6707 -858.5808 -740.5972 -901.6707 -2583.147
1 -719.0397 -72.99976 -930.4239 0 0 0 40 40 1600 -720.8644 5.000248 -869.178 -738.238 -1915 -1933.583
3 -719.8746 -668.6707 -924.5804 0 0 0 110 10 130 -720.8666 -599.6707 -858.5808 -740.5972 -901.6707 -2583.147
3 -720.449 -610 -1079.797 0 0 0 80 40 10 -710.7517 -615 -1084.493 -840.5344 -738 -2845.853
3 -719.769 -610 -1274.073 0 0 0 80 40 10 -710.7517 -615 -1084.493 -840.5344 -738 -2845.853
3 -722.337 -610 -1299.953 0 0 0 80 40 10 -930.9432 -619.6069 -1540.753 -986.6808 -617.9999 -1525.922
3 -1087.899 -610 -1539.038 0 0 0 50 40 80 -1030.905 -606 -1538.012 -2700.477 -2168 -1547.271
3 -1011.889 -603 -1540.009 0 0 0 20 50 90 -976.1537 -613.1713 -1538.918 -1034.962 -617.7396 -1536.244
3 -1337.72 -702 -1542.342 0 0 0 210 20 210 -1136.905 -606 -1538.607 -2700.477 -3728 -1547.271
3 -1337.72 -1217 -1542.342 0 0 0 210 20 210 -1349.425 -1296 -1544.471 -2700.477 -1488 -1547.271
3 -1607.896 -1306 -1541.206 0 0 0 20 40 90 -1649.715 -1326 -1540.744 -3186.623 -1457 -1527.128
3 -1866.16 -1306 -1540.152 0 0 0 20 40 90 -1649.715 -1326 -1540.744 -3186.623 -1457 -1527.128
3 -1991.519 -1306 -1542.444 0 315 0 20 40 120 -1990.26 -1310 -1538.554 -1927.184 -1457 -2741.897
3 -1985.75 -1303 -1439.968 0 0 0 90 60 30 -2038.242 -1338 -1506.448 -2038.242 -1338 -1526.448
3 -1992.367 -1235.5 -1890.539 0 0 0 80 40 110 -1992.044 -1228.5 -1794.293 -1981.56 -1271.5 -2056.198
1 -2066.243 -1310 -1662.969 0 0 0 30 30 900 -2011.528 -1338 -1636.819 -2011.528 -1338 -1656.819
3 -1991.015 -1328 -1769.309 0 270 0 20 40 120 -1990.26 -1310 -1538.554 -1927.184 -1457 -2741.897
3 -1991.015 -1328 -2009.309 0 270 0 20 40 120 -1990.26 -1310 -1538.554 -1927.184 -1457 -2741.897
3 -1991.015 -1308 -2099.309 0 270 0 20 40 120 -1990.26 -1310 -1538.554 -1927.184 -1457 -2741.897
3 -1991.015 -1308 -2141.309 0 270 0 20 40 120 -1990.26 -1310 -1538.554 -1927.184 -1457 -2741.897
1 -1789.177 -1389 -2242.55 0 0 0 150 150 22500 -1936.207 -1338 -2220.055 -1936.207 -1338 -2240.055
1 -2199.177 -1389 -2242.55 0 0 0 150 150 22500 -1936.207 -1338 -2220.055 -1936.207 -1338 -2240.055
3 -1989.471 -1203 -2514.243 0 0 0 70 80 90 -1988.618 -1238 -2358.448 -2042.749 -1333 -3754.88
3 -1991.015 -1308 -2121.309 0 270 0 20 110 220 -1990.26 -1310 -1538.554 -1927.184 -1457 -2741.897
3 -1087.899 -795 -1539.038 0 0 0 130 140 160 -1105.633 -606 -1541.55 -1904.677 -2918 -1557.305
3 -1207.85 -862 -1548.184 0 0 0 130 140 210 -1136.905 -606 -1538.607 -2700.477 -3728 -1547.271
