1 0 142 0.04985 0 0 0 10 10 100 70.44825 40 -0.807118 0 40 0.04985
1 0 42 0.04985 0 0 0 30 30 900 31.57342 55 59.10781 -755.5197 -350 -1970.415
3 4.051798 80 101.74 0 0 0 70 60 50 79.30444 105 68.5034 -1997.385 -1692 -209.7221
3 -30.86159 120 -497.5924 0 0 0 110 100 20 31.57342 55 59.10781 -755.5197 -350 -1970.415
3 -30.86159 120 -542.5923 0 0 0 110 100 20 15.54055 70 -603.7344 -1508.575 -35 -58.89111
3 -221.0171 124 -703.5253 0 0 0 9.999998 100 220 -220.1939 114 -598.8604 -3709.316 -698 -4130.199
3 -190.2255 124 -606.952 0 0 0 9.999998 100 120 5.86177 70 -591.6542 -1693.391 -150 -280.6468
3 -205.1634 74 -938.1996 0 90 0 9.999998 150 220 -247.0994 126 -1026.709 1833.11 -1160 -2291.666
3 -307.9563 124 -902.3683 0 270 0 9.999998 100 100 -180.8947 136 -831.2257 -3038.477 -455 -4237.116
3 3.13942 33 -1044.612 0 90 0 100 100 100 42.50862 2 -948.835 -219.7973 -360 -3923.743
3 156.1086 -42 -1233.005 0 90 0 260.1 80.00003 140 198.7352 -20 -1091.885 -1919.672 -310 -3044.651
3 70.65311 178 -1670.375 0 90 0 280.1 200 60.00003 141.835 70 -1456.297 -1925.723 -310 -3125.498
3 -16.09571 143 -2022.973 0 90 0 80.09998 100 160 110.1962 100 -2023.717 -1454.905 -240 -609.7089
3 -425.9605 -87 -2016.824 0 90 0 80.09998 100 160 -340.9135 -85 -2157.741 -540.6874 -240 -259.6909
3 -690.3795 -92 -2145.718 0 90 0 60.09998 100 100.0001 -538.6719 -85 -2242.249 -2521.926 -961 -2362.071
3 -691.5208 -92 -2445.469 0 90 0 250.1 100 90.00005 -538.6719 -85 -2242.249 -3423.038 -620 -4772.965
3 -749.0603 -128 -2241.657 0 90 0 60.09998 100 60.00006 -603.2405 -85 -2242.47 -2514.742 -485 -2106.573
3 -406.5373 -137 -2136.163 0 90 0 80.09998 40.00001 160 110.1962 100 -2023.717 -1454.905 -240 -609.7089
3 -648.3139 -92 -2780.038 0 90 0 150.1 100 60.00006 -565.1199 -50 -2653.384 -3423.038 -1970 -4772.965
3 -791.6741 -42 -2721.143 0 90 0 70.09998 60.00001 60.00006 -682.3848 -25 -2740.357 -3850.436 -1970 -3067.354
3 -889.6109 10 -2801.516 0 90 0 150.1 100 60.00006 -565.1199 -50 -2653.384 -2965.75 -1970 -5280.222
3 -889.6109 -40 -3161.516 0 90 0 150.1 100 60.00006 -799.71 10 -3050.301 -3089.674 -1970 -5196.934
3 -944.445 -37 -3653.264 0 0 0 160 120 200 -949.9963 -94.50925 -3777.996 -964.6624 -122.0037 -3831.119
3 -908.2801 -117 -3646.63 0 90 0 230.1 50.1 140 -806.5953 -80 -3452.315 -2257.939 -620 -6004.777
3 -971.6109 -180 -4111.516 0 90 0 180.1 100 70.00005 -863.2897 -90 -4019.16 -3534.351 -1970 -6822.097
3 -561.589 109 -2064.134 0 90 0 110.1 100 90.00005 110.1962 100 -2023.717 -1454.905 -240 -609.7089
3 -805.6265 48.00003 -2525.608 0 90 0 190.1 30.00001 150 -538.6719 -85 -2242.249 -3423.038 -620 -4772.965
3 -745.1508 48.00003 -2075.498 0 90 0 130.1 30.00001 80.00005 -538.6719 -85 -2242.249 -3423.038 -620 -4772.965
3 -745.1508 172 -2075.498 0 90 0 130.1 30.00001 80.00005 -686.981 226 -1978.002 -2680.059 -1840 -5644.524
3 -716.1535 84 -2069.081 0 90 0 50.09998 70.00001 80.00005 -538.6719 -85 -2242.249 -2521.926 -961 -2362.071
3 -966.8208 -257 -4434.955 0 90 0 100.0999 20.1 70.00003 -538.6719 -85 -2242.249 -3088.698 -620 -5109.944
3 -966.7746 -208 -4566.976 0 90 0 170.0999 60.1 80.00003 -872.0636 -210 -4439.647 -2420.846 -1220 -7827.993
3 -812.5943 -208 -4669.892 0 0 0 160.0999 60.1 90.00003 -886.0344 -210 -4554.901 -731.9945 -297 -4806.967
1 -731.6094 -250 -4782.397 0 0 0 40 40 1600 -595.4597 -245 -4811.675 -730.3141 -250 -4816.625
1 -732.4442 -250 -4821.852 0 0 0 40 40 1600 -667.0405 -245 -4862.717 -12547 -2080 -7729.641
1 -732.494 -630 -4974.428 0 0 0 40 40 1600 -627.8055 -632 -4945.23 -738.7471 -630 -4964.478
1 -723.7025 -625 -4929.5 0 0 0 40 40 1600 -667.0405 -245 -4862.717 -12547 -2080 -7729.641
1 -870.3282 -630 -5108.037 0 0 0 40 40 1600 -898.9798 -629 -5234.526 -883.6111 -630 -5110.018
1 -917.5565 -630 -5107.777 0 0 0 40 40 1600 -933.5764 -629 -5182.119 -2268.285 -3270 6495.442
1 -1051.415 -1004.21 -5110.024 0 0 0 40 40 1600 -1052.786 -1013.21 -5231.302 -1044.275 -1004.21 -5104.082
1 -1000.254 -1005 -5104.609 0 0 0 40 40 1600 -933.5764 -629 -5182.119 -2268.285 -3270 6495.442
3 -737.7202 -574 -5104.057 0 0 0 100 80 90 -717.9846 -615 -5121.288 -857.5461 -626 -4982.896
3 -647.7202 -574 -5104.057 0 0 0 40 80 90 -717.9846 -605 -5121.288 -857.5461 -831 -4982.896
3 -731.8864 -574 -5186.58 0 270 0 40 80 90 -717.9846 -605 -5121.288 -857.5461 -831 -4982.896
3 -1136.317 -995.2097 -5110.759 0 0 0 50 70 70 -1052.786 -1013.21 -5231.302 -1044.275 -1004.21 -5104.082
1 -1107.5 -1190.22 -5214.8 0 0 0 180 180 32400 -1150.44 -1030.22 -5089.925 -1150.44 -1030.22 -5109.925
3 -1206.317 -1017.21 -5110.759 0 0 0 50 70 70 -1185.394 -1028.21 -5211.685 -1404.088 -2166.21 -2343.769
1 -735.7484 -296 -4768.69 0 0 0 150 150 22500 -722.8073 -250 -4657.371 -722.8073 -250 -4677.371
3 -1631.24 -1152.21 -5107.777 0 0 0 200 100 180 -1375.314 -1070.21 -5192.958 -3634.935 -1306.21 -3493.539
3 -1734.419 -1237.21 -5079.417 0 0 0 120 100 90 -1686.477 -1175.21 -5244.857 -1620.778 -1861.21 -3049.446
1 -1919.044 -1220 -5199.173 0 0 0 100 100 10000 -1735.106 -1193 -5258.353 -3527.214 -1465 -5136.021
3 -1916.085 -1215 -5471.446 0 0 0 70.00001 60 200 -1844.143 -1193 -5254.199 -3545.507 -1465 -7329.698
3 -1896.219 -1215 -5820.457 0 0 0 110 60 70.00001 -1844.143 -1193 -5254.199 -3510.035 -2660 -7357.463
3 -1966.596 -1245 -6434.684 0 0 0 150 160 310 -1906.912 -1148 -6229.033 -3321.256 -2825 -8377.9
1 -1828.5 -1256 -5848.887 0 0 0 90 90 8100 -1877.298 -1230 -5810.496 -1877.298 -1230 -5830.496
3 -1355.791 -1047.21 -5114.226 0 0 0 50 120 70 -1185.394 -1028.21 -5211.685 -1404.088 -2166.21 -2343.769
3 -928.2759 163 -3641.632 0 0 0 80 60 170 -736.3069 167 -3656.842 -2755.199 -85 -4092.423
1 -928.8778 140 -3815.667 0 0 0 60 60 3600 -923.0494 125 -3721.868 -923.0494 125 -3741.868
3 -731.1279 -75 -4961.352 0 0 0 90 50 240 -719.567 -85 -5110.511 -901.655 -128 -5109.17
3 -1070.087 -78 -4563.477 0 0 0 50 40 110 -1025.409 -68 -4454.969 -2803.206 -480 -7372.779
3 -987.4476 -78 -4773.555 0 270 0 50 40 150 -999.2295 -68 -4665.399 616.0543 -480 -6212.468
1 -873.1897 -95 -5111.469 0 0 0 40 40 1600 -875.9438 -95 -5208.289 -877.7993 -94 -5109.007
1 -909.6487 -95 -5109.411 0 0 0 40 40 1600 -939.8383 -95 -5176.411 -661.5248 -2355 4102.788
1 -1095.29 -460 -5112.245 0 0 0 40 40 1600 -939.8383 -95 -5176.411 -661.5248 -2355 4102.788
3 -1926.319 -819 -5092.647 0 0 0 110 10 120 -1787.584 -795 -5191.25 -3589.145 -1225 -4427.426
3 -2042.175 -786 -5191.223 0 0 0 70 20 99.99997 -1947.374 -774 -5161.665 -2869.332 -1035 -6419.229
3 -2032.175 -786 -5541.175 0 0 0 70 20 49.99997 -1947.374 -774 -5161.665 -2840.553 -1035 -6440.805
3 -2022.175 -786 -5711.223 0 0 0 70 90 110 -1985.349 -754 -5604.792 -2669.337 -1465 -6651.965
3 -841.7089 14 -4928.665 0 0 0 50 20 120 -774.0496 23 -4832.582 -2842.552 -440 -6904.154
3 -959.7037 69 -5111.552 0 90 0 80 20 160 -821.5167 78 -5190.948 -3446.566 -980 -2634.109
3 -1169.704 69 -5111.552 0 90 0 80 190 40 -1127.414 78 -5165.667 -3446.566 -3370 -2634.109
1 0 42.00001 0.04985 0 0 0 6 6 36 68.66513 40 -18.49104 -1.145879 53 -17.66311
3 4.051798 80 -38.26002 0 0 0 80 60 110 76.60189 41.65504 -106.8964 -5826.786 446 -522.9478
3 0 80 -159.9502 0 0 0 80 70 20 31.57342 55 59.10781 -755.5197 -350 -1970.415
1 -242.4654 81 -549.7996 0 0 0 30 30 900 -285.67 90 -583.4476 -285.67 90 -603.4476
3 -336.0957 214 -2022.973 0 90 0 80.09998 60.00001 20.00006 110.1962 100 -2023.717 -1454.905 215 -609.7089
3 -293.0957 203 -2022.973 0 90 0 80.09998 100 20.00006 110.1962 100 -2023.717 -1454.905 -240 -609.7089
3 -452.1228 351 -2021.839 0 90 0 80.09998 60.00001 20.00006 110.1962 100 -2023.717 -1454.905 -1375 -609.7089
3 -186.5373 -97 -2136.163 0 90 0 80.09998 40.00001 90.00005 -199.0768 -85 -2241.577 -762.3527 -1024 865.3997
3 -562.9156 -92 -2167.432 0 90 0 60.09998 100 50.00006 -476.7935 -85 -2229.205 -1931.822 -1056 -1026.035
3 -829.1324 -630 -5107.43 0 0 0 20 60 50 -726.7212 -630 -5082.014 -726.7212 -630 -5102.014
3 -736.6198 -630 -5009.012 0 0 0 70 60 20 -726.7212 -630 -5082.014 -726.7212 -630 -5102.014
3 -996.1338 148 -3036.866 0 90 0 110.1 30.00001 70.00005 -943.8282 180 -2952.957 -2528.671 -1150 -5590.955
3 -1022.225 140 -2831.453 0 90 0 110.1 100 70.00005 -963.3105 97 -2745.99 -2463.44 -1515 -5625.892
3 -1922.63 -1215 -5998.33 0 0 0 80.00001 60 90.00003 -1844.143 -1193 -5254.199 -3345.444 -2035 -7479.48
3 -1974.031 -1326 -6954.54 0 0 0 140 90 270 -1892.206 -1358 -6879.139 -1972.586 -1405 -6950.888
3 -123.8544 270.7081 -539.7552 0 0 0 20 100 20 -106.1967 301.7081 -529.3031 -1080.79 -701.2918 -984.6416
1 -1276.092 -468 -5112.144 0 0 0 40 40 1600 -1195.424 -431 -5151.91 -12134.32 -4605 -1869.823
3 -1614.165 -552.0599 -5106.762 0 0 0 70 10 36 -1547.895 -474.0599 -5152.035 -2808.382 -2672.06 -4496.022
3 -1437.556 -1005.21 -5120.748 0 0 270 40 30 50 -1497.668 -668.2097 -5259.116 -1404.088 663.7902 -2343.769
3 -1966.596 -885 -6264.684 0 0 0 150 160 140 -1955.946 -953 -6152.782 -5126.588 -195 -6555.417
3 -2052.519 -1159.662 -6113.42 0 0 0 80 140 30 -1903.736 -1179.662 -6107.267 -3743.821 -2225.662 -6077.743
1 -15 42.00001 0.04985 0 0 0 6 6 36 68.66513 40 -8.491041 -1.145879 53 -7.663116
1 15 42.00001 0.04985 0 0 0 6 6 36 68.66513 40 -8.491041 -1.145879 53 -7.663116
