3 134.3057 -94 -130.562 0 315 0 70 310 60 129.6582 -340 -51.52129 92.70593 -263.1848 -93.4359
1 42.55637 -174.4193 -140.9287 0 0 0 50 50 2500 111.3646 -193.4193 -98.63538 111.3646 -193.4193 -118.6354
3 -4.098231 -181 -140.3425 0 0 0 110 12 12 45.65374 -340 -130 45.65374 -340 -150
3 -4.098231 -10.99996 -140.3425 0 0 0 110 12 12 45.65374 -340 -130 45.65374 -340 -150
3 -0.098295 179.0001 -0.342543 0 270 0 170 72 192 45.65374 -340 -130 45.65374 -340 -150
3 130.8934 120.7808 128.4003 0 0 0 60 70 60 -121.0255 88.78076 -88.9745 -121.0255 88.78076 -108.9745
3 139.9018 -10.99995 -0.342543 0 270 0 110 12 12 45.65374 -340 -130 45.65374 -340 -150
3 139.9018 -181 -0.342543 0 270 0 110 12 12 45.65374 -340 -130 45.65374 -340 -150
3 -4.098228 -181 139.6575 0 0 0 110 12 12 45.65374 -340 -130 45.65374 -340 -150
3 -4.098228 -10.99996 139.6575 0 0 0 110 12 12 45.65374 -340 -130 45.65374 -340 -150
3 17.19653 24 10.89645 0 0 0 230 310 260 77.14656 52.4934 85.93735 73.939 26.40312 140.9735
3 -135.6944 -94 139.4381 0 315 0 70 310 60 -70.21585 53.51061 81.23965 -70.42134 21.96303 123.7244
3 -140.0983 -10.99995 -0.342543 0 270 0 110 12 12 45.65374 -340 -130 45.65374 -340 -150
3 -140.0983 -181 -0.342543 0 270 0 110 12 12 45.65374 -340 -130 45.65374 -340 -150
1 42.55637 -10.4193 -140.9287 0 0 0 50 50 2500 111.3646 -193.4193 -98.63538 111.3646 -193.4193 -118.6354
3 -135.6944 -94 -140.562 0 225 0 70 310 60 -50.73957 -296.5757 -54.95401 -84.07113 -313.55 -111.5456
1 150.8562 -347 -150.4486 0 0 0 90 90 8100 69.99223 -340 -117.8068 69.99223 -340 -137.8068
3 144.3057 -94 139.4381 0 225 0 70 310 60 56.85326 -340 146.0823 93.95126 -269.8448 107.7754
3 -222.2414 -94 -223.679 0 225 0 280 310 160 -85.21951 -120.1737 -79.72081 -141.1447 -161.1664 -80.23
3 222.4955 -94 232.3743 0 225 0 280 310 160 -85.21951 -120.1737 -79.72081 -141.1447 -161.1664 -80.23
1 138.4048 -179.4193 45.35281 0 0 0 50 50 2500 111.3646 -193.4193 -98.63538 111.3646 -193.4193 -118.6354
1 137.5088 -9.41934 45.43329 0 0 0 50 50 2500 111.3646 -193.4193 -98.63538 111.3646 -193.4193 -118.6354
3 -238.4766 -89 216.4294 0 135 0 280 310 160 -85.21951 -120.1737 -79.72081 -141.1447 -161.1664 -80.23
3 221.4709 -89 -236.5901 0 135 0 280 310 160 -85.21951 -120.1737 -79.72081 -141.1447 -161.1664 -80.23
1 -50.24929 -9.41933 143.2546 0 0 0 50 50 2500 111.3646 -193.4193 -98.63538 111.3646 -193.4193 -118.6354
1 -40.25051 -179.4193 143.0983 0 0 0 50 50 2500 111.3646 -193.4193 -98.63538 111.3646 -193.4193 -118.6354
1 -141.7955 -179.4193 -37.81849 0 0 0 50 50 2500 111.3646 -193.4193 -98.63538 111.3646 -193.4193 -118.6354
1 -142.0054 -9.41934 -47.81629 0 0 0 50 50 2500 111.3646 -193.4193 -98.63538 111.3646 -193.4193 -118.6354
