3 481.1911 974.9097 -63.13762 0 0 0 25 25 22 404.0849 992.9097 -49.83524 507.776 936.9097 -74.09549
3 572.1911 974.9097 35.86237 0 0 0 25 25 22 500.6544 989.9097 17.20803 569.5756 956.9097 41.66686
3 699.3627 974.9097 -15.13467 0 0 0 25 25 22 631.2728 993.9097 -1.612936 721.0419 945.9097 -13.92844
3 939.3186 800 28.68012 0 0 0 90 40 120 1072.696 836 32.45458 518.0221 557 -13.19726
1 -452.9447 909 3.747737 0 0 0 90 90 8100 -389.8839 1002 29.85073 -389.8839 1002 9.850726
1 200.6711 550 5.5E-05 0 0 0 90 90 8100 169.3111 281 35.1536 200.1215 955 0.6849819
1 200.6711 500 5.5E-05 0 0 0 90 90 8100 169.3111 281 35.1536 200.1215 955 0.6849819
1 200.6711 430 5.5E-05 0 0 0 100 100 10000 169.3111 281 35.1536 200.1215 955 0.6849819
1 200.6711 350 5.5E-05 0 0 0 100 100 10000 169.3111 281 35.1536 200.1215 955 0.6849819
1 200.6711 270 5.5E-05 0 0 0 100 100 10000 169.3111 166 35.1536 200.1215 229.0002 0.6849819
1 200.6711 550 5.5E-05 0 0 0 70 70 4900 169.3111 281 35.1536 200.1215 955 0.6849819
1 200.6711 633 5.5E-05 0 0 0 65 65 4225 169.3129 795 35.85062 200.1215 355 0.6849819
1 201.3711 670 5.5E-05 0 0 0 70 70 4900 169.3129 825 35.15064 539.0663 409 179.024
1 200.6711 740 5.5E-05 0 0 0 80 80 6400 169.3129 845 35.15063 200.1215 355 0.6849819
1 200.6711 592 5.5E-05 0 0 0 70 70 4900 169.3111 281 35.1536 200.1215 955 0.6849819
3 219.4368 1180 10.98636 0 0 0 1000 100 500 446.8399 1140 11.9001 446.8399 1140 -8.099895
3 1143.282 700.2866 -78.56374 0 0 0 60 200 100 1038.268 942.2866 -19.43846 1265.543 725.2866 8.100257
3 1221.147 989.2866 23.81479 0 0 0 60 300 100 1114.167 808.2866 37.51726 1114.167 808.2866 17.51726
3 1162.172 989.2866 -82.71997 0 67.5 0 60 300 100 1114.167 808.2866 37.51726 1114.167 808.2866 17.51726
3 1127.321 989.2866 165.0437 0 112.5 0 60 300 100 1114.167 808.2866 37.51726 1114.167 808.2866 17.51726
3 1142.816 700.2866 120.5518 0 0 0 60 200 100 1037.094 942.2866 57.22878 1265.543 725.2866 8.100257
3 1143.83 930.2866 20.24122 0 0 0 60 80.00001 100 1045.175 1001.287 23.53551 1265.543 725.2866 8.100257
3 929.3186 857 28.68012 0 0 0 90 40 120 1072.696 886 32.45458 518.0221 557 -13.19726
3 411.3562 602.6076 10.24797 0 0 0 70 30 70 340.3161 768.6076 4.302926 466.8059 376.6076 1.659529
3 429.0701 569.6076 3.468522 0 0 0 40 20 40 260.4571 508.6076 -17.85427 415.8594 524.6076 0.777521
3 431.0335 538.6076 3.087937 0 0 0 60 20 60 260.4571 508.6076 -17.85427 415.8594 524.6076 0.777521
3 -30.2701 55.51136 -290.2384 0 0 0 90 50 70 -2.414702 109.5114 -135.4373 -16.19079 63.51136 -233.3308
3 -30.2701 141.5114 -290.2384 0 0 0 90 50 70 -11.43167 232.5114 -158.5896 -11.1522 63.51136 -315.251
3 424.7299 55.51136 -290.2384 0 0 0 90 50 90 414.0406 109.5114 -132.6808 410.536 58.51136 -236.3429
3 414.804 131.5114 -307.6169 0 0 0 35 50 70 413.1292 208.5114 -159.6656 410.131 175.5114 -237.7269
3 414.804 131.5114 -367.6169 0 0 0 90 50 70 413.1292 208.5114 -159.6656 410.131 175.5114 -237.7269
3 510.5284 132.5114 -331.3614 0 315 0 90 50 70 413.1292 208.5114 -159.6656 410.131 175.5114 -237.7269
3 500.0645 53.51136 -318.5855 0 0 0 130 130 90 414.0406 109.5114 -132.6808 410.536 58.51136 -236.3429
3 436.0752 53.51136 -374.7805 0 0 0 130 130 90 414.0406 109.5114 -132.6808 410.536 58.51136 -236.3429
3 -35.13343 61.51136 -378.8506 0 0 0 130 130 90 414.0406 109.5114 -132.6808 410.536 58.51136 -236.3429
3 -116.3312 61.51136 -309.6973 0 0 0 130 130 90 414.0406 109.5114 -132.6808 410.536 58.51136 -236.3429
3 193.4241 264.5114 -388.2256 0 0 0 320 184 90 414.0406 109.5114 -132.6808 410.536 58.51136 -236.3429
3 435.7298 55.51136 249.7615 0 0 0 90 50 90 424.1371 137.5114 118.4653 735.9166 -755.4886 1758.964
3 435.7298 145.5114 249.7615 0 0 0 90 50 90 398.276 202.5114 144.5856 735.9166 -755.4886 1758.964
3 -38.14448 55.51136 248.8272 0 0 0 90 50 90 -25.8629 137.5114 118.4653 -20.84367 -1085.489 1797.827
3 -39.01436 135.5114 248.359 0 0 0 90 50 90 -24.95843 219.5114 136.1934 -20.84367 -1085.489 1797.827
3 -43.37236 1.511353 423.5795 0 0 0 100 100 130 -24.95843 219.5114 136.1934 -20.84367 -1085.489 1797.827
3 -66.53636 32.51135 354.2022 0 0 0 100 150 130 -24.95843 219.5114 136.1934 -20.84367 -1085.489 1797.827
3 113.1779 27.51136 371.6891 0 0 0 60 80 90 158.2592 67.51135 289.2635 -139.451 -359.4886 1829.09
3 298.1778 17.51136 371.6891 0 0 0 50 90 90 248.2592 67.51135 289.2635 -139.451 -359.4886 1829.09
3 437.5904 46.51135 413.4836 0 0 0 100 100 130 -24.95843 219.5114 136.1934 -20.84367 -1085.489 1797.827
3 436.9914 66.51135 330.2957 0 0 0 100 150 130 -24.95843 219.5114 136.1934 -20.84367 -1085.489 1797.827
3 315.1894 37.51136 -420.02 0 0 0 60 170 120 256.2906 114.5114 -266.7202 -139.451 -359.4886 -3970.91
3 200.0529 70.2 -350.6624 0 0 0 30 20 10 220 65.2 -380 220 65.2 -400
3 90.15369 37.51136 -421.6163 0 0 0 60 170 120 149.2832 114.5114 -294.3205 -139.451 -359.4886 -3970.91
3 202.9156 37.51136 -485.9374 0 0 0 90 170 60 200.2906 107.5114 -296.7202 -139.451 -359.4886 -3970.91
3 -167.7763 128.5114 3.811077 0 0 0 120 30 160 -2.414702 109.5114 -135.4373 -16.19079 63.51136 -233.3308
3 919.3186 902 28.68012 0 0 0 100 18 130 1072.696 886 32.45458 518.0221 557 -13.19726
3 816.583 903 35.17818 0 0 0 20 40 50 940.7377 958 47.73058 810.6023 900 31.52714
3 323.4962 703.0532 119.0656 0 315 0 70 150 40 200.4275 738.0533 250 200.4275 738.0533 230
3 202.8174 833.0532 194.713 0 270 0 90 28 96 200.4275 738.0533 250 200.4275 738.0533 230
3 387.6358 683.0532 -181.8421 0 45 0 90 150 41 200.4275 738.0533 250 200.4275 738.0533 230
3 93.7531 601 -102.5042 0 0 0 150 70 150 93.7531 650 -82.50419 93.7531 650 -102.5042
3 68.89228 709.0532 131.8662 0 45 0 90 150 41 200.4275 738.0533 250 200.4275 738.0533 230
3 388.0749 753.0532 188.729 0 315 0 30 200 140 200.4275 738.0533 250 200.4275 738.0533 230
3 26.90245 783.0532 -208.0541 0 315 0 30 200 140 200.4275 738.0533 250 200.4275 738.0533 230
3 379.6486 748.0532 -197.3041 0 45 0 30 200 140 200.4275 738.0533 250 200.4275 738.0533 230
3 2.521454 753.0532 179.9956 0 45 0 30 200 140 200.4275 738.0533 250 200.4275 738.0533 230
3 -68.7406 758.0532 -2.368806 0 0 0 30 180 140 200.4275 738.0533 250 200.4275 738.0533 230
3 465.9361 758.0532 10.21447 0 0 0 30 190 140 200.4275 738.0533 250 200.4275 738.0533 230
3 202.4156 758.0532 -259.8397 0 90 0 30 200 140 200.4275 738.0533 250 200.4275 738.0533 230
3 209.9185 758.0532 256.6203 0 0 0 150 200 30 200.4275 738.0533 250 200.4275 738.0533 230
3 202.8174 833.0532 -195.287 0 270 0 90 28 96 200.4275 738.0533 250 200.4275 738.0533 230
3 37.70624 706.0532 -161.235 0 315 0 70 150 40 200.4275 738.0533 250 200.4275 738.0533 230
3 -592.278 1017 -105.255 0 319.2188 0 60.00001 120 130 -389.8839 1002 29.85073 -389.8839 1002 9.850726
3 -600.2503 1017 104.3544 0 37.96875 0 60.00001 120 130 -389.8839 1002 29.85073 -389.8839 1002 9.850726
3 -621.926 1012 -2.975304 0 0 0 60.00001 120 130 -389.8839 1002 29.85073 -389.8839 1002 9.850726
3 -461.3949 956 156.3946 0 0 0 170 190 50 -389.8839 1002 29.85073 -389.8839 1002 9.850726
3 -461.2558 949 -138.1316 0 0 0 170 190 20 -389.8839 1002 29.85073 -389.8839 1002 9.850726
3 141.423 550 44.13979 0 0 0 600 20 800 -17.1735 457 -306.7197 -17.1735 457 -326.7197
3 547.4205 505.6076 341.4803 0 45 0 80 60 40 260.4571 508.6076 -17.85427 415.8594 524.6076 0.777521
3 -136.9411 505.6076 -348.8173 0 45 0 80 60 40 260.4571 508.6076 -17.85427 415.8594 524.6076 0.777521
3 -150.115 505.6076 334.9289 0 135 0 80 60 40 260.4571 508.6076 -17.85427 415.8594 524.6076 0.777521
3 535.743 505.6076 -357.1732 0 135 0 80 60 40 260.4571 508.6076 -17.85427 415.8594 524.6076 0.777521
3 209.9185 958.0532 286.6203 0 90 0 100 350 640 200.4275 738.0533 250 200.4275 738.0533 230
3 209.9184 958.0532 -293.3796 0 90 0 100 350 640 200.4275 738.0533 250 200.4275 738.0533 230
1 203.6845 1023.053 -235.5289 0 0 0 90.00001 90.00001 8100.001 200.4275 738.0533 250 200.4275 738.0533 230
1 203.6845 1023.053 234.471 0 0 0 90.00001 90.00001 8100.001 200.4275 738.0533 250 200.4275 738.0533 230
3 -155.2762 935.0074 -137.3157 348.75 82.96875 0 80 100 95 -73.391 1011.197 33.1784 -73.391 1011.197 13.1784
3 816.583 903 -54.82181 0 0 0 20 40 52 940.7377 958 -36.26942 810.6023 900 -58.47285
3 94.80408 -49.18864 -391.4509 0 0 0 100 100 100 129.0788 95.51135 -195.4882 47.62688 -121.4886 -646.9514
3 279.804 -49.18864 -391.4509 0 0 0 100 100 100 269.0787 95.51135 -195.4882 47.62688 -121.4886 -646.9514
3 133.1779 117.5114 301.6891 0 0 0 80 30 20 153.1411 166.5114 183.1332 -139.451 -359.4886 1829.09
3 278.1778 117.5114 301.6891 0 0 0 80 30 20 283.1411 166.5114 183.1332 -139.451 -359.4886 1829.09
3 200.0529 60.2 -360.6624 0 0 0 50 40 30 220 65.2 -380 220 65.2 -400
