1 1609.155 86 -380.4902 0 0 0 10 10 100 1644.527 91 -342.3623 1624.333 83 -376.9825
1 1763.228 56 -1621.445 0 0 0 7.000001 7.000001 49.00001 1691.785 9 -1627.822 1771.297 75 -1612.977
3 1679.155 49 -380.4902 0 0 0 100 70 70 1644.527 91 -342.3623 1624.333 83 -376.9825
3 1679.155 -11 -380.4902 0 0 0 100 70 70 1613.499 91 -370.997 2084.297 -120 -382.6181
3 1714.429 0 -1667.253 0 0 0 130 100 20 1754.429 0 -1602.253 1754.429 0 -1622.253
3 1714.429 0 -1572.253 0 0 0 130 100 20 1754.429 0 -1602.253 1754.429 0 -1622.253
3 291.8988 495.0957 1443.519 0 0 0 1000 50.00001 300 205.316 468.0958 1240.901 205.316 468.0958 1220.901
1 219.3502 220.6958 1347.898 0 0 0 30 30 900 220.056 210.6958 1370.813 220.056 210.6958 1350.813
1 180.056 220.6958 1350.813 0 0 0 30 30 900 220.056 210.6958 1370.813 220.056 210.6958 1350.813
1 1623.444 20 -1002.056 0 0 0 3 3 9 1741.265 45 -1000.263 1623.444 20 -1002.056
1 -39.62868 15.40324 285.6311 0 0 0 90 90 8100 -63.12318 10.40325 248.1938 -63.12318 10.40325 228.1938
1 -35.02378 108.4032 296.3092 0 0 0 90 90 8100 -63.12318 10.40325 248.1938 -63.12318 10.40325 228.1938
1 -33.42269 190.4032 326.6558 0 0 0 90 90 8100 -63.12318 10.40325 248.1938 -63.12318 10.40325 228.1938
1 429.198 155.4032 339.8853 0 0 0 80 80 6400 -63.12318 10.40325 248.1938 -63.12318 10.40325 228.1938
1 427.0973 35.40326 276.1643 0 0 0 80 80 6400 -63.12318 10.40325 248.1938 -63.12318 10.40325 228.1938
1 470.5713 95.40325 296.5419 0 0 0 60 60 3600 -63.12318 10.40325 248.1938 -63.12318 10.40325 228.1938
1 -27.83609 33.40324 -278.4796 0 0 0 90 90 8100 -63.12318 10.40325 248.1938 -63.12318 10.40325 228.1938
1 -13.75424 158.4032 -352.1053 0 0 0 90 90 8100 -63.12318 10.40325 248.1938 -63.12318 10.40325 228.1938
1 -80.22318 108.4032 -304.0904 0 0 0 60 60 3600 -63.12318 10.40325 248.1938 -63.12318 10.40325 228.1938
1 -81.90696 178.4032 -311.7672 0 0 0 60 60 3600 -63.12318 10.40325 248.1938 -63.12318 10.40325 228.1938
1 38.99155 133.4032 -327.2231 0 0 0 40 40 1600 -63.12318 10.40325 248.1938 -63.12318 10.40325 228.1938
1 38.99155 109.4032 -327.2231 0 0 0 40 40 1600 -63.12318 10.40325 248.1938 -63.12318 10.40325 228.1938
1 38.99155 81.40324 -327.2231 0 0 0 40 40 1600 -63.12318 10.40325 248.1938 -63.12318 10.40325 228.1938
1 413.2021 32.40324 -253.7692 0 0 0 90 90 8100 -63.12318 10.40325 248.1938 -63.12318 10.40325 228.1938
1 416.8533 167.4032 -322.8246 0 0 0 70 70 4900 -63.12318 10.40325 248.1938 -63.12318 10.40325 228.1938
1 488.9785 101.4032 -312.7031 0 0 0 70 70 4900 -63.12318 10.40325 248.1938 -63.12318 10.40325 228.1938
1 490.9247 169.4032 -316.6684 0 0 0 70 70 4900 -63.12318 10.40325 248.1938 -63.12318 10.40325 228.1938
1 378.3745 97.40324 -307.1214 0 0 0 50 50 2500 -63.12318 10.40325 248.1938 -63.12318 10.40325 228.1938
1 376.7567 139.4032 -318.2189 0 0 0 50 50 2500 -63.12318 10.40325 248.1938 -63.12318 10.40325 228.1938
1 325.96 178.2623 -272.5552 0 0 0 40 40 1600 360.0528 4.262336 -256.1563 360.0528 4.262336 -276.1563
1 69.47335 178.2623 -272.9935 0 0 0 40 40 1600 360.0528 4.262336 -256.1563 360.0528 4.262336 -276.1563
3 372.0799 94.06055 -298.0009 0 0 0 30 100 10 363.1594 283.0605 -191.9913 423.7419 -146.9394 -901.8537
3 32.07996 94.06055 -298.0009 0 0 0 30 100 10 31.62153 173.0605 -207.1939 33.74185 -146.9394 -901.8537
1 1216.695 300.5833 1471.399 0 0 0 70 70 4900 1162.05 300.5833 1487.159 1162.05 300.5833 1467.159
1 1162.421 222.5833 1436.069 0 0 0 50 50 2500 1162.05 300.5833 1487.159 1162.05 300.5833 1467.159
1 1154.598 222.5833 1514.77 0 0 0 50 50 2500 1162.05 300.5833 1487.159 1162.05 300.5833 1467.159
1 1194.64 254.5833 1551.827 0 0 0 50 50 2500 1162.05 300.5833 1487.159 1162.05 300.5833 1467.159
1 1204.578 254.5833 1420.713 0 0 0 50 50 2500 1162.05 300.5833 1487.159 1162.05 300.5833 1467.159
3 424.4888 72.40324 -300.8282 0 0 0 90 120 50 -63.12318 10.40325 248.1938 -63.12318 10.40325 228.1938
3 -25.51115 73.40324 -300.8282 0 0 0 90 120 50 -63.12318 10.40325 248.1938 -63.12318 10.40325 228.1938
3 -58.51115 73.40324 311.1718 0 0 0 112 120 65 -63.12318 10.40325 248.1938 -63.12318 10.40325 228.1938
3 457.4888 73.40324 311.1718 0 0 0 112 120 65 -63.12318 10.40325 248.1938 -63.12318 10.40325 228.1938
3 -525.2136 364.4966 1550.968 0 315 0 130 100 20 -491.5631 364.4966 1589.146 -491.5631 364.4966 1569.146
3 -532.2098 364.4966 1360.276 0 225 0 130 100 20 -491.5631 364.4966 1589.146 -491.5631 364.4966 1569.146
3 -522.3681 364.4966 1539.153 0 315 0 130 200 30 -491.5631 364.4966 1589.146 -491.5631 364.4966 1569.146
3 -532.2098 364.4966 1360.276 0 225 0 130 150 30 -491.5631 364.4966 1589.146 -491.5631 364.4966 1569.146
3 -570.1057 364.4966 1413.758 0 270 0 130 150 30 -491.5631 364.4966 1589.146 -491.5631 364.4966 1569.146
3 -420.951 360.4966 1310.05 0 180 0 190 150 30 -491.5631 364.4966 1589.146 -491.5631 364.4966 1569.146
3 -417.3786 360.4966 1586.668 0 180 0 190 150 30 -491.5631 364.4966 1589.146 -491.5631 364.4966 1569.146
3 -416.5957 360.4966 1580.859 0 180 0 190 150 30 -491.5631 364.4966 1589.146 -491.5631 364.4966 1569.146
3 -420.6788 360.4966 1315.042 0 180 0 190 150 30 -491.5631 364.4966 1589.146 -491.5631 364.4966 1569.146
1 200.056 220.6958 1350.813 0 0 0 120 120 14400 220.056 210.6958 1370.813 220.056 210.6958 1350.813
1 367.6347 277.6353 1438.065 0 0 0 50 50 2500 220 210.6354 1372.651 220 210.6354 1352.651
3 200.096 495 1320.933 0 0 0 40 20 20 106.5755 319 1408.717 205.1122 455 1319.579
1 35.34533 276.6353 1439.446 0 0 0 20 20 400 220 210.6354 1372.651 220 210.6354 1352.651
1 39.45265 286.6353 1445.285 0 0 0 50 50 2500 220 210.6354 1372.651 220 210.6354 1352.651
1 365.3711 268.6353 1440.218 0 0 0 20 20 400 220 210.6354 1372.651 220 210.6354 1352.651
1 200.056 455.6958 1350.813 0 0 0 120 120 14400 220.056 210.6958 1370.813 220.056 210.6958 1350.813
1 247.3244 191.5407 1203.128 0 0 0 70 70 4900 221.5883 213.5407 1284.343 221.5883 213.5407 1264.343
