1 3770.738 2245 -952.6648 0 0 0 130.1 130.1 16926.01 3794.2 2304 -861.0696 3665.498 2275 -1019.297
3 5007.232 3256.156 -1004.606 0 0 0 10 100 90 5139.22 3244.156 -997.4294 5823.928 1004.157 -1000.81
3 5525.219 2761.156 -1044.282 0 0 0 10 100 90 5631.319 2724.156 -1004.826 7817.229 1804.156 -1196.51
1 3592.333 2432 -1022.547 0 0 0 80.09999 80.09999 6416.008 3794.2 2304 -861.0696 3665.498 2275 -1019.297
3 6374.449 2636.156 -1010.714 0 0 0 10 100 90 5834.274 2676.664 -1966.98 5682.824 2626.243 -2065.898
3 5651.154 2631.156 -2069.07 0 45 0 10 100 90 5603.989 2724.156 -2194.693 5722.449 654.1564 3356.154
3 5595.038 2234.948 -153.2123 0 0 0 60 70 10 5551.751 2836.948 -5.016271 5369.831 2206.948 309.86
3 5143.083 2244.948 688.8998 0 90 0 60 70 10 5568.022 2386.948 451.5442 5698.719 2311.948 3006.201
3 5602.578 2274.948 920.7122 0 0 0 60 70 10 5595.105 2886.948 1226.663 5603.55 2291.948 2451.107
3 5593.307 2709.948 1372.568 0 0 0 60 70 10 5586.611 2726.948 1275.883 5603.55 2591.948 2451.107
3 5608.272 2709.948 2009.709 0 0 0 60 70 10 5591.668 3246.948 2764.869 5623.482 2800.948 3990.959
3 5606.201 3214.948 3183.866 0 0 0 60 70 10 5592.492 3226.948 3172.774 5623.482 3100.948 3990.959
3 4679.823 3256.156 -984.0031 0 0 0 10 100 90 4412.923 3244.156 -1000.891 5823.928 2704.156 -1000.81
3 5577.951 3249.948 3398.307 0 0 0 60 70 10 5602.488 3246.948 3172.486 5623.482 3000.948 3990.959
1 3752.43 2659 -899.4066 0 0 0 80.09999 80.09999 6416.008 3617.637 2630 -881.903 3723.865 2775 -1066.283
1 3758.637 2799 -1100.448 0 0 0 80.09999 80.09999 6416.008 3617.637 2630 -881.903 3723.865 2775 -1066.283
1 3747.222 3327 -993.2722 0 0 0 80.09999 80.09999 6416.008 3617.637 2630 -881.903 3723.865 2775 -1066.283
1 3589.94 3507 -999.5156 0 0 0 80.09999 80.09999 6416.008 3617.637 2630 -881.903 3723.865 2775 -1066.283
1 3762.196 3572 -998.069 0 0 0 110.1 110.1 12122.01 3617.637 2630 -881.903 3723.865 2775 -1066.283
1 3589.779 2949 -998.9055 0 0 0 80.09999 80.09999 6416.008 3617.637 2630 -881.903 3723.865 2775 -1066.283
3 3621.817 3126 -992.6949 0 0 0 200 1000 200 3584.337 3211 -987.4152 6035.759 -1389 -1039.543
1 3747.389 2126 -1099.1 0 0 0 75.09999 75.09999 5640.008 3794.2 2304 -861.0696 3665.498 2275 -1019.297
1 3758.598 2518 -1004.678 0 0 0 80.09999 80.09999 6416.008 3794.2 2304 -861.0696 3665.498 2275 -1019.297
3 3589.779 3161 -998.9055 0 0 0 30.09999 155.1 30 3560.563 3161 -1000.511 4363.779 2775 -1000.768
3 3966.929 4301 -1012.061 0 0 0 160 400 200 3836.016 4198 -995.9502 6070.127 1021 -900.4814
3 4052.647 3604.003 -1098.31 0 0 0 60 30 60 3938.187 3691.003 -1132.187 4095.451 3555.003 -1032.104
3 4012.548 3121 -952.5881 0 0 0 200 150.1 200 3966.337 3176 -998.8152 5418.326 2881 -969.1759
3 4080.698 3617.003 -896.4549 0 0 0 40 30 40 3986.414 3622.003 -917.9047 4123.703 3564.003 -876.6192
3 4071.234 3612.003 -897.9811 0 0 0 50 30 50 3932.73 3693.003 -1032.236 4063.22 3679.003 -909.842
3 3860.951 3979 -998.1146 0 0 0 40.00001 70.00001 200 3902.884 4100 -1066.775 4374.301 -20969 1210.884
3 3840.951 3549 -998.1146 0 0 0 20.00001 400 200 3977.117 4017 -1117.032 -6689.995 -18599 8090.248
1 3756.249 2734 -1004.348 0 0 0 80.09999 80.09999 6416.008 3617.637 2630 -881.903 3723.865 2775 -1066.283
3 4075.116 3611.003 -1006.702 0 0 0 50 40 60 3932.73 3693.003 -1032.236 4063.22 3679.003 -909.842
3 148.8568 176 -128.4215 0 0 0 370 200 260 -84.11455 35 0.298419 2600 -699.9999 0
3 574.5757 321 -88.95402 0 90 0 140 100 60 490.7574 300 1.327522 1733.805 -139.9999 -1491.689
3 574.5757 353 -238.954 0 90 0 120 130 60 560.7292 324 -94.5349 567.1238 -464.9999 -3312.052
3 1389.344 781 -219.4902 0 0 0 770 400 500 670.1303 950 -72.50143 4800 -399.9999 0
3 1371.623 748 -197.335 0 90 0 260 230 100 560.7292 324 -94.5349 567.1238 -464.9999 -3312.052
3 1149.196 823 -99.56778 0 90 0 100 160 160 1098.198 824 22.52226 1537.239 -564.9999 -3382.659
3 2213.813 1338 -715.9669 0 90 0 300 330 150 2129.042 1154 -356.7722 1761.46 -585 -8070.243
3 2891.433 1761 -996.9362 0 0 0 570 300 300 2262.448 1695 -1001.249 6059.543 -340 -947.532
1 3629.571 2357 -940.2316 0 0 0 70.09999 70.09999 4914.008 3794.2 2304 -861.0696 3665.498 2275 -1019.297
3 2264.209 1526 -1084.836 0 0 0 170 300 140 1952.986 1470 -1000.835 6059.543 -40.00001 -947.532
3 2889.041 1706 -995.2857 0 0 0 570 300 140 2657.409 1695 -995.6851 6059.543 559.9999 -947.532
3 3699.709 1956 -999.0347 0 0 0 300 300 300 3362.709 2170 -768.0778 5371.745 1540 -1974.797
3 5578.822 3886 3826.373 0 0 0 200 600 200 5573.61 4057 3873.651 5594.666 5037 4688.25
3 5573.502 3256 3820.948 0 0 0 200 100 200 5593.914 3197 3730.332 5594.666 3037 4688.25
1 5600.021 3197 3957.585 0 0 0 100 100 10000 5597.851 3270 4010.275 5597.851 3270 3990.275
3 5706.557 3438 3955.064 0 0 0 80 25 80 5703.833 3585 3834.934 5705.167 3374 4031.779
1 5700.343 3404 3958.068 0 0 0 70 70 4900 5597.851 3270 4010.275 5597.851 3270 3990.275
1 5502.345 3579 3956.948 0 0 0 70 70 4900 5597.851 3270 4010.275 5597.851 3270 3990.275
1 5700.623 3736 3957.36 0 0 0 100 100 10000 5597.851 3270 4010.275 5597.851 3270 3990.275
1 5496.649 3872 3959.299 0 0 0 80.00001 80.00001 6400.001 5597.851 3270 4010.275 5597.851 3270 3990.275
1 5700.21 4031 3954.47 0 0 0 70 70 4900 5597.851 3270 4010.275 5597.851 3270 3990.275
3 5529.195 3605 3966.816 0 0 0 90 25 90 5509.531 3695 3827.165 5486.475 3445 4239.37
3 5611.288 3542 3838.441 0 0 0 170 85.09999 180 5584.808 3602 3784.288 5304.724 3578 4307.51
3 5611.288 3372 3838.441 0 0 0 170 105.1 180 5554.975 3342 3789.207 6038.802 3653 4291.649
3 5616.205 3722 3839.348 0 0 0 170 105.1 180 5494.111 3612 3871.608 6755.088 4523 4716.467
3 5667.262 3760 3935.224 0 0 0 110 30 90 5673.208 3860 3857.169 5698.884 3670 4097.552
3 5616.205 3887 3839.348 0 0 0 170 75.09999 180 5644.847 3987 3845.454 4578.251 4243 4836.84
3 5531.622 3923 3949.774 0 0 0 90 25 80 5474.264 4020 3829.578 5541.076 3724 4226.833
3 5616.205 3992 3839.348 0 0 0 170 35.09999 180 5506.104 3987 3785.035 7440.578 4728 5498.88
3 5616.205 4122 3839.348 0 0 0 170 95.09999 180 5608.675 4302 3923.286 5630.908 -222 7647.503
3 5399.591 3302 4189.43 0 0 0 420 1000 176 5603.257 3812 4056.856 5630.908 -20222 11647.5
3 5613.423 2216 5016.052 0 0 0 200 500 1000 5594.923 2112 4257.54 5599.048 250 11986.7
3 5579.648 2001 6485.832 0 0 0 200 300 700 5594.923 2112 4307.54 5599.048 250 11986.7
3 6531.929 3521 8282.125 0 0 0 500 300 700 6547.979 3302 7705.496 6043.026 1290 14355.69
3 5804.23 2347 7104.959 0 0 0 440 200 150 5503.821 2450 7057.797 7055.26 1910 7050.97
3 6156.086 2656 7268.842 0 0 0 100.1 500 350 6147.054 2697 7191.349 5843.026 -809.9996 14355.69
3 6139.692 2921 7709.876 0 0 0 100.1 300 350 6136.87 2697 7484.642 5843.026 1190 16355.69
3 6296.95 2997 7896.01 0 0 0 330 230 200 6171.08 2900 7996.292 6621.861 2815 7609.38
3 6660.304 2943 7955.873 0 0 0 280 200 150 6521.334 2900 7959.147 8912.357 2400 7928.809
3 6807.793 3091 7760.211 0 0 0 240.1 150 450 6885.546 2999 7987.761 1772.644 335.0005 1626.656
3 6714.213 3212 7452.788 0 90 0 150.1 150 280 6903.977 3149 7543.755 -4442.254 -1865 12339.02
3 6569.291 3331 7579.25 0 0 0 100 250 130 6558.928 3187 7406.54 6043.026 1290 14355.69
1 4148.142 3318 -1004.925 0 0 0 120 120 14400 3988.828 3167 -998.3333 3988.828 3167 -1018.333
3 2107.444 1326 -703.5638 0 0 0 60.09999 300 50.00001 1931.576 1245 -682.2042 5967.205 -110 -1341.401
1 3590.152 4273.125 12987.99 0 0 0 380 380 144400 3991.981 4199.125 12969.42 3269.411 4464.125 13625.33
1 3591.805 3838.125 14785.71 0 0 0 400 400 160000 3617.348 3864.125 14819.66 2880.595 8509.125 9436.055
1 3539.789 4288.125 13837.55 0 0 0 620 620 384400 3691.203 4158.125 13763.07 1024.219 6217.125 13039.88
1 3587.705 3118.125 16574.24 0 0 0 400 400 160000 3617.348 3864.125 14819.66 2780.595 5399.125 9436.055
1 3649.466 2328.125 18710.71 0 0 0 400 400 160000 3617.348 3864.125 14819.66 3280.595 2999.125 9436.055
1 3603.701 288.1245 23911.14 0 0 0 400 400 160000 3617.348 3864.125 14819.66 3280.595 4099.125 9436.055
1 6588.94 3597.24 12485.04 0 0 0 70 70 4900 6546.672 4110.239 12382.06 6618.851 3455.24 11730.86
1 3488.998 -851.8754 27283.51 0 0 0 400 400 160000 3617.348 3864.125 14819.66 3680.595 4099.125 9436.055
1 3516.285 -1471.875 29084.19 0 0 0 900 900 810000 3545.036 -1237.875 28563.59 3701.578 -2325.875 35794.2
1 3642.071 -1641.875 29441.56 0 0 0 500 500 250000 3529.944 -1293.875 28903.25 3643.269 -3221.875 30000
1 3580.212 -1916.875 29733.78 0 0 0 400 400 160000 3548.715 -1493.875 29584.17 3619.42 -2586.875 32077.23
1 6716.08 4560.239 11883.37 0 0 0 100 100 10000 6745.121 4340.239 11797.95 6103.654 1595.24 12067.29
1 6733.495 3525.24 11810.67 0 0 0 100 100 10000 6477.774 3585.24 11807.74 6410.416 3200.24 14938.78
1 6473.554 3447.799 12357.13 0 0 0 100 100 10000 6179.162 3555.799 12627.74 6217.501 3423.799 13220.95
1 5947.597 3547.799 12666.7 0 0 0 100 100 10000 6159.637 3725.799 12657.69 -154.0898 1978.799 12631.73
1 5228.802 3957.799 12673.18 0 0 0 270 270 72900 5451.168 4005.799 12667.53 -154.0898 6978.798 12631.73
1 4838.495 4347.798 12662.01 0 0 0 350 350 122500 5287.341 4440.798 12636.9 -154.0898 2278.799 12631.73
1 3933.354 4312.798 12691.91 0 0 0 350 350 122500 3564.448 4440.798 12793.85 2559.947 4408.798 14087.16
1 6650.166 4364.349 9936.748 0 0 0 90 90 8100 6646.945 4397.349 9813.152 6647.493 4425.349 10352.45
1 6648.297 4463 9563.262 0 0 0 110 110 12100 6624.336 4322 9490.675 6624.336 4322 9470.675
3 6640.469 5014 9448.288 0 0 0 200 500 200 6646.643 5164 9295.826 6632.884 3002 10010.6
1 6644.757 4323 9438.116 0 0 0 200 200 40000 6633.752 4382 9359.918 6652.995 4150 10038.81
3 6650.067 3418 9095.423 0 0 0 200 95.00001 200 6533.17 3446 9124.527 6650.067 3332 9185.423
3 6646.264 3498 9092.177 0 0 0 200 78 200 6554.422 3625 9043.831 6655.891 3578 9121.027
3 6646.264 3673 9092.177 0 0 0 200 108 200 6634.03 3750 9054.719 6656.681 3533 9233.204
3 6649.027 4750 9042.105 0 0 0 200 813 200 6644.959 5174 9139.772 6629.705 2532 10648.81
3 6653.627 5105 9185.567 0 0 0 20.1 215 20 6643.838 5239 9123.467 6629.705 4432 12148.81
3 6630.321 5510 9071.684 0 0 0 200 313 200 6644.656 5429 9159.769 6648.382 3147 11458.77
1 6653.111 4812 9179.786 0 0 0 80 80 6400 6681.944 4812 9195.201 6681.944 4812 9175.201
1 6644.564 4685 9017.882 0 0 0 80 80 6400 6681.944 4812 9195.201 6681.944 4812 9175.201
1 6645.933 4486 9183.663 0 0 0 80 80 6400 6681.944 4812 9195.201 6681.944 4812 9175.201
1 6744.135 4376 9178.148 0 0 0 80 80 6400 6681.944 4812 9195.201 6681.944 4812 9175.201
1 6548.529 4221 9184.758 0 0 0 80 80 6400 6681.944 4812 9195.201 6681.944 4812 9175.201
1 6744.128 4101 9183.373 0 0 0 80 80 6400 6681.944 4812 9195.201 6681.944 4812 9175.201
1 6553.271 3980 9189.896 0 0 0 95 95 9025 6681.944 4812 9195.201 6681.944 4812 9175.201
1 6674.519 3866 9009.547 0 0 0 85 85 7225 6681.944 4812 9195.201 6681.944 4812 9175.201
1 6550.308 3653 9185.927 0 0 0 85 85 7225 6681.944 4812 9195.201 6681.944 4812 9175.201
1 6647.419 3455 9020.57 0 0 0 70 70 4900 6681.944 4812 9195.201 6681.944 4812 9175.201
1 6641.656 3328 9184.407 0 0 0 75 75 5625 6681.944 4812 9195.201 6681.944 4812 9175.201
1 6650.557 3228 9051.977 0 0 0 75 75 5625 6681.944 4812 9195.201 6681.944 4812 9175.201
3 6627.647 3213 8993.345 0 0 0 200 110 250 6642.177 3304 8892.099 6652.877 3142 9634.791
1 2758.66 2744.069 -1031.64 0 0 0 300 300 90000 2894.19 2701.069 -931.7725 2577.111 2459.069 -1190.465
1 3054.753 1744.478 -700.1202 0 0 0 140 140 19600 2934.113 1966.478 -781.9548 3070.18 1752.478 -706.6617
1 3053.568 1949.478 -701.4739 0 0 0 140 140 19600 3031.104 1986.478 -627.387 3070.18 1752.478 -706.6617
1 2867.45 2064.478 -700.2449 0 0 0 170 170 28900 2986.158 2190.478 -572.7563 3070.18 1752.478 -706.6617
1 2910.121 2124.478 -846.3063 0 0 0 170 170 28900 2968.839 2237.478 -654.2035 3070.18 1752.478 -706.6617
1 2896.729 2220.478 -919.5175 0 0 0 130 130 16900 2958.088 2237.478 -824.5872 2214.503 1682.478 -1573.58
1 2867.065 2399.478 -949.5652 0 0 0 140 140 19600 2958.088 2237.478 -824.5872 2214.503 1682.478 -1573.58
1 3872.086 3728.003 -1109.353 0 0 0 90 90 8100 3957.361 3733.003 -1051.484 4063.22 3679.003 -909.842
1 3873.927 3833.003 -885.0291 0 0 0 90 90 8100 3957.361 3733.003 -1051.484 4063.22 3679.003 -909.842
1 4074.11 3548.003 -893.1802 0 0 0 90 90 8100 3957.361 3733.003 -1051.484 4063.22 3679.003 -909.842
3 3863.014 3121 -958.5079 0 0 0 40.00001 150.1 200 3966.337 3176 -998.8152 5418.326 2881 -969.1759
3 5604.111 3907 4068.836 0 0 0 320 150 46.00001 5542.959 4145 4103.383 7548.058 -20862 4079.906
3 4015.903 3471 -1010.229 0 0 0 160 700 200 3885.644 4017 -993.64 11063.56 -13679 -1250.915
3 6724.008 4311 9162.208 0 45 0 10 70 10 6623.303 4326 8986.204 6948.598 4312 9405.845
1 6652.702 4291 9006.849 0 0 0 80 80 6400 6681.944 4812 9195.201 6681.944 4812 9175.201
1 2075.611 2669.069 -1051.342 0 0 0 200 200 40000 1871.361 2701.069 -978.8286 2577.111 2459.069 -1190.465
1 2427.278 2629.069 -789.2311 0 0 0 350 350 122500 2393.406 2846.069 -691.9915 2577.111 2459.069 -1190.465
3 962.1945 603 -204.4131 0 90 0 170 230 50 972.7401 579 -425.1625 1447.74 -204.9999 1288.927
3 4578.502 3231.156 -1008.737 0 0 0 100 100 90 4457.33 3214.156 -1000.59 5823.876 3289.156 -985.8098
3 6157.6 2916 7731.826 0 0 0 130.1 300 140 6103.149 2912 7623.556 12461.87 -389.9996 16229.23
3 6651.261 3823 9092.351 0 0 0 200 108 200 6560.052 4008 9052.779 6770.483 3803 9024.829
3 6651.261 3973 9092.351 0 0 0 200 138 200 6568.564 4064 8991.09 6719.842 3843 9205.911
3 6647.475 4650 9181.954 0 0 0 10.1 80 10.00001 6646.602 4747 8978.751 6642.937 4491 9366.19
3 6632.888 4839 9297.061 0 0 0 200.1 400 58.00001 6646.643 5324 9295.826 6632.884 3002 9510.601
3 5618.21 3302 4061.006 0 0 0 200.1 900 40.00001 5593.258 3367 4056.674 5630.908 -24222 9447.503
3 5598.158 3285 3962.019 0 0 0 50 25 50 5496.854 3330 3877.042 5696.069 3221 4028.317
3 5603.595 4242 4193.863 0 0 0 320 150 176 5604.588 4172 4039.801 5630.908 -20222 11647.5
3 6613.706 3463 8843.507 0 0 0 200 310 100 6642.177 3304 8892.099 6652.877 3142 9634.791
3 6640.003 4414 9273.311 0 0 0 200 100 30.00001 6646.643 5164 9295.826 6632.884 3002 10010.6
1 3587.705 3118.125 16574.24 0 0 0 400 400 160000 3617.348 3864.125 14819.66 2127.193 5899.125 9550.117
1 3011.823 2399.478 -819.4531 0 0 0 140 140 19600 2958.088 2237.478 -824.5872 2214.503 1682.478 -1573.58
3 1910.653 1216 -705.0158 0 0 0 160.1 300 150 1931.576 1245 -682.2042 5967.205 -110 -1341.401
3 6289.626 2886 7355.624 0 0 0 200.1 300 250 6136.87 2697 7484.642 5843.026 1190 16355.69
3 6465.915 2786 7650.726 0 0 0 230.1 300 250 6136.87 2697 7484.642 5843.026 1190 16355.69
3 6627.647 3383 8973.345 0 0 0 200 50.00001 100 6668.045 3435 8968.821 6652.877 3242 9634.791
3 6627.647 3592 8814.345 0 0 0 200 150 150 6642.177 3304 8892.099 6652.877 3142 9634.791
1 6646.438 4241.349 10135.8 0 0 0 300 300 90000 6646.1 4377.349 10164.9 6585.46 2905.349 12218.82
1 6637.313 4021.349 10555.37 0 0 0 300 300 90000 6646.1 4377.349 10164.9 6570.701 2305.349 12216.77
3 6544.728 3731.349 11608.26 22.5 8.4375 0 50.00001 60.00001 280 6532.924 3762.349 11659.84 6554.912 2530.349 12816.18
3 6584.981 3581.349 12124.2 0 1.40625 0 50.00001 60.00001 280 6593.096 3617.349 11915.1 6599.899 3400.349 12817.14
1 6675.583 4366.349 9993.196 0 0 0 90.00001 90.00001 8100.001 6647.088 4397.349 9946.152 6647.493 4225.349 10352.45
3 6526.247 3831.349 11210.94 5.625 354.375 0 50.00001 60.00001 280 6554.175 3882.349 11025.17 6495.925 3520.349 12784.52
