1 3159.677 -3877.277 2258.05 0 0 0 150 150 22500 3105.363 -3967.277 2269.279 4626.237 -7903.277 4135.17
1 -223 -137 63 0 0 0 100 100 10000 -489.5176 -400 222.0579 -467.9442 -500 350.0702
3 -457.9336 -439 327.8883 0 28.125 56.25 400 80.09999 100 -462.4619 -290 243.1722 -317.615 -6235 2599.627
3 -583.5346 -1009 734.6112 0 43.59375 87.1875 420 150.1 150 -682.4336 -970 962.8171 3085.036 -10365 3407.392
3 3203.54 -3957.277 2265.883 0 0 0 59.99997 200 150 3191.092 -4021.277 2338.538 3221.045 -14191.28 7858.991
3 3186.543 -4207.277 2598.425 330.4688 0 0 79.99997 450 120 3191.092 -4021.277 2338.538 3221.045 -18000.28 7858.991
3 3195.305 -4716 3215.549 0 0 0 200 200 110 3196.028 -4519 3203.262 3155.556 -5580 4488.826
1 3191.39 -4782 3274.42 0 0 0 190 190 36100.01 3196.028 -4519 3203.262 3155.556 -5580 4488.826
1 3193.748 -4661 3265.997 0 0 0 70.00001 70.00001 4900.001 3196.028 -4519 3203.262 3155.556 -5080 4488.826
3 3318.985 -4381 3563.55 0 0 0 200 200 110 3184.363 -4519 3573.081 12960.16 -10210 3965.653
3 3598.683 -4332 3693.234 0 270 0 200 200 110 3593.61 -4394 3472.768 3284.119 -8865 12260.56
3 3191.964 -4541 3399.093 0 0 0 100 100 80 3189.087 -4599 3301.49 3168.485 -5055 5092.143
3 3651.378 -4392 4209.749 0 270 0 350 300 210 3593.61 -4394 3472.768 3284.119 -11065 12260.56
3 3620.019 -4577 4364.776 0 270 0 150 100 190 3593.61 -4394 3472.768 3284.119 -11065 12260.56
1 3594.434 -4702 4377.604 0 0 0 250 250 62500.02 3593.61 -4394 3472.768 3284.119 -11065 12260.56
1 3676.927 -4627 4272.329 0 0 0 160 160 25600.01 3593.61 -4394 3472.768 3284.119 -11065 12260.56
1 3613.988 -4637 4076.776 0 0 0 160 160 25600.01 3593.61 -4394 3472.768 3284.119 -11065 12260.56
3 3726.445 -4467 4275.536 0 270 0 70.00003 300 100 3721.082 -4394 4191.194 1521.608 -13635 12972.6
3 3620.019 -4607 4164.776 0 270 0 150 100 190 3593.61 -4394 3472.768 3284.119 -11065 12260.56
3 3602.855 -4452 4874.422 0 270 0 160 200 110 3594.846 -4394 4747.298 3421.119 -9340 13179.1
3 3612.012 -4497 4665.177 0 270 0 150 50.09999 110 3594.846 -4394 4747.298 3421.119 -7540 13179.1
1 3597.807 -4430 4951.097 0 0 0 140 140 19600.01 3593.61 -4394 3472.768 3284.119 -11065 12260.56
1 3589.052 -4610 4883.203 0 0 0 90.00003 90.00003 8100.007 3596.755 -4473 4786.047 3421.119 -19340 13179.1
3 3587.336 -4312 5403.355 0 270 0 70.00003 200 110 3431.236 -4174 5396.29 15611.78 -9340 6034.745
1 3586.202 -4265 5390.38 0 0 0 140 140 19600.01 3593.61 -4394 3472.768 3284.119 -11065 12260.56
3 4257.439 -4027 5620.418 0 270 0 340 200 190 4229.866 -3984 5234.163 4324.109 -10330 26971.94
3 4356.125 -3996 5513.354 0 281.25 0 440 300 220 4242.417 -3984 5251.399 3936.614 -10330 15337.04
3 4454.599 -3834 5784.553 0 0 0 140 240 120 4153.576 -3984 5782.526 9712.815 -2830 6054.743
3 4378.151 -3597 5749.232 0 0 0 140 250 90 4368.779 -3540 5723.239 4225.801 -13232 19734.34
3 4314.715 -3924 5840.317 0 0 0 140 240 120 4153.576 -3984 5782.526 9712.815 -4830 6054.743
3 4376.798 -3516 5990.276 0 0 0 140 120 150 4364.772 -3568 5799.958 4225.801 -9232 19734.34
3 4368.767 -4059 6495.034 60.46875 0 0 140 130 800 4360.548 -3568 6221.922 4235.801 -27000 15734.34
3 4330.005 -4366 7229.939 0 0 0 140 190 450 4305.967 -4248 6882.394 4235.801 -27000 30000
3 4367.91 -5059 8786.741 0 0 0 120 120.1 160 4364.854 -5026 8711.744 4370.854 -5595 9468.291
3 4301.248 -5271 8903.985 0 0 0 20 200 20.00001 4295.456 -5046 8901.031 4293.05 -5564 8944.522
3 4431.248 -5271 8903.985 0 0 0 20 200 20.00001 4429.625 -5032 8901.567 4431.05 -5564 8912.522
3 4366.248 -5271 8903.985 0 0 0 20 200 20.00001 4364.625 -5032 8901.567 4365.05 -5564 8912.522
3 4366.396 -5258 9172.01 61.875 0 0 30 330 60.00001 4364.211 -5397.295 8949.977 4368.502 -5140.188 9489.585
3 4366.793 -5370 8902.762 0 0 0 40 70 40 4367.325 -5370 8984.079 4367.099 -5416 8904.501
3 4388.459 -5462 10487.57 0 0 0 70 200 70 4372.602 -5388.941 10417.71 5159.326 -5966 11607.54
3 4350.629 -5132 10444.41 0 337.5 0 140 180 130 4349.53 -5130.811 10362.85 4286.849 -5371 10988.72
3 4210.063 -5177 10644.25 0 67.5 0 110 200 80 4239.904 -5130.811 10365.59 4051.866 -5501 11554.21
3 4213.18 -4867 10632.06 0 67.5 0 110 200 150 4218.125 -4730.811 10438.23 3986.115 -5191 11476.37
3 3984.974 -4672 10576.19 0 67.5 0 140 200 150 4135.063 -4640.811 10404.45 3514.154 -5326 11856.27
3 3975.429 -4385 10483.87 0 45 0 110 300 150 4017.024 -4355.811 10304.66 4796.669 -9256 18272.82
3 4085.538 -4746 10575.94 0 67.5 0 60 150 60 4165.741 -4741.811 10518.68 2686.516 -5526 11028.07
3 4122.548 -4140 10730.69 0 45 0 220 320 140 4273.18 -4005.811 10341.67 2737.521 -5396 14381.41
3 4252.142 -3765 11048.31 0 45 0 220 500 200 4290.128 -3800.811 10819.29 3091.338 -5056 14773.57
3 4328.993 -3725 11300.3 0 45 0 250 230 80.00001 4525.225 -3685.811 11108.99 1049.503 -5836 14606.46
3 4314.163 -3695 11317.87 0 45 0 160 100 70.00001 4525.225 -3685.811 11108.99 1049.503 -5536 14606.46
3 4201.474 -3865 10901.27 0 45 0 100 400 80.00001 4290.128 -3800.811 10819.29 2460.316 -5222 14337.99
3 4138.094 -3285 11053.88 0 45 0 220 500 200 4320.942 -3360.811 10907.26 1863.967 -5056 12195.55
3 4186.816 -3290 11117.44 0 337.5 0 170 150.1 100 4141.41 -3360.811 10997.17 6443.38 -6406 14744.06
3 3903.354 -3600 11696.39 0 45 0 360 400 200 3999.114 -3710.811 11620.02 28.94309 -5166 15136.23
3 3640.6 -3300 12187.64 0 45 0 350 200 170 3822.593 -3180.811 11968.75 -2850.786 -10801 18666.83
3 3319.426 -5285 14921.44 63.28125 270 0 400 300.1 150 3319.191 -4936.811 14679.69 3142.036 -30000 22390
3 3275.353 -4867 14400.88 0 270 0 350 100.1 100 3330.832 -4916.811 14105.33 3142.036 -7000 22390
3 3680.663 -6318.186 17556.26 0 1.40625 0 150 1000 1000 3413.797 -6592.186 16912.38 3413.797 -6592.186 16892.38
3 3241.01 -6248.186 17496.04 0 0 0 150 1000 500 3413.797 -6592.186 16912.38 3413.797 -6592.186 16892.38
3 3675.612 -6338.186 17401.48 0 0 0 550 1000 1000 3430.918 -6757.186 17076.47 3313.797 -16592.19 29992.38
3 3303.62 -5785 15382.82 63.28125 270 0 400 200.1 100 3334.479 -5541.811 15398.04 3142.036 -30000 27390
3 3308.581 -5731 15207.53 355.7813 270 0 150 100.1 100.1 3319.65 -5621.811 15158.82 3142.036 -8900.003 22390
3 3329.845 -6010 16021.25 355.7813 270 0 300 150.1 100.1 3301.063 -5796.811 15664.66 3142.036 -12000 23890
3 3343.608 -6255 16304.81 63.28125 270 0 400 250.1 200 3319.191 -4936.811 14679.69 3142.036 -30000 30000
3 3439.057 -6801 16997.68 355.7813 270 0 100 100.1 60.09999 3426.36 -6741.811 16931.98 3142.036 -8000.003 22390
3 3435.493 -6424.753 18371.51 0 0 0 70 700 70 3436.179 -5976.753 18302.35 3440.771 -5377.753 18526.82
3 3117.126 -6001 18207.32 355.7813 270 0 100 300.1 600 3499.498 -5828.811 18229.94 -17038.53 -14390 17529.22
3 2149.66 -6490 18231.2 0 270 0 160 800.1 900 2896.473 -5828.811 18230.42 -8038.533 -30000 18000.22
1 2969.952 -6000.467 18228.08 0 0 0 100 100 10000 2963.125 -5915.467 18250.47 2963.125 -5915.467 18230.47
3 1614.939 -7535 18209.61 0 270 0 160 800.1 400 1838.686 -7158.811 18223.79 -18566.36 -30000 17969.73
3 108.9926 -8415 17317.49 0 0 0 200 300.1 990 146.888 -8318.811 17964.89 294.9058 -26000 -6460.688
3 144.064 -8521 17281.94 0 0 0 100 200.1 330 165.8264 -8393.811 17464.41 294.9058 -30000 -4460.688
1 146.9385 -8679.605 17230.96 0 0 0 130 130 16900 23.66242 -8532.605 17269.27 1439.998 -9580.605 16262.56
1 145.8844 -8543.605 17262.81 0 0 0 60 60 3600 23.66242 -8532.605 17269.27 1439.998 -9580.605 16262.56
3 82.21382 -9401 14351.05 0 0 0 300 300.1 660 75.59676 -9309.811 14728.95 328.1615 -30000 327.9452
3 195.8112 -9471 13778.25 0 0 0 200 100.1 160 75.59676 -9309.811 14728.95 328.1615 -20100 327.9452
3 226.0319 -8731 10548.74 0 0 0 800 800.1 760 75.59676 -9309.811 14728.95 328.1615 -23000 327.9452
3 159.4469 -8840.654 10155.11 0 0 0 50 150 70 162.1461 -8709.654 10268.15 120.5513 -8972.654 9214.576
3 156.2311 -8631 9931.434 0 0 0 200 200.1 360 75.59676 -9309.811 14728.95 328.1615 -12000 327.9452
3 -244.1495 -8335 10133.54 0 0 0 500 100.1 40.00001 311.9045 -8392.811 10132.07 -14778.9 -12000 10274.66
1 158.1723 -8427.15 10137.05 0 0 0 70 70 4900 169.2027 -8424.15 10136.69 169.2027 -8424.15 10116.69
3 -694.9148 -7294.771 10210.98 0 0 0 80 1000 150 -652.4094 -6778.771 9942.267 -694.4102 -7433.771 10329.4
3 -854.9148 -7944.771 10140.98 0 0 0 300 1000 120 -656.9998 -8998.771 9315.565 -694.4102 -7433.771 10329.4
3 -653.3431 -8579.771 10177.37 0 0 0 300 200 320 -656.9998 -8998.771 9315.565 -694.4102 -7433.771 10329.4
3 -684.5402 -6897.771 10268.85 0 0 0 80 140 220 -698.9757 -6899.771 10115.28 -694.4102 -7003.771 10329.4
1 125.2202 -8532.516 9628.09 0 0 0 80 80 6400 132.9192 -8527.516 9709.925 132.1306 -10032.52 -30000
3 120.7477 -8994.001 8478.815 0 0 0 100 1000 100 94.89456 -7110.001 8439.42 450.5996 -9280.003 9115.273
3 144.4704 -9379.001 8639.19 0 0 0 500 1000 220 126.0925 -6895.001 8462.795 144.1718 -6000.003 8402.635
1 154.364 -7653.681 8827.092 0 0 0 300 300 90000 56.66133 -7804.682 8386.574 328.1552 -8931.682 9346.753
3 123.7872 -9952.484 8461.031 0 0 0 70 50 100 73.23533 -9932.484 8301.762 118.8629 -9982.484 8471.686
3 -377.3766 -1434 1193.838 45 88.59375 42.1875 420 150.1 150 -396.2938 -1355 1377.1 4924.809 -10865 967.97
3 156.9695 -1894 1262.337 0 196.875 315 470 150.1 150 236.7811 -1735 1442.982 5301.578 -12085 -1385.086
3 578.1957 -2289 1219.277 0 201.0938 315 420 200.1 200 561.5988 -2160 1182.883 6502.939 -12915 529.1823
3 926.7595 -2789 1249.143 0 144.8438 315 620 300.1 300 943.9231 -2470 1112.833 12646.9 -15975 7373.551
3 1779.309 -3279 1080.58 0 178.5938 315 1000 900.1 1000 2427.626 -3495 1657.263 5057.621 -7360 4316.708
3 2778.859 -4049 1983.641 0 180 0 350 400.1 400 2528.698 -3805 2255.431 12893.04 -10700 2592.602
3 4385.922 -5254.875 7328.896 0 0 0 500 150 700 4335.554 -5164.875 7350.313 4335.554 -5164.875 7330.313
3 4385.922 -4886.875 7328.896 0 0 0 300 350 800 4362.713 -5032.875 7869.302 4380.359 -6634.875 11599.88
1 4335.751 -5186.795 9737.039 0 0 0 240 240 57600 4380.942 -5150.795 9562.773 4365.897 -5155.795 9548.023
1 4342.434 -5479.795 9957.979 0 0 0 300 300 90000 4383.394 -5361.795 10047.38 4306.626 -6330.795 11846.9
1 3655.42 -4469 3624.92 0 0 0 40 40 1600 3623.582 -4525 3632.057 3623.582 -4525 3612.057
1 3594.802 -4454 3646.611 0 0 0 40 40 1600 3623.582 -4525 3632.057 3623.582 -4525 3612.057
1 3549.06 -4472 3645.824 0 0 0 40 40 1600 3623.582 -4525 3632.057 3623.582 -4525 3612.057
3 4352.031 -4802 6431.818 109.6875 0 0 140 200 600 4360.548 -3568 6221.922 4235.801 -27000 15734.34
3 4349.399 -4682 6711.042 90 0 0 140 200 300 4360.548 -3568 6221.922 4235.801 -27000 15734.34
1 3647.553 -5456 18145.32 0 0 0 350 350 122500 3499.498 -5828.811 18229.94 -17038.53 -14390 17529.22
3 2315.224 -7137 18224.56 0 270 0 160 100.1 400 2369.14 -7138.811 18202.29 -8105.542 -12000 18058.55
3 155.6215 -8646 16478.33 0 0 0 200 300.1 500 148.9228 -8393.811 16736.55 294.9058 -30000 539.3109
3 153.3144 -8481 16771.78 0 0 0 100 200.1 200 148.9228 -8393.811 16736.55 294.9058 -20000 -4460.688
3 386.1688 -9428 15463.04 292.5 0 0 200 400.1 800 242.8164 -9037.811 15804.69 294.9058 -30000 9639.309
3 -52.87512 -8918 16145.63 292.5 0 0 200 300.1 800 116.0588 -8667.811 16433.91 294.9058 -30000 5639.31
3 12.43241 -9403 15582.49 0 0 0 200 200.1 400 137.7443 -9342.811 15920.07 100.0058 -13000 5539.31
3 142.2553 -10013 14522.39 0 0 0 300 200.1 400 121.2396 -9872.811 14957.9 100.0058 -15900 5539.31
3 177.4194 -9943 15006.98 292.5 0 0 200 350.1 250 238.5087 -9739.811 15218.59 294.9058 -30000 -3360.688
3 176.3419 -10138 14107.51 0 0 0 300 120.1 120 411.7226 -9952.811 14280.41 -6724.689 -15490 7186.896
3 14.70828 -9973 13880.41 0 0 0 300 120.1 120 270.1443 -9812.811 14169.29 -6987.976 -16910 2456.938
3 37.66034 -9838 14006.84 0 0 0 300 120.1 120 270.1443 -9812.811 14169.29 -6987.976 -16910 2456.938
3 -72.64899 -9598 13821.75 0 0 270 300 120.1 120 -8.992052 -9582.811 13951.04 2384.005 -13780 5699.297
3 -1.523239 -9838 13749.2 0 0 270 130.1 160.1 80.00001 -4.693741 -9847.811 13944.33 100.0058 -15000 5539.31
3 784.9385 -7775 18209.61 0 270 0 160 800.1 400 1013.589 -7538.811 18231.64 -10566.36 -30000 17969.73
3 182.3863 -8215 18161.3 0 0 0 300 300.1 150 109.0703 -8208.811 18295.22 -4999.093 -30000 -6460.688
3 134.9436 -8456 17734.15 0 0 0 100 100.1 140 137.4436 -8453.811 17813.21 294.9058 -20000 -4460.688
3 145.1291 -9471 13340.18 0 0 0 200 100.1 300 154.5903 -9429.811 13650.36 328.1615 -16000 327.9452
3 152.1008 -8876 12055.66 0 0 0 120 60 100 235.3012 -8836 12131.15 139.7686 -8904 12090.35
3 132.1008 -8992 11895.66 0 0 0 130 60 60 197.1176 -8925 11949.85 123.8683 -9139 11700.25
3 132.1008 -8927 11725.66 0 0 0 100 100 160 145.2563 -8979 11906.41 147.0522 -9596 8163.378
3 152.1008 -8876 11905.66 0 0 0 120 60 100 173.8716 -8852 12042.54 147.3115 -8983 11878.27
1 118.124 -7718.681 8507.188 0 0 0 200 200 40000 56.66133 -7804.682 8386.574 328.1552 -8931.682 9346.753
3 3695.989 -4392 3489.812 0 270 0 200 200 150 3699.993 -4484 3304.042 2026.128 -9025 13378.16
1 -369.5211 -320 154.762 0 0 0 100 100 10000 3133.607 -4060.736 2267.97 -467.9442 -500 350.0702
3 3192.986 -4811 2891.238 0 0 0 200 200 210 3190.714 -4734 2680.443 3155.556 -5180 4488.826
1 4306.262 -5124 8595.729 0 0 0 60 60 3600 4382.951 -5170 8703.764 4382.951 -5170 8683.764
3 4291.246 -5151 8664.563 0 0 0 30 102 40 4366.172 -5119 8657.222 4281.436 -5145 8659.387
1 4437.123 -5117 8612.59 0 0 0 60 60 3600 4382.951 -5170 8703.764 4382.951 -5170 8683.764
1 4367.688 -5086 8593.798 0 0 0 60 60 3600 4382.951 -5170 8703.764 4382.951 -5170 8683.764
3 4441.246 -5151 8664.563 0 0 0 30 100 40 4366.172 -5119 8657.222 4281.436 -5145 8659.387
3 4367.795 -5055 8614.791 0 0 0 140 60 40 4382.951 -5170 8703.764 4382.951 -5170 8683.764
1 4324.532 -5109 8347.222 0 0 0 40 40 1600 4382.951 -5170 8703.764 4382.951 -5170 8683.764
1 4416.179 -5109 8338.802 0 0 0 40 40 1600 4382.951 -5170 8703.764 4382.951 -5170 8683.764
1 4363.401 -5096 8345.98 0 0 0 40 40 1600 4382.951 -5170 8703.764 4382.951 -5170 8683.764
3 4268.17 -5151 8546.998 0 0 0 70 60 220 4382.951 -5170 8703.764 4382.951 -5170 8683.764
3 4468.17 -5151 8546.998 0 0 0 70 60 220 4382.951 -5170 8703.764 4382.951 -5170 8683.764
3 4379.487 -5051.875 8329.616 0 0 0 100 150 320 4361.293 -5132.875 8034.48 4380.359 -6034.875 11599.88
3 3634.207 -3760 12952.65 45 108.2813 0 650 200 170 3445.253 -3270.811 12525.69 6371.088 -15096 18142.67
3 3531.921 -4378 13610.14 45 40.78125 0 450 200 170 3297.872 -4115.811 13203.32 3437.724 -16641 23915.41
3 3432.536 -5996 15593.68 355.7813 270 0 200 100.1 100.1 3319.65 -5621.811 15158.82 3142.036 -12000 22390
3 3675.612 -6338.186 17401.48 0 0 0 550 1000 1000 3414.897 -6387.186 16460.73 3313.797 -16592.19 29992.38
3 3443.066 -6801 17985.67 355.7813 270 0 320 100.1 60.09999 3426.36 -6741.811 16931.98 3142.036 -8500.003 22390
1 3612.93 -4742 3967.385 0 0 0 160 160 25600.01 3537.86 -4489 3955.375 7853.574 -11065 5375.682
3 1397.393 -7099.576 17603.31 0 337.5 0 600 1000 200 1587.127 -6509.576 18147.49 1587.127 -6509.576 18127.49
3 3356.76 -6617.518 16177.94 0 0 0 260 200 700 3297.701 -6449.518 15742.83 3461.026 -7384.518 18455.64
3 3202.81 -4007.277 2268.484 0 0 0 59.99997 50.00001 60.00001 3193.99 -3946.277 2219.761 3221.045 -7691.279 7858.991
3 3546.191 -4450 5172.073 0 0 0 140 140 150 3593.32 -4337 5014.116 3746.22 -5507 11675.73
3 3885.575 -4067 5427.796 0 270 0 100 200 220 3631.25 -4179 5395.871 18566.47 -8705 5707.108
3 4299.983 -3634 6769.397 60.46875 0 0 240 330 400 4360.548 -3568 6221.922 4235.801 -27000 15734.34
3 144.4704 -8849.001 8639.19 0 0 0 900 1000 220 126.0925 -6895.001 8462.795 144.1718 -6000.003 8402.635
1 121.1272 -7838.066 8500.453 0 0 0 130.1 130.1 16926.01 139.0906 -8801.065 8542.904 139.0906 -8801.065 8522.904
1 121.1272 -7893.066 8500.453 0 0 0 130.1 130.1 16926.01 139.0906 -8801.065 8542.904 139.0906 -8801.065 8522.904
1 3524.177 -4512 3648.241 0 0 0 40 40 1600 3623.582 -4525 3632.057 3623.582 -4525 3612.057
1 3668.691 -4512 3649.168 0 0 0 40 40 1600 3623.582 -4525 3632.057 3623.582 -4525 3612.057
3 3598.683 -4272 3693.234 0 270 0 200 200 110 3593.61 -4394 3472.768 3284.119 -9865 12260.56
3 3333.772 -6516 17074.69 0 270 0 100 100.1 110.1 3462.755 -6536.811 17098.5 746.2486 -9230.003 21695.36
3 3283.437 -6586 17031.28 0 270 0 100 100.1 110.1 3462.755 -6536.811 17098.5 746.2486 -9230.003 21695.36
1 33.96854 -8921.045 10596.19 0 0 0 60 60 3600 46.40638 -9000.045 10516.56 46.40638 -9000.045 10496.56
1 147.2256 -8976.045 10537.17 0 0 0 60 60 3600 46.40638 -9000.045 10516.56 46.40638 -9000.045 10496.56
1 150.5455 -8463.15 10042.65 0 0 0 70 70 4900 210.7028 -8458.15 10076.25 145.7931 -8525.15 10024.45
3 -694.9148 -8009.771 10210.98 0 0 0 80 400 150 -652.4094 -6778.771 9942.267 -694.4102 -7833.771 10329.4
1 -693.46 -7104.771 10192.05 0 0 0 150 150 22500 -656.9998 -8998.771 9315.565 -694.4102 -7433.771 10329.4
3 73.21764 -9303 15209.57 0 0 0 200 300.1 200 137.7443 -9342.811 15920.07 100.0058 -13000 5539.31
3 120.7477 -8764.001 8478.815 0 0 0 100 1000 100 94.89456 -7110.001 8439.42 450.5996 -9280.003 9115.273
1 157.2195 -8550.516 9708.563 0 0 0 40 40 1600 146.2245 -8532.516 9729.021 146.2245 -8532.516 9709.021
3 146.3276 -9133.72 12131.55 0 0 0 20 70 20 146.2251 -9244.72 12139.07 144.7746 -9180.72 12125
3 146.3276 -9000.72 12131.55 0 0 0 20 70 20 175.4325 -8839.72 12069.89 144.7746 -9180.72 12125
3 125.406 -9872.484 7876.175 0 0 0 150 250 350 126.6221 -9792.484 7749.505 115.1786 -10165.48 7209.528
1 118.0078 -8882.934 11112.1 0 0 0 22 22 484 120.9533 -8939.934 11138.91 120.9533 -8939.934 11118.91
1 66.46146 -8934.934 11199.51 0 0 0 32 32 1024 120.9533 -8939.934 11138.91 120.9533 -8939.934 11118.91
1 192.5331 -8954.934 11076.77 0 0 0 22 22 484 120.9533 -8939.934 11138.91 120.9533 -8939.934 11118.91
1 215.9645 -8936.934 11272.57 0 0 0 22 22 484 120.9533 -8939.934 11138.91 120.9533 -8939.934 11118.91
3 134.9787 -8855.447 11834.01 0 0 0 200 100 20 144.9736 -8948.447 11742.2 144.9736 -8948.447 11722.2
3 141.3206 -8927 11417.35 0 0 0 100 100 160 147.4117 -8979 11321.71 147.0522 -9896 8163.378
3 156.214 -8903 11800.55 0 0 0 100 60 60.00001 238.8065 -8854 11819.04 -634.4794 -9746 11351.93
1 4296.794 -5144 8335.211 0 0 0 40 40 1600 4382.951 -5170 8703.764 4382.951 -5170 8683.764
1 4439.168 -5145 8338.784 0 0 0 40 40 1600 4382.951 -5170 8703.764 4382.951 -5170 8683.764
3 4377.511 -5055 8431.487 0 0 0 70 60 110 4450.658 -5025 8294.025 4382.951 -5170 8683.764
3 4377.511 -5055 8553.487 0 0 0 70 60 80.00001 4364.237 -5048 8433.038 4382.951 -5170 8683.764
1 3325.269 -4872.447 14185.99 0 0 0 40 40 1600 3316.847 -4889.447 14439.13 3316.847 -4889.447 14419.13
1 3276.784 -4889.447 14179.47 0 0 0 40 40 1600 3316.847 -4889.447 14439.13 3316.847 -4889.447 14419.13
1 3251.318 -4920.447 14190.39 0 0 0 40 40 1600 3316.847 -4889.447 14439.13 3316.847 -4889.447 14419.13
1 3374.957 -4887.447 14180.2 0 0 0 40 40 1600 3316.847 -4889.447 14439.13 3316.847 -4889.447 14419.13
1 3401.153 -4925.447 14184.67 0 0 0 40 40 1600 3316.847 -4889.447 14439.13 3316.847 -4889.447 14419.13
3 137.8299 -9366 12939.16 0 0 0 200 100.1 100 80.95692 -9381.811 13071.72 328.1615 -16000 327.9452
3 137.8299 -9366 12806.16 0 0 0 200 100.1 70.00001 148.9413 -9406.811 12967.54 328.1615 -16000 327.9452
3 81.32764 -9070.72 12131.55 0 0 0 20 160 20 80.34048 -9036.72 12123.66 98.21225 -10230.72 12223.33
3 81.28222 -8924.203 12130.52 0 0 0 15.00001 15.1 15 235.3012 -8836 12131.15 139.7686 -8904 12090.35
3 211.2822 -8924.203 12130.52 0 0 0 15.00001 15.1 15 235.3012 -8836 12131.15 139.7686 -8904 12090.35
3 211.3276 -9070.72 12131.55 0 0 0 20 160 20 210.3405 -9036.72 12123.66 228.2122 -10230.72 12223.33
