3 33.96669 0 -6.65584 0 3600 1.916928E+07 -100.002 0 -4.998825 3 30 30 70 -19.99836 3
1 -55.44753 0 10.0086 0 0 0 900 900 810000 0.4348679 135 200.7192 -0.4475288 0 -59.99139
1106247680 1.102026E-39 -8.589935E+09 210.0031 6132960 1.784448E+07 5921280 30 30 0 -8.029872E-19 32.97432 -50 0 9.18355E-40 -8.589935E+09
1077936128 30 30 6.428485E-40 0 6125761 0 -475.0026 7.5 20 0 2.712017E-40 8.648131E+09 40 3.3 0
3292961178 2332.45 0.7 0 0 355.2814 1.0895E+07 57.98 -798.19 2352.86 0.7 0 0 -794.26 2204.28 0.7
1983315968 44.54 -789.76 2308.43 5824512 0 0 1.768439E-42 9.279202E+32 66.21 -802.46 2372.77 0.7 9.279202E+32 36.83 -786.26
0 2.737128E-40 1.183817E-41 2948.796 1.806631E+07 6405140 6154560 4.099999 0 2.663231E-39 2.000069 -15.52219 -660 420 3.765255E-39 2
1094713344 60 -6.3 5.51013E-40 523080 6451315 1.814422E+07 7838.03 3 1.4 0.6999999 5.51013E-40 -7.367077E-25 4 6 0
3303055360 7867.172 100 8 6071040 9720 2.331648E+07 6205.306 -1778.44 7481.823 0 0 0 -2065.56 11008.99 60
1275920384 6683.83 -2198.91 7615.1 0 0 0 0 -9.380614E+32 5890.14 -1869 7630.74 4 -9.380614E+32 5890.14 -1899
1065353216 0 -9.380614E+32 5890.14 1.815286E+07 6444886 5944320 1 1 0 -9.380614E+32 5890.14 -2019 1 0 -9.380614E+32
0 0 0 1.922806E-40 0 6435518 1.815559E+07 7651 30 3.4 0 3.179804E-39 8.603828E+09 30 70 4
3290202112 5167.84 0.7 0 1.77673E+07 1060.313 1.179684E+07 8310.602 -497.0034 7630.538 100 3 20 -1826.89 7543.02 0
2204172271 46.01779 -744.0229 1796.772 6076800 6094080 5990400 2.663229E-39 2.000061 8510.004 -801.11 8879.997 6 9.279202E+32 169.68 -861.76
0 1.768439E-42 9.279202E+32 87.21 1.809061E+07 6367231 5824512 0 0 2.204052E-39 -3.689349E+19 2490.549 -309.22 0 1.768439E-42 9.279202E+32
0 -0.2 -0.2 0 0 6451446 1.812622E+07 8016.828 6 0 40 0 0 6 0 40
3295576064 2959.051 3 0 1.668096E+07 1080 6082605 900.58 -1111.42 2959.92 10.4 40 0 -205.0041 7701.35 7
0 4589.001 -850 5021.503 0 0 0 5.326459E-39 1.084202E-19 8328.071 -1244 8026.189 0 -6.380294E+37 8511.66 -1359.33
3234437530 2.663231E-39 -2.000069 8264.643 1.806581E+07 6443356 6001920 1.8 -18 2.571394E-39 0 629.5355 -1237 -57 4.22515E-39 -5.349632E-30
1114636288 0 0 1.377532E-39 2.304E+07 6430122 1.814298E+07 7443.237 10 0 30 1.883345E-40 5.022254E-42 0.7 0 -6.3
3301805588 7202.414 10 0 0 5400 1.916928E+07 6281.245 -1742.44 7609.079 0 0 0 -1773.44 7533.472 0
2147483840 4614.996 -800 4945.002 5967360 5893632 6154560 7.34684E-39 1.063382E+37 8223.493 -1404.722 8005.71 0 2.020382E-39 8820.301 -1910.973
0 9.18355E-40 -2 951.9999 1.810179E+07 6377175 5925888 0 -0.2499999 2.755065E-40 2.015302 6886.15 -1824.26 28 2.758652E-40 0.03125063
0 -0.2 0 2.70843E-40 1.179649E+07 6451826 1.811934E+07 8038.02 90 10.6 28 1.847472E-40 -1.847525E-24 60 2 0
3301335494 7201.228 3 0 1.781856E+07 2520 1.582031 6144.57 -1735 7418.31 2 0 25 -967.96 3296.52 50.7
1208017408 1518.344 -958.1523 2973.199 6077664 5912064 0 2.479558E-39 0 1285.996 -1027.965 2829.998 -1.326203E-06 2 1300.996 -1027.965
0 1.377532E-39 -1.084202E-19 10790.34 1.815079E+07 6467764 0 -0.4 0 1.377532E-39 -3.85186E-34 10761.58 -2208 0 9.18355E-40 -2.000427
1082864435 31.6 0.1 9.18355E-40 1.769473E+07 6323653 1.8103E+07 2895 5.1 60 1.1 8.542456E-41 1.26692E+36 0 0.5999999 0
3294412794 811.7128 55 -1.490116E-08 6001920 34.67285 3869615 -0.000595808 -886.9996 786.7128 55 -1.490116E-08 10 -887.9996 760.7128 55
1090520014 689.83 -1234.016 2962.66 5996160 0 0 2.479558E-39 3.587324E-43 60.00104 -837 1620.004 0 -2.914701E-43 4649.996 -754
3196059650 6.979498E-39 0 4535.001 1.809378E+07 6415532 0 0 0 6.979498E-39 2 4672.501 -850 0 6.703993E-39 1.928547E-39
0 -0.2 0 1.102026E-39 5700963 6451361 1.797877E+07 7709.405 40 1.6 20 1.377532E-39 7.008283E-16 0 0 0
3305414656 8036.52 4 6 0 739.6875 0 8236.001 -119.4734 7761.255 20 1.5 20 -247 7583.542 0
536871088 8313.274 -547.0001 7630.225 0 0 0 7.34684E-39 8.589935E+09 8236.443 -242.0042 7709.965 0 2.012878 2423.6 -966.64
0 4.225195E-39 1.067278E-19 6051.94 1.814814E+07 6443748 6048000 0.5 -13.9 1.102026E-39 1.300405E-42 6113.992 -1796.44 5 6.979498E-39 0
1109393408 3 0 5.326459E-39 0 6427322 1.814814E+07 7548.002 10 0 30 7.34684E-39 -2 30 0 0
3240481916 8138.966 14 0 5990400 0 5138640 8264.408 -10.36438 8115.812 14 0 8 -17.36438 8051.334 14
935460864 8494.142 -53.36438 8220.511 6024960 0 5990400 0 2.31266E-05 8527.124 -58.36438 8220.369 14 2.31266E-05 8563.94 -61.36438
1090519040 0 2.31266E-05 8660.854 1.79333E+07 6451067 6024960 0 8 0 2.31266E-05 8691.757 -75.36438 8 2.755065E-40 32.03125
1116471296 3.599999 28 2.658207E-40 1.069056E+07 6451511 1.808271E+07 7725.299 80 3.5 28 3.182674E-39 2.475254E-41 20 100 10
3303632404 7519.67 0 0 6001920 5400 184321.6 6144.57 -1865.44 7418.31 6 0 25 -1797 7912.035 0.2
2996436992 8233.563 -725.44 7790.302 5944320 5852160 5852160 3.672784E-39 -3.305681E+33 2226.308 -951.704 3951.509 1 0 4704.996 -880.3447
0 2.8469E-39 824 10973.06 1.814539E+07 6467323 0 1 -18 6.061304E-39 1.58642E+22 2026.315 -967.4451 -8 2.755065E-40 2.015408
1060320051 2.5 56.1 2.664292E-39 1.216512E+07 6370908 1.80612E+07 3669.378 6 2.2 140 1.103088E-39 -1.076197E-42 0 1.5 56.1
3302302106 7015.389 280 1.4 5824512 1035 5898285 6798.01 -1903.18 7755.42 30 2 0 -852.11 9047.004 0
115802112 -0.5932031 -864 1357.974 0 5815296 0 0 8.689254E-35 1.460226 -864 1320.336 0 9.279202E+32 70.76 -805.26
0 0 1.26692E+36 -36.80581 1.809504E+07 6339503 0 0.5999999 0 0 8.046912E+24 105.0021 -797 0 0 8.046912E+24
0 0.5999999 0 1.039763E-42 2.164067E+07 6354731 1.809289E+07 2899.69 0 0.5999999 0 1.416713E-42 -1.263229E+26 0 0.5999999 0
3295013621 3771.407 0 0.5999999 0 0.3186035 1.781999E+07 2051.356 -923.144 3810.558 0 0.5999999 0 -916.4102 3696.131 0
3244030479 2091.847 -929.0583 3888.142 0 5815296 0 9.131842E-41 -13.74859 2125.673 -933.3705 3919.421 0 -13.74872 2160.282 -937.0994
1092616192 3.122407E-39 -2 4510.004 1.809972E+07 6414615 6086880 -7.450581E-08 4 3.122407E-39 0 4636 -589 5 6.704283E-39 2.938737E-39
1112014848 -7.450581E-08 10 0 178523 6434066 1.814114E+07 7539.997 50 -7.450581E-08 10 0 8.812437E-38 50 -7.450581E-08 10
3306266616 8489.002 0.09999999 11.5 0 26281.93 0.005493164 8169.158 -1724.973 10662 5 2.2 115 -935.0024 9469.001 80
0 5890 -2073 7565 5921280 5852160 5852160 1.377532E-39 -2.933648E+35 6805.767 -1938.763 7768.517 0 3.765254E-39 8508.521 -902.4053
1112014848 6.061143E-39 4.656613E-10 2041.81 1.809505E+07 6400076 6062400 0 50 6.061143E-39 4.656613E-10 2002.765 -864.1044 50 1.377532E-39 2.013367
1088421888 30.5 0 6.979498E-39 5898240 6467445 1.814679E+07 11060 1 1 0 3.67342E-40 0 0 0 0
3291758592 7762.199 3 6 0 12240 1.769472E+07 7720.002 -1813.001 7867.996 34 -7.450581E-08 10 -721 7743.558 3
2147500032 8234.549 57.99528 7848.992 6024960 0 5990400 1.83671E-40 2.015137 6386.005 -1847.44 7540.741 50 -1.084248E-19 8310.03 -567.2
0 6.428485E-40 1.668318E+26 8267.552 1.797528E+07 6444478 5990400 1.5 30 5.51013E-40 2.827599E-16 4590.497 -850 0 2.663231E-39 2.000069
1073741824 1.490116E-08 -4.768372E-07 2.755065E-40 5437795 6253754 1.810126E+07 2510.36 12.5 0 0 1.976616E-40 0 70 5.5 -6.3
3281063178 4285.552 3 0 1.668096E+07 2160 59040 4629 -850 5042.97 4 156 10 -727 7727.227 2.000001
1983315968 151.09 -850.76 2478.58 5824512 0 0 2.719192E-40 6.1897E+26 6095.701 -1884.003 7555.002 20 -4.656613E-10 6203.755 -1728.44
3244189288 7.637077E-43 -4.811147E-19 8253.702 1.814377E+07 6448291 6053760 0.5 -13.9 2.755065E-40 0.00787282 7344.508 -1810.425 0 4.224839E-39 -4.443369E-36
1077936128 0.5 -13.9 6.061143E-39 5898240 6437467 1.814107E+07 7172.267 140 0 0 9.09779E-41 -13.74904 0 0.5999999 0
3303448576 7539.998 20 0 0 732.6563 2.064385E+07 8321.796 -327.4734 7534.385 40 2.700001 20 -116.971 7613.249 15
65159 8510.5 -100.6951 7644.298 6001920 6122880 6048000 1.868996E-40 1.43493E-42 8257.162 -243.4734 7712.582 80 2.000331 8528.998 58.20865
3209481422 6.149391E-39 9.135065E-41 8545.906 1.795678E+07 6445046 6048000 10 0 6.149391E-39 9.135065E-41 8470.85 -93.97099 0 7.34684E-40 2.000001
1133576192 6 1.8 2.755065E-39 1.769472E+07 6453001 1.812636E+07 8446.533 1 1.907349E-06 1100 2.744303E-40 8.654422E+09 60 6.6 0
3305697280 11003.97 0 0 0 2880 5898240 8542.005 -2329.998 8431.002 0.09999999 11.5 0 -1937.002 11059 33
4278190080 8586.429 -187.847 7519.334 6071040 6154560 6168960 7.718174E-39 6.225969E-42 8672.146 -256.0742 7293.898 85 6.225969E-42 8676.501 -256.0742
1137180672 2.446555E-40 4.233042E-41 5561.427 1.815906E+07 6438076 6132960 3.099999 -0.3 4.224478E-39 -4.859922E+14 4527.339 -595 -13.9 1.103088E-39 4.657066E-10
1114636288 10 10 3.179804E-39 0 6411084 1.811573E+07 6362.49 50 -7.450581E-08 10 6.704129E-39 1.469369E-39 9.999998 1.490116E-08 0
3306225656 8455.002 2730 5.400002 6329880 26288.44 6119.994 8512.999 -2292.405 8453.212 40 20 30 -1832.067 11054.07 90
3187671040 8640.001 -1886.002 11017 6076800 0 5955840 3.765255E-39 2 5909.5 -1812 7631 0 -3.018023E+34 6914.439 -1610
0 1.83671E-39 1.119447E-33 6876.066 1.813581E+07 6444078 5996160 0.2 0 6.979498E-39 0 6898.003 -1610 0 7.34684E-39 -2
1050253722 0.2 0 3.948926E-39 1.281672E+07 6411132 1.807028E+07 4954.301 24 0 0 7.34684E-39 0 9 -1.937151E-07 0
3289593778 4953.656 9 -1.937151E-07 0 27360 0 4633.85 -588.8702 4995.595 0 -1.937151E-07 0 -588.8702 4959.66 0
1446707456 597.7171 -1238 3007.832 5978880 4654080 1.668096E+07 6.061143E-39 2 6971.269 -1627 7172.267 140 -2.658456E+36 6039.042 -1883.98
3209481422 7.438675E-39 -4.656613E-10 6198.816 1.814114E+07 6443197 1.757491E+07 0.5 -0.8500017 4.225173E-39 -3.615634E+21 4532.973 -850 -13.9 0 8.81354E-38
1133576192 210 30 4.224838E-39 1379159 6431994 1.813887E+07 7504.706 4 0.5 -13.9 2.755065E-39 -2.000001 2 1.907349E-06 1100
3269980453 7610.502 20 10 0 24105.94 358.0994 8473.088 -112.971 7630.689 20 10 0 -76.00098 7636.059 25
3540058096 9910.39 -1569.06 10843.83 6211440 5870592 5852160 -1.83671E-39 3.95517E-16 595.97 -1236.57 3006.97 3 -3.858407E+09 8339.846 -1247.28
0 -6.244814E-39 -6.673271E+26 8187.616 1.812749E+07 6450754 6231960 300 10 -7.071333E-39 3.689349E+19 8294.133 -1451.815 0 -4.775446E-39 -2.103033E-38
1106247680 7 5 -2.479558E-39 1.179648E+07 6431940 1.814367E+07 7464 0 0 0 -4.775446E-39 -2.103033E-38 9 0.2 0
3293315072 1387.993 140 170 6082560 1.18278E+07 1.087488E+07 -172.2453 -920 1469.149 60 70 33 -936.2994 4944.409 15
1084817408 10882.72 -2186 11006.66 5688115 1.749197E+07 5806080 -7.071333E-39 4.656613E-10 1393.51 -958.2809 2818.42 0 2.973775E-35 3392.4 -454.64
1053609165 -2.204052E-39 5.764608E+17 8714.865 1.776405E+07 6453252 1.753805E+07 0.7 0.6999999 -2.387723E-39 2.040125E+30 8562.37 -900 1 -2.254686E-39 -1.067536E+37
1097859072 0 0 -2.204052E-39 1.045692E+07 6453886 6189834 8578.531 0.4 0.2 0.3 -1.939174E-39 -1.144917E-15 7 0 0
3294283574 3069.152 0.2 0.3999999 5787648 1.180404E+07 2017440 1300 -400 2200 170 150 5 -863.5088 3935.125 300
3758097408 8545.681 20.67447 8503.889 5990400 0 0 -2.013946E-39 8.910836E-34 8529.653 -104.8336 7628.086 8 0 8511.999 -113.9991
0 -1.930331E-39 -9.926175E-22 8546.05 1.794088E+07 6444673 5978880 0 0 -1.83671E-39 8.371723E+37 6596.816 -1695.241 0 -2.006449E-39 -3.311699E-26
1090519040 0 0 -1.838694E-39 1.491948E+07 6360352 1.809572E+07 3909.38 5 1 1 -1.93044E-39 -9.967719E+11 1 1 1
3295779910 3228.958 6 0 0 1.180438E+07 5220405 8291.608 -535.2 7474.375 7 0 0 -1796.745 7907.475 7
3064004608 8410.007 -480.0891 7471.669 6013440 5852160 5852160 -1.872224E-39 -9.418939E+10 8316.844 -335.3458 7552.809 15 1.235932E+21 8328.668 -496.6022
1065353216 -1.928545E-39 -3.228592E-42 -36.39591 1.809556E+07 6323903 5978880 0 0 -2.295889E-39 9.18355E-41 -33.99656 -812.9998 0.5000001 -1.843799E-39 1.495643E+18
1093664768 1 1 -1.932164E-39 1.874559E+07 6466127 1.814674E+07 11106.82 7 1 1 -1.931377E-39 -2.016165E-13 7 1 1
3303522304 11021.04 9 1 5852160 1.180368E+07 5833440 1247.254 -954 2950.842 9.2 1 1 -685.4 3578.21 1
3440508928 10903.78 -1854 11022.74 5944320 5852160 5852160 -7.25501E-39 0 -0.002217636 -799.9983 974.9984 200 -3.215973E-09 2872.24 -277.44
1065353216 -1.83671E-39 -1.542249E-34 2064.49 1.807887E+07 6396249 5967360 1 1 -1.939799E-39 0 -0.1901817 -484.2817 1 -1.928819E-39 4.072042E+12
1091567616 1 1 -1.83671E-39 5911560 6426437 1.815345E+07 7436.33 12 1 1 -1.925016E-39 3.101253E-24 7 1 1
3302075677 7587.465 4 0 0 1.180368E+07 5937112 6547.54 -1683.23 7579.38 9 0 0 -1693.8 7489.99 9
3305115320 6948.503 -1730.51 7555.297 5898240 5852160 5852160 -1.928545E-39 5.156622E+17 10864.12 -1854 11051.19 4 -8.584811E-10 6556.41 -1684.49
0 -1.83671E-39 4.028611E+15 4750.811 1.809378E+07 6417895 5944320 1 1 -1.92451E-39 -9.289075E+19 4751.063 -798.4603 1 -1.84987E-39 5.603374E+32
1086324736 1 1 -1.928545E-39 2765159 6436842 1.814552E+07 7514.845 4 0 0 -1.285697E-39 -3.062644E+33 1.8 1 1.8
3293134029 2931.46 1.8 1 5889024 1.180402E+07 2.061106E+07 8381.48 -2122 8075.801 7 0 0 -814.88 1551.129 2
1073750016 8512.78 -1117.48 9687.33 6042240 6086880 6079680 -2.295889E-39 2.001953 8512.47 -1044.48 9615.88 18 2.001953 8511.59 -1259.48
1065353216 -2.295889E-39 0 8514.91 1.80921E+07 6456061 6108480 70.4 29 -2.296965E-39 3.944305E-31 112.54 -804.19 40 -7.989688E-39 -1.622593E+32
1114636288 50 80 -2.295889E-39 0 6453014 1.809481E+07 8934.92 50 90.4 29 -2.385572E-39 0.0004882813 170 150 46
3294405429 3640.239 7 1 5852160 1.180368E+07 1.034567E+07 2933.165 -316.4665 4615.743 7 0 0 100 -370.0033 0
1409286144 2043.37 -824.64 2948.91 6001920 6154560 6132960 -2.295889E-39 8 2033.55 -890.66 3727.76 15 5.368709E+08 2056.16 -890.66
1119092736 -2.295889E-39 2.266736E+24 2161.17 1.809852E+07 6401825 6030720 100 90 -2.308086E-39 2.002075 -2.7 -515.27 35 -2.308086E-39 2.002075
1101004800 40 35 -2.308086E-39 5898288 1.767997E+07 1.806986E+07 442.76 20 40 35 -2.295889E-39 0 60 70 100
3290343342 4594 18 35 6086880 1.180548E+07 1.179653E+07 3591.67 -707.62 4593.74 18 35 35 -777.62 4593.09 18
473038848 4621.985 -556.4307 5613.579 5978880 0 0 -2.295889E-39 2.001953 4635.03 -796.89 6033.48 17 2.001953 4637.34 -866.89
1107296256 -2.295889E-39 2.001953 4635.79 1.8112E+07 6430038 6039360 35 32 -2.295889E-39 2.001953 4637.28 -1150.89 32 -2.295889E-39 2.001953
1099431936 35 32 -2.295889E-39 5898285 6411209 1.812793E+07 6666.07 17 35 32 -2.295889E-39 2.001953 18 35 31
3303055360 7944.559 4 1 5852160 1.180584E+07 1.657116E+07 5821.82 -1812.04 7645.14 1 1 1 -1735.89 7609.586 12
423821312 4637.44 -850.01 5130.65 5852160 5852160 5852160 -1.653039E-39 -1.602662E-23 4560.55 -595.04 5296.79 1 1.549238E+19 4625.08 -595.04
1065353216 -1.922806E-39 -1.362724E+32 4470.97 1.810026E+07 6414049 5978880 0 0 -2.204052E-39 2.199023E+12 8490.645 -1858.731 0 -1.83671E-39 4.776913E+36
1086324736 1 1 -1.83671E-39 9725400 6373791 1.802393E+07 4303.77 6 1 1 -1.928545E-39 1.234269E-37 1 0 0
3283350642 4548.902 0 0 0 1.180368E+07 1.816884E+07 2829.928 -642.0997 3976.28 7 0 0 -2123.985 7981.653 7
78054937 8073.56 -1640.54 10377.57 6030720 5852160 5852160 -1.851477E-39 -2.542374E-21 8198.93 -1543.45 9970.19 6 2.477152E+22 8083.17 -1634.62
1065353216 -2.387723E-39 -7.461339E+23 8222.591 1.815718E+07 6447035 5978880 0 10 -2.014282E-39 2.867442E+19 8245.887 -121.027 1 -1.836752E-39 3.067105E+07
1086324736 1 1 -1.938776E-39 6458400 6448774 1.814399E+07 7836.5 8 1 1 -1.922806E-39 -5.420172E+20 8 1 1
3289644401 4696.28 7 1 5852160 1.180368E+07 2.220407E+07 2210.08 -943.59 3934.85 7 1 1 -924.92 3766.96 7
590743034 8941.81 -1919.59 11027.28 5852160 5852160 5852160 -1.83671E-39 8.546314E-34 3911.89 -577.38 4805.87 7 -2.387188E-39 87.44688 -760.9646
1065353216 -1.847605E-39 -1.525359E+09 915.03 1.806993E+07 6373512 5978880 1 1 -1.83671E-39 -2.862971E-19 908.89 -597.98 1 -2.017524E-39 2.628086E-07
0 0 0 -1.928545E-39 0 6083699 1.80869E+07 1638.77 12 1 1 -1.837785E-39 5.872206E-33 1 1 1
3289463314 5763.351 8 1 5852160 1.180405E+07 1.808782E+07 8838.29 -63.26 7386.2 14 1 1 -1792.32 7512.9 7
2650468208 4708.7 -1836.9 7048.15 6030720 5852160 5852160 -2.018816E-39 970494.3 4616.13 -1630.24 6882.86 7 -5.966285E-10 5463.67 -2104.15
1065353216 -1.83671E-39 -2.862971E-19 2002.91 1.807875E+07 6395424 5944320 1 1 -2.015035E-39 -0.004883022 7533.79 -1794.79 1 -1.928545E-39 -1.145391E-13
1095761920 1 1 -1.927157E-39 1.749742E+07 6453146 1.809242E+07 9247.36 7 1 1 -1.844134E-39 1.157634E+29 7 1 1
3304093450 11089.43 7 1 5852160 1.180438E+07 7982996 9379.579 -1919.455 11089.57 8 0 0 -1368.39 6623.6 16
0 11241.61 -1854.66 11076.02 5990400 5852160 5852160 -1.83671E-39 0 11161.67 -1854.66 11027.63 8 -1.114146E+29 4598.55 -596.02
1065353216 -1.929622E-39 3.84872E+14 10801.23 1.815878E+07 6467167 5996160 1 1 -2.019229E-39 6.86855E+12 8109.2 -1623.06 0 -1.937898E-39 -2.348706E+23
1090519040 1 1 -1.921084E-39 1.740023E+07 6440001 1.814418E+07 7573.33 8 1 1 -1.83671E-39 0 8 1 1
3294394450 9002.56 8 1 5852160 1.180368E+07 1.766772E+07 8529.25 -898.12 8823.22 8 1 1 -900.94 8739.13 6
3044016128 6002.99 -2074.51 7447.07 5990400 5852160 5852160 -1.923285E-39 -9.195488E+26 4687.237 -857.7038 4970.483 8 -3.671992E+37 5863.589 -1812
1065353216 -1.928816E-39 -4.405968E-12 4373.5 1.809782E+07 6416023 6019200 1 1 -6.979498E-39 -728 5995.991 -2072 0.2 -1.83671E-39 -946176
1065353216 1 1 -1.83671E-39 2.260152E+07 6411433 1.809374E+07 5042.9 9 1 1 -1.917066E-39 -1.118524E-16 8 0 0
3293871636 5173.405 4 1 5852160 1.180368E+07 9713160 4694.596 -595.03 5358.46 4 1 1 -903.91 2475.13 12
1041175752 1019.14 -946.45 2959.69 6036480 5852160 5852160 -1.83671E-39 7.277817E+18 4417.043 -867.0135 4984.722 7 8.546314E-34 109.88 -1109.07
0 -1.83884E-39 -90.0047 379.31 1.811588E+07 6379618 6036480 1 1 -1.83671E-39 0 0.71 -1053.89 1 -1.934284E-39 -6.394689E-36
1098907648 1 1 -1.83671E-39 350.2606 6452994 1.808853E+07 9199.37 16 1 1 -1.83671E-39 1.754426E-42 16 1 1
3291958804 5984.68 16 1 5852160 1.180404E+07 663480 4060.84 -517 4356.84 0 0 0 -830.7101 1663.941 4
1895825408 4637.84 -553.39 5378.75 6036480 5852160 5852160 -7.25501E-39 0 10814.35 -1707.618 11063.83 300 -1.200817E-12 559.45 -871.03
1065353216 -2.015713E-39 0.0007286009 10871.62 1.814682E+07 6467034 5990400 1 1 -6.979498E-39 -6.855454E+33 10891.72 -1854 0.6 -1.837761E-39 3.473331E-20
1086324736 1 1 -2.01104E-39 4891685 6452618 1.812231E+07 10225.2 7 1 1 -1.928545E-39 2.667657E-23 0 1 1
3304093450 11030.38 7 1 5852160 1.180368E+07 1.304135E+07 2422.582 -967.15 4024.4 6 1 1 -873.8 2533.21 5
3229816760 1699.57 -836.04 2873.53 5852160 5852160 5852160 -1.928545E-39 -1.264438E+13 -55.14 -859.99 1345.93 4 -9.759665E-23 1195.569 -953.7521
0 -1.933684E-39 2.234572E+19 4834.18 1.81548E+07 6441800 5978880 1 1 -2.01623E-39 0.001114557 8788.42 -103.97 1 -1.83671E-39 -7.748604E-06
1097859072 1 1 -1.93162E-39 6570025 6411586 1.814745E+07 7177.54 7 1 1 -1.931782E-39 -5.91576E-08 7 1 1
3294657905 4026.12 14 1 5852160 1.180368E+07 1.955303E+07 8291.93 -1261.87 8042.64 14 1 1 -297.72 4541.03 14
170917888 8241.06 -1150.86 9962.4 6024960 5852160 5852160 -1.922115E-39 4.995381E-34 8209.51 -1274.08 9963.53 14 -4.770423E+34 8251.08 -1388.19
1065353216 -1.928545E-39 1.187939E-14 8164.17 1.814091E+07 6464974 5852160 1 1 -1.83671E-39 -0.03832551 24.74365 -106.48 1 -2.007608E-39 -1.68526E-23
1065353216 0 0 -1.838307E-39 4803491 6357797 1.80924E+07 2974.865 7 1 1 -1.837446E-39 55796.69 15 1 1
3297255424 2444.207 3 1 5852160 1.180406E+07 1.71018E+07 4668.01 -766.6 5998.98 7 0 0 -1808.53 7576.95 15
2073759879 7914.12 -1799.28 7895.14 5967360 5852160 5852160 -1.939148E-39 4.408109E-39 8511.66 -1255.91 9855.04 16 4.591425E-25 8543.26 -1291.06
1065353216 -1.924958E-39 4.085621E-14 4111.23 1.810161E+07 6414573 5852160 0 0 -2.017318E-39 -0.004730287 7898.51 -1797.28 1 -1.946411E-39 -6.678914E+37
1096810496 1 1 -1.83671E-39 1.731492E+07 6408869 1.810026E+07 4916.94 8 1 1 -1.931124E-39 1.35975 7 0 0
3290117407 5848.13 7 1 5852160 1.180371E+07 54360 4639.01 -658.35 5918.05 16 1 1 -882.42 9449.23 1
537990661 31.62759 -489.0782 355.13 5852160 5852160 5852160 -2.014641E-39 5.939134E+09 8449.485 -902.04 8601.003 1 0.01000977 8491.007 -231
1065353216 -6.704126E-39 -1.147944E-41 3439.785 1.805507E+07 6410893 6094080 7 5 -1.83671E-39 -6.624913E+26 53.05 -859.99 1 -1.930352E-39 -1.73505E-18
1101529088 1 1 -1.83671E-39 3060000 6410983 1.807083E+07 5531.93 21 1 1 -1.932172E-39 1.833496E-36 15 1 1
3302089388 7490.258 9 -0.1 0 1.182384E+07 1.153944E+07 6050.998 -1883.92 7503.821 0.4 0.3999999 0.2 -857.02 4956.07 5
960818536 6635.36 -1714.17 7576.81 5996160 5852160 5852160 -2.387723E-39 6.350476E-14 5947.62 -1812.04 7459.13 1 -3.19801E-25 8191.53 -1762.57
1065353216 -1.931673E-39 -93.51079 8142.57 1.813759E+07 6462727 5967360 1 1 -1.838242E-39 7.702702E-39 3638.24 -750.71 0 -1.928545E-39 -2.105092E+32
1077936128 1 1 -1.933209E-39 2.057904E+07 6429632 1.813963E+07 7624.271 7 1 1 -1.928545E-39 1.750423E+15 8 1 1
3271906427 7218.09 7 1 5852160 1.180404E+07 1.011384E+07 5826.629 -1811.74 7601.056 9 1 1 -137.42 7298.68 0
1185936292 6764.381 -1795.469 7576.574 5852160 5852160 5852160 -1.83671E-39 -1.492878E-36 4427.448 -922 4980.865 6 3.433557E-38 8628.69 -73.17
0 -1.930339E-39 -5.330515E-31 6912.007 1.814564E+07 6444451 5990400 0 0 -2.387723E-39 -2.048348E-08 6807.988 -1809.122 1 -1.928545E-39 -6.081741E+07
1088421888 1 1 -1.928545E-39 1.634976E+07 6451817 1.811934E+07 8010.2 8 1 1 -1.929843E-39 -5.550523E-07 7 1 1
3303178240 7637.24 2 1 5852160 1.180476E+07 5.72937 717.83 -1231.68 2929.95 0 1 1 -1089.6 2464.022 0
2806774418 2079.1 -683.51 3592.52 5852160 5852160 5852160 -1.83671E-39 -1.584563E+29 638.3526 -1236.57 3005.386 3 1.196471E-19 -65.72 -943.71
1065353216 -1.927353E-39 2.502916E+07 -53.79 1.811241E+07 6364996 5921280 1 1 -1.928545E-39 -8.242296E-12 11071.1 -1627 1 -2.020381E-39 -1.090716E+15
1073741824 1 1 -1.285697E-39 1.016856E+07 6467243 1.814543E+07 11028.91 2 1 2 -2.047286E-39 -1.096392E+21 0 1 1
3295576064 2842.681 0.2 0.2999999 5787648 1.180406E+07 4763547 4679.8 -1723.57 6954.32 8 1 1 -743.6989 4079.298 7
1150682731 8107.85 -1667.28 10587.9 6024960 5852160 5852160 -2.020216E-39 1.198492E-37 4380.73 -820.68 4884.85 8 -0.4042969 9163.95 -1924.93
1065353216 -2.018213E-39 -2.952909E-35 648.1 1.811904E+07 6380175 5921280 1 1 -1.839695E-39 -19837.87 2724.29 -649.15 1 -2.018926E-39 1.094043E-12
1088421888 0 0 -1.848549E-39 2.055132E+07 1.780335E+07 1.811034E+07 2092.97 3 1 1 -1.928545E-39 -6.434224E+22 11 1.490116E-08 1.490116E-08
3297840742 2933.6 3 1 5852160 1.180372E+07 1.768214E+07 -9.47 -840.93 1888.21 3 1 1 -1088.141 2198.999 1
1286010355 -60.06005 -1088.7 2175.494 5921280 5852160 5852160 -2.295889E-39 0 8512.49 -861.42 8781.78 50 -7.750351E-20 1221.35 -954.21
1065353216 -1.923202E-39 -7.934028E-27 923.41 1.811239E+07 6380179 5921280 1 1 -1.83671E-39 -1.103259E+38 4753.94 -595.03 1 -1.83671E-39 1.8332E-12
1082130432 1 1 -1.83671E-39 2.162844E+07 6410498 1.807083E+07 5345.03 4 1 1 -1.83671E-39 1.899522E-16 4 1 1
3292790784 5184.012 12 0 0 1.180404E+07 1.889892E+07 11074.57 -1632 11122.22 2 1 1 -849.97 5166.8 4
2841181199 5068.748 -2012.239 7480.708 6013440 0 0 -1.931169E-39 1.554389E-33 4378.04 -820.54 4973.56 8 -8.535385E-05 1722.44 -834.99
1065353216 -1.83671E-39 3.287969E+30 4502.52 1.810038E+07 6415332 5967360 1 1 -1.83671E-39 -8.535385E-05 1230.33 -953.98 1 -1.83671E-39 -1.207923E-13
1082130432 1 1 -1.83671E-39 1.488168E+07 1.794555E+07 1.809198E+07 1762.96 4 1 1 -1.928545E-39 -1.857735E+17 4 1 1
3289694700 5336.55 4 1 5852160 1.180439E+07 2603521 8532.71 -866.65 9100.25 8 1 1 -859.99 1310.17 4
1714347008 4606.48 -1490.02 6721.1 5990400 5852160 5852160 -1.934776E-39 2.593966E-06 4670.66 -1557.02 6790.37 8 8.184872E-40 4604.5 -919.57
1065353216 -1.837733E-39 -5.451912E+34 2714.08 1.80789E+07 6403764 5944320 1 1 -1.930125E-39 -2.618766E-08 5494.76 -2202.98 1 -1.928545E-39 -5.144029E-24
1088421888 1 1 -1.839548E-39 1.272168E+07 6358018 1.809545E+07 3750.87 5 1 1 -1.928339E-39 -106.4905 5 1 1
3278807560 4329.165 2 0 0 1.180404E+07 1.31544E+07 8512.57 151.63 8020.08 5 1 1 -880.73 836.25 1
2717908992 6772.783 -2049.491 7610.735 6019200 5852160 5852160 -1.928545E-39 -8.946671E+20 8775.08 -36.43 8131.99 12 -8.133913E-27 787.15 -1221.54
1065353216 -1.928545E-39 7.234212E+27 4886.97 1.81531E+07 6442662 6024960 1 1 -1.928545E-39 2.125 7132.15 -1765.81 1 -1.939799E-39 0
1050253719 0 1 -2.009978E-39 2.211874E+07 6453400 1.814685E+07 11065.89 1 1 1 -1.843104E-39 0.01977487 7 1 1
3281989140 181.4881 7 1 5852160 1.18206E+07 0 153.1342 -796.0989 2163.776 10 150 0 -755.1007 1824.732 5
47841280 8469.98 -135.08 7388.25 6030720 5852160 5852160 -1.931057E-39 -2.836412E+20 1660.032 -872.0319 2634.136 11 2.013655 3548.78 -634.3
1065353216 -1.83671E-39 -8.852942E-38 2079.675 1.80747E+07 6396271 5978880 0 0 -1.838166E-39 0.01220712 802.52 -937.35 1 -6.979498E-39 1.577722E-30
1061997772 0.4 0.7 -2.018451E-39 1.56812E+07 6451547 1.814429E+07 7843.549 7 1 1 -2.008901E-39 -3.172365E-36 1 0 0
3295526993 2960.201 0.5 30 6086880 1.180409E+07 0 7351.283 -1435.564 7740.266 7 0 0 -1436.065 7669.771 7
1755698597 7203.137 -1687.005 7765.176 5990400 0 0 -1.841575E-39 -3.948504E+36 4752.462 -849.2207 5048.554 8 -1.704444E-25 1808.141 -835
1056964608 -1.93285E-39 -1.322954E+17 35.52579 1.808506E+07 6345989 6013440 1 1 -6.979498E-39 0.1250038 2026.602 -966.2525 0.5 -6.979498E-39 3.644495E+30
1090519040 1 1 -6.979498E-39 2.333232E+07 6430911 1.814638E+07 7515.284 0.3 0.3999999 0.5 -1.928545E-39 -1.041887E-25 8 0 0
3302120627 7600.453 0.5 0.6 5815296 1.180368E+07 1.245345E+07 6741.459 -1783.094 7508.488 9 1 1 -1806.03 7825.7 15
4032299008 8204.538 -727 7743.282 5990400 5852160 5852160 -1.928545E-39 -5.054626E-37 8433.23 -409.2 7606.063 6 2.002967E-32 8224.693 -1797
1065353216 -1.83671E-39 -9.501903E+35 8212.399 1.815718E+07 6447713 5944320 0 0 -6.979498E-39 -6.106227E-16 8223.52 -727 0.6 -1.841015E-39 1.245928E-36
1050253721 0.4999999 0.3 -1.83671E-39 1.510668E+07 6451590 1.789648E+07 7824.82 6 1 1 -2.019637E-39 -8.763112E+12 7 1 1
3303408582 7517.138 7 0 0 1.180368E+07 2.012976E+07 6448.09 -1677.118 7599.065 7 0 0 -1844.653 7561.277 9
1182597120 4558.46 -922.94 4994.795 5990400 5852160 5852160 -6.979498E-39 -0.0001735687 6001.159 -1812 7625.833 0.9 -1.654361E-24 5991.584 -2024.97
0 -1.83671E-39 NaN 8210.3 1.808308E+07 6446346 6013440 1 1 -6.979498E-39 -1.181116E+10 8274.241 -241.9101 0.5 -6.979498E-39 -1.388395E-28
1094713344 1 1 -6.979498E-39 5523840 6451236 1.812657E+07 7997.378 0.1 0 0.5 -1.971485E-39 -1.097832E+33 13 0 0
3303522304 11090.69 4 1 5852160 1.180368E+07 1.482336E+07 10887.93 -2032 11002.2 7 1 1 -1854 10997.39 0.6900001
1013514240 10789.33 -1915.089 11119.14 5996160 5852160 5852160 -1.92998E-39 -5.409505E+08 10789.44 -2020.549 11217.57 6.999996 11459.96 10846.14 -1853.63
0 -1.837772E-39 2.015624 2726.269 1.80786E+07 6402598 5944320 1 1 -1.83671E-39 -2.141822E+34 1859.05 -797 1 -1.837761E-39 -2.766998E+09
1088421888 1 1 -1.919218E-39 1.010484E+07 6411581 1.807083E+07 5181.568 7 0 0 -1.83671E-39 0.8007202 1 0 0
