3 -0.1270608 -88 -300.2371 0 0 0 200 100 400 -7.710766 -65 -364.562 -0.6038361 -800 -1000.829
3 24.713 -88 194.37 0 0 0 200 100 200 -7.710766 -65 -364.562 -0.6038384 -600 -600.8292
3 24.713 -88 564.37 0 0 0 200 100 200 -7.710766 -65 -364.562 -0.6038384 -500 -600.8292
3 24.713 -88 1204.37 0 0 0 200 100 460 -7.710766 -65 -364.562 -0.6038384 -500 -600.8292
1 3.037501 -127 -550.7855 0 0 0 220 220 48400 -8.513966 -93 -463.7075 -0.2795258 -160 -560.4266
3 -137.0056 -103 -199.5765 0 0 0 100.1 100 500 -7.710766 -65 -364.562 -0.6038384 -600 -600.8292
3 -137.0056 -103 1100.423 0 0 0 100.1 100 800 -7.710766 -65 -364.562 -0.6038384 -600 -600.8292
3 136.9944 -108 -209.5765 0 0 0 100.1 100 500 -7.710766 -65 -364.562 -0.6038384 -600 -600.8292
3 136.9944 -108 890.4233 0 0 0 100.1 100 1000 -7.710766 -65 -364.562 -0.6038384 -600 -600.8292
1 -244.4212 161 131.2123 0 0 0 300 300 90000 -69.85068 -170 -56.87728 -69.85068 -170 -76.87728
1 314.7156 161 -241.4458 0 0 0 300 300 90000 -69.85068 -170 -56.87728 -69.85068 -170 -76.87728
1 0.03750134 -307 129.2145 0 0 0 220 220 48400 -8.513966 -93 -463.7075 -0.2795258 -160 -560.4266
