1 -280.8542 150.4119 280.7975 0 0 0 20 20 400 -310.9843 10.41193 280.6514 -242.8542 7.411926 277.7975
1 280.1458 150.4119 -280.2025 0 0 0 20 20 400 310.0157 10.41193 -280.3486 280.5379 7.411926 -280.427
1 -270.5654 -4.58807 279.5151 0 0 0 70 70 4900 -242.8542 -0.5880699 296.7975 -242.8542 -0.5880699 276.7975
1 269.7923 -4.58807 -269.1892 0 0 0 70 70 4900 -242.8542 -0.5880699 296.7975 -242.8542 -0.5880699 276.7975
1 -225.6176 0 340.0631 0 0 0 60 60 3600 -294.5376 0 303.38 -294.5376 0 283.38
1 224.8759 0 -341.9526 0 0 0 60 60 3600 -294.5376 0 303.38 -294.5376 0 283.38
1 216.8322 0 -80.69553 0 0 0 80 80 6400 -294.5376 0 303.38 -294.5376 0 283.38
1 -216.5217 0 78.86268 0 0 0 80 80 6400 -294.5376 0 303.38 -294.5376 0 283.38
1 -242.1128 -9 -104.9451 0 0 0 60 60 3600 -294.5376 0 303.38 -294.5376 0 283.38
1 240.3422 -9 102.3806 0 0 0 60 60 3600 -294.5376 0 303.38 -294.5376 0 283.38
1 -102.8624 9 -221.6155 0 0 0 60 60 3600 -294.5376 0 303.38 -294.5376 0 283.38
1 100.3389 9 221.9247 0 0 0 60 60 3600 -294.5376 0 303.38 -294.5376 0 283.38
1 -54.86623 78 199.4019 0 0 0 40 40 1600 -9.525439 0 270.4343 -9.525439 0 250.4343
1 50.60608 78 -199.8729 0 0 0 40 40 1600 -9.525439 0 270.4343 -9.525439 0 250.4343
1 13.04369 73 -200.2002 0 0 0 30 30 900 -9.525439 0 270.4343 -9.525439 0 250.4343
1 -11.7926 72 198.4094 0 0 0 30 30 900 -9.525439 0 270.4343 -9.525439 0 250.4343
