1 0 500 0 0 0 0 110 110 12100 12.97706 527 58.25104 -0.048075 -542 -306.2973
3 -14.77278 133 -103.1829 0 0 0 210 210 30 10.22853 256 -10.85354 19.25349 -1013 -1374.13
3 -7.311197 48 -1093.354 0 0 0 110 110 10 0.758317 71 -1082.924 6.343366 -624 -1579.82
2 21.15371 -237 -1412.582 0 0 0 110 110 0 -6.240327 26 -1083.059 6.343366 -601 -1579.82
3 139.7364 -112 -1747.156 0 0 0 110 110 10 150.3991 -110 -1686.144 160.4039 -155 -2228.186
3 177.361 -119 -1932.195 0 0 0 110 110 10 164.8102 -120 -2055.792 287.1767 -239 -2145.815
3 338.4173 -136 -2130.668 0 0 0 300.9999 200.0001 200 467.4547 -248.0959 -2154.947 531.2464 -261.6454 -2146.939
3 1185.396 -84 -2156.688 0 90 0 110 110 10 1220.969 -115 -2150.914 1497.295 -539 -2154.483
2 642.2896 -206 -2139.403 0 90 0 110 110 0 282.1794 -190 -2162.304 2748.05 -243 -2136.601
3 1355.987 -133 -2137.145 0 90 0 110 210 10 1440.97 -115 -2156.371 3554.677 -162 -2289.427
3 1839.071 -202 -2187.393 0 90 0 110 210 10 1901.485 -160 -2247.838 4489.376 -179 -2312.984
3 1944.984 -250 -2244.296 0 0 0 120 19.99999 30.1 1840.507 -238 -2246.305 4489.376 -179 -2312.984
2 2019.844 -202 -2225.428 0 90 0 110 210 0 1825.904 -163 -2248.999 4489.376 -179 -2312.984
3 2164.341 -72.00001 -2240.24 0 0 0 59.99999 69.99998 40 2125.947 -131 -2250.94 2057.885 -4201 -8584.264
2 2135.285 -132 -2759.482 0 0 0 269.9999 200 0 2138.386 -110 -2566.745 2057.885 -1650 -8584.264
1 2021.053 1 -3372.628 0 0 0 110 110 12100 1969.126 19 -3321.809 2024.631 6 -3384.047
3 2066.886 -183.4005 -6976.592 0 0 0 110 110 100 1965.188 -185.4005 -6866.966 4689.958 -1602.4 -7989.76
3 2091.992 -261 -6766.942 0 0 0 140 200 250 2071.641 -194 -6479.048 2087.885 -821.9999 -8584.264
2 2617.149 80.28327 -7054.208 90 270 0 90 150 0 2719.43 72.28327 -7060.841 2697.319 -1173.717 -7082.457
1 2475.514 77.28327 -7039.64 0 0 0 110 110 12100 2578.724 140.2833 -7063.762 2938.517 -487.7167 -7084.949
3 2197.434 -183.4005 -7100.555 0 0 0 151 110 50 2030.411 -185.4005 -7104.938 4178.045 -707.4005 -7101.109
2 2356.789 -145.7167 -7102.389 0 90 0 130 100 0 2644.436 49.28328 -7073.686 2936.452 -502.7167 -7089.201
3 3563.174 150.2832 -7067.436 0 0 0 50 140 60 3565.539 174.2832 -7033.552 3566.433 159.2832 -7235.798
3 3568.179 128.2832 -7197.165 0 0 0 60 70.09999 100 3557.373 208.2832 -7127.531 3569.588 155.2832 -7452.048
2 3598.705 164.2832 -7290.724 0 0 0 110 100 0 3567.526 208.2832 -7292.45 3551.115 -1122.717 -8240.489
2 3667.554 -5.716736 -8845.527 0 0 0 110 190 0 3567.526 208.2832 -7292.45 3560.247 -482.7167 -8071.505
3 3740.326 -61 -8799.253 0 0 0 120 180 60 3718.006 -14 -8853.713 3722.942 -308 -9014.11
3 4662.479 -268.9888 -9230.889 0 0 0 180 140 50 4758.167 -244.9888 -9352.079 4731.807 -1148.989 -12548.52
2 5336.336 2385.119 -10218.47 90 0 0 110 110 0 5256.368 2458.119 -10088.22 5256.368 2458.119 -10108.22
2 8470.767 22.12909 -10196.55 0 90 0 110 110 0 8562.779 -66.87091 -10261.35 9007.273 -375.8709 -10269.6
3 2760.908 30.28328 -7082.328 0 90 0 250 400 10 3018.965 -183.7167 -7093.279 3269.451 -385.7168 -7093.156
2 3083.979 -145.7167 -7070.525 0 90 0 250 150 0 2520.104 191.2832 -7086.859 6104.033 56.28326 -7104.055
3 27.36115 -71.8749 -1718.14 0 1.40625 0 40 259.9999 70.09999 -54.88429 -163.8749 -1639.821 4.616655 -266.8749 -1609.569
3 88.03481 99.12509 -1626.161 0 1.40625 0 70 59.99997 180.1 -52.63957 39.12509 -1542.032 147.9607 -138.8749 -1698.499
3 202.2904 -70 -1560.871 0 350.1563 0 110 140 160 150.3991 -110 -1686.144 160.4039 -155 -2228.186
3 3336.326 -47.98763 -7056.361 0 0 0 50 120 60 3284.935 -18.98763 -6992.592 3550.623 -35.98763 -7318.041
1 3331.521 55.01236 -7093.724 0 0 0 60 60 3600 3284.935 -18.98763 -6992.592 3550.623 -35.98763 -7318.041
2 2106.265 -124 -2423.559 0 0 0 110 200 0 2187.849 -148 -2603.632 2125.498 -329 -2863.533
3 2155.602 -165 -2374.396 0 0 0 110 70 80.09998 2187.849 -148 -2603.632 2125.498 -322 -2863.533
3 2084.177 -214 -3120.307 0 0 0 210 99.99998 130 2118.25 -116 -2904.684 2065.394 -3971 -9499.402
2 4727.656 -181.0218 -9947.326 0 0 0 60 110 0 4742.262 -181.0218 -10029.92 4742.262 -181.0218 -10049.92
3 2151.377 -212 -2262.077 0 0 0 89.99998 59.99999 40 2338.976 -172 -2248.583 2503.414 -394 -2247.677
2 2579.366 -111.7167 -7090.921 0 90 0 80 110 0 2552.477 -126.7167 -7182.184 2480.555 -49.71674 -7060.918
3 2449 -173.7167 -7099.12 0 0 0 100 60 50 2644.436 49.28328 -7073.686 2936.452 -502.7167 -7089.201
3 3799.338 -264 -9400.563 0 0 0 320 259.9999 260 4035.776 -250.0711 -9388.543 4114.347 -261.9796 -9398.426
3 3404.263 3.012368 -7105.693 0 0 0 130 80 60 3384.337 11.01237 -7088.619 3993.046 -200.9876 -7080.663
2 3566.587 -177.7167 -7947.131 22.5 0 12.65625 110 190 0 3519.005 -106.7167 -7978.306 3625.929 12.28326 -7866.401
3 3573.965 -199 -7808.382 0 0 0 50 70 160 3570.904 -186 -7682.407 3609.522 -203 -8224.061
3 3724.689 -70 -7930.118 348.75 351.5625 0 40 80 270 3730.094 40 -7772.67 3392.148 -325 -9942.548
3 3647.441 164 -7856.142 11.25 1.40625 0 40 80 160 3588.639 181 -7939.628 3668.072 166 -7791.964
3 3712.977 -72 -8220.081 337.5 351.5625 0 40 80 140 3723.979 -23 -8228.284 3722.265 -530 -8532.753
2 3732.74 -155.7167 -8328.357 0 0 0 110 190 0 3715.119 -131.7167 -8303.623 3772.87 -189.7167 -10084.16
2 3732.74 -170.7167 -8328.357 0 0 0 110 190 0 3723.575 -131.7167 -8305.894 3772.87 -189.7167 -10084.16
2 3729.354 -130.7167 -9199.809 0 0 0 110 110 0 3806.672 -178.7167 -9348.19 3866.584 -243.7167 -9391.199
3 3717.355 -177 -9043.34 0 0 0 120 140 120 3721.614 -111 -8980.503 3740.231 -139 -9415.157
2 3785.078 -153.7167 -9315.157 0 315 0 110 110 0 3874.297 -174.7167 -9377.217 4128.067 -346.7167 -9395.349
2 3918.109 -212.7167 -9387.163 0 270 0 110 110 0 3879.859 -226.7167 -9383.279 5900.008 -247.7167 -9418.461
1 4456.849 -244.9888 -9342.73 0 0 0 140 140 19600 4581.691 -233.9888 -9428.055 4827.394 -560.9889 -9122.074
2 4729.268 -213.9888 -9300.682 0 0 0 140 140 0 4760.397 -244.9888 -9461.309 4736.191 -148.9888 -12478.26
3 4920.2 -252 -10215.51 0 0 0 120 120 120 4926.665 -128 -10190.43 4913.028 -279 -10214.71
1 4912.38 -1173.009 -10238.3 0 0 0 309.9999 309.9999 96099.98 4753.955 -180.9882 -10049.63 4914.782 -249.01 -10214.22
3 3345.349 -210.9876 -7094.562 0 0 0 50 60 32 3328.52 -186.9876 -7008.665 3322.157 -211.9876 -7088.8
3 1942.731 -157.25 -2252.68 0 0 0 39.99999 50 70 2001.323 -112.25 -2247.807 2263.215 -279.25 -2255.781
3 2077.471 -261 -6301.147 0 0 0 140 200 230 2064.359 -113 -6478.438 2065.182 -361 -6662.315
3 3378.35 -32.98763 -7170.082 0 0 0 120 120 60 3254.526 11.01237 -7165.419 3581.711 -81.98763 -7088.741
3 2074.471 -185 -3416.203 0 0 0 100 40 110 2095.508 -183 -3288.459 2100.805 -484 -3965.297
1 2085.996 -225.84 -3757.203 0 0 0 170 170 28899.99 2097.733 -267.84 -3630.109 2104.125 0.159973 -4231.819
3 3580.444 -7.716736 -7093.415 0 0 0 50 40.00001 32 3579.439 13.28326 -6958.593 3566.294 -27.71674 -7094.11
3 4874.039 -225 -10249.52 0 0 0 250 620 300 4610.138 -199.3992 -10121.91 4683.838 -109.1164 -10199.34
3 4803.939 -168.9888 -9570.609 0 0 0 180 140 300 4749.918 -154.9888 -9161.647 4731.807 -1448.989 -12548.52
1 5058.724 242.989 -10210.05 0 0 0 150 150 22500 5131.627 248.989 -10218.21 4808.441 237.989 -10209.42
1 5073.243 118.9785 -10361.64 0 0 0 50 50 2500 5017.267 147.9785 -10419.28 5119.797 223.9785 -10211.42
3 4827.366 -92.98885 -9695.123 0 0 0 50.00001 150 160 4886.251 -39.98886 -9783.621 4286.963 -734.9889 -10493.16
3 2068.592 -115.84 -3897.935 0 0 0 170 220 170 2066.747 12.15997 -3909.672 2064.783 -408.84 -4448.582
3 3178.083 -177.7167 -7104.234 0 0 0 110 130 60 2520.104 191.2832 -7086.859 6104.033 56.28326 -7104.055
3 4775.73 -168.9888 -9789.594 0 0 0 99.99999 140 100.1 4758.961 -164.9888 -9853.806 4731.807 -1448.989 -12548.52
3 2056.254 -119.84 -4224.921 0 0 0 170 220 160 2068.182 15.15997 -3964.813 2080.665 -388.84 -4900.132
3 4164.646 -227 -9389.501 0 0 0 40 60 34 4152.648 -229 -9300.953 4135.582 -269 -9390.454
3 4294.646 -227 -9389.501 0 0 0 90 60 44 4196.958 -229 -9322.742 5754.397 -269 -9454.052
2 2062.047 -81.0383 -4336.993 0 0 0 250 100 0 2067.144 -109.0383 -4289.539 2080.3 -155.0383 -11074.59
3 2039.864 -167.0383 -4177.135 0 0 0 250 80.00001 210 2067.144 -109.0383 -4289.539 2080.3 -155.0383 -11074.59
3 5342.615 2666.119 -10227.77 0 0 0 210 659.9999 210 5326.147 2431.119 -10213.19 5495.213 1175.119 -10211.87
3 5519.753 1846.119 -10196.44 0 0 45 110 309.9999 110 6885.379 432.0518 -10356.34 7036.109 278.8071 -10395.9
3 8209.097 -202.8709 -10411.74 0 0 0 200 49.99997 110 8562.779 -66.87091 -10261.35 9007.273 -375.8709 -10269.6
3 7735.04 -217.8709 -10449.84 0 0 0 300 49.99997 110 7702.308 -196.8709 -10416.98 9474.844 -630.8709 -10404
3 2.479998 98 -240.0534 0 0 0 210 210 30 7.884059 96 -161.3855 19.25349 -913.0004 -2774.13
1 -3.560057 134.5798 -496.0098 0 0 0 130 130 16900.01 -35.22382 76.57976 -283.3941 -35.22382 76.57976 -303.3941
2 2394.461 -132 -2200.01 0 270 0 170 200 0 2252.278 -173.7643 -2685.611 2197.218 -183.0143 -2750.854
3 2309.902 -191 -2249.269 0 0 0 66.99998 59.99999 40 2497.747 -172 -2295.438 2554.738 -180 -2313.793
3 8331.897 -55 -10252.61 0 348.75 0 170 100 70 8273.336 294 -10199.55 8794.86 -309 -10293.35
3 2856.172 22.28328 -7084.63 0 90 0 250 400 10 3018.965 -183.7167 -7093.279 3294.968 -385.7168 -7091.11
2 135.8752 -112 -1832.073 0 0 0 110 110 0 150.3991 -110 -1686.144 160.4039 -155 -2228.186
3 3563.174 176.2832 -7014.436 0 0 0 50 39.99997 60 3570.118 201.2832 -6991.295 3566.433 159.2832 -7235.798
3 3568.179 237.2832 -7162.165 0 0 0 60 70.09999 40 3557.373 208.2832 -7127.531 3569.588 210.2832 -7452.048
3 2602.259 127.2833 -7041.5 90 270 0 130 150 70.1 2610.822 49.28328 -7055.667 3271.137 -502.7167 -7096.02
3 2770.037 -63.71672 -7075.927 90 203.9063 0 90 150 10 2684.31 49.28328 -7070.995 3053.856 -502.7167 -7094.439
1 4911.756 -27.01448 -10281.97 0 0 0 68 68 4624 4906.793 14.98552 -10341.77 4911.676 -30.01448 -10257.99
3 8243.911 143 -10347.41 0 28.125 0 170 100 130 8239.354 127 -10373.4 8282.833 -15 -10274.82
1 8186.58 233 -10326.95 0 0 0 180 180 32400 8239.354 127 -10373.4 8282.833 -15 -10274.82
1 8125.873 43 -10241.84 0 0 0 180 180 32400 8239.354 127 -10373.4 8282.833 -15 -10274.82
3 2036.268 -398.4005 -7066.533 0 0 0 409.9999 110 400 1965.188 -185.4005 -6866.966 4689.958 -1602.4 -7989.76
3 2090.309 -261 -5934.726 0 0 0 140 200 150 2064.359 -113 -6478.438 2065.182 -386 -6662.315
2 2051.99 -32 -3955.7 0 0 0 269.9999 200 0 2078.297 150 -3745.993 2040.556 -2310 -9476.409
3 8354.079 -15 -10397.77 0 28.125 0 130 200 130 8362.61 -52 -10500.49 8415.36 133 -10340.66
3 2066.223 -183.4005 -7097.377 0 0 0 60.99999 110 60 2030.411 -185.4005 -7104.938 4178.045 -707.4005 -7101.109
3 3719.931 -15 -8080.258 0 0 0 40 80 100 3713.827 -25 -7815.335 3660.66 -325 -9947.262
3 9.524699 13 -449.6782 0 0 0 110 39.99999 120 5.327068 -4 -299.8044 19.25349 -413.0005 -2774.13
3 1416.441 -99.94257 -2151.05 0 0 343.125 110 70 60 1507.265 -124.9426 -2141.047 1654.006 -306.9426 -2153.31
3 26.76021 103 -653.7554 0 0 0 210 210 10 18.16743 331 -780.7618 6.343366 -1624 -2079.82
1 2065.713 -294 -5982.707 0 0 0 120 120 14400 2131.237 -213 -6043.196 2072.337 -269 -5968.067
1 2018.012 -285 -5976.705 0 0 0 60 60 3600 2073.133 -213 -6058.364 2072.337 -269 -5968.067
3 1891.551 -139 -5591.321 0 0 0 70 90 45 1990.467 -144 -5600.378 1646.466 -158 -5605.512
3 1879.06 -143 -5488.683 0 0 0 70 33 58 1982.315 -144 -5457.805 -258.3526 -158 -5808.007
3 1867.552 -140 -5702.833 0 0 0 70 30 68 1986.092 -144 -5683.265 1571.662 -158 -5750.439
3 1819.724 45 -5787.412 0 90 0 240 90 85 1742.936 -104 -6276.467 1555.461 -708 -7070.823
3 1879.526 2E-06 -5670.965 0 90 0 280 90 85.00001 1742.936 -104 -6276.467 1555.461 -708 -7070.823
3 1694.008 -15 -6171.929 0 90 0 450 190 195 1742.936 -104 -6276.467 1555.461 -708 -7070.823
1 1703.035 -155 -6587.003 0 0 0 100 100 10000 1707.783 -136 -6462.314 1689.854 -400 -7198.567
1 1707.017 -163 -6588.789 0 0 0 40.00001 40.00001 1600 1727.227 -146 -6551.105 1427.827 -490 -7139.774
3 3566.848 251.2832 -7092.396 0 0 0 35 39.99997 33 3555.543 291.2832 -6968.654 3566.433 159.2832 -7235.798
1 3562.031 215.2832 -7092.147 0 0 0 40 40 1600 3557.373 208.2832 -7127.531 3569.588 210.2832 -7452.048
3 4770.687 -168.9888 -9377.588 0 0 0 50.09999 140.0001 65.00001 4775.099 -154.9888 -9306.219 4877.365 -2738.989 -12549.49
3 4695.588 -223.9888 -9589.521 0 45 0 50.09999 140.0001 65.00001 4654.676 -84.98885 -9543.164 5870.621 -2668.989 -12916.85
3 2834.155 41.28328 -7099.588 90 203.9063 0 90 150 10 2684.31 49.28328 -7070.995 3053.856 -502.7167 -7094.439
3 1448.422 -327 -2154.415 0 0 0 150 59.99999 70 1863.634 -247 -2244.538 2458.414 -429 -2247.924
3 1690.994 -277 -2152.537 0 0 0 10 49.99999 70 1630.17 -226 -2073.482 2050.653 -844 -2648.42
3 2119.517 -166.0383 -3985.328 0 0 0 15.00001 30.00001 11 2067.144 -109.0383 -4289.539 2080.3 -155.0383 -11074.59
3 1491.613 -54 -2152.755 0 90 0 110 210 10 1440.97 -115 -2156.371 3554.677 -162 -2289.427
3 1621.613 -116 -2152.755 0 90 0 110 110 80 1440.97 -115 -2156.371 3554.677 -162 -2289.427
3 4920.2 -342 -10215.51 0 0 0 120 120 120 4926.665 -128 -10190.43 4913.028 -279 -10214.71
3 1753.521 -140 -5540.663 0 0 0 70 40 350 1986.092 -144 -5683.265 1571.662 -158 -5750.439
3 1868.57 -140 -5864.769 0 0 0 70 50 100 1986.092 -144 -5683.265 1571.662 -158 -5750.439
3 4775.73 -208.9888 -9889.594 0 0 0 99.99999 140 110.1 4758.961 -164.9888 -9853.806 4731.807 -848.9885 -12548.52
