1 -169.919 -1152 1.163845 0 0 0 80 80 6400 -284.3567 -1130 -2.546404 32.95448 -1256 0.804536
3 27.38819 2.827271 301.3853 0 0 0 130 110 230 -16.20856 105.8273 392.076 137.1067 -1248.173 2080.535
3 -4.221469 1.827271 545.9168 0 0 0 120 99.99998 150 -2.332007 -12.17273 381.1727 -8.91024 -398.1727 2487.685
3 -2.305178 69.82727 854.5803 0 0 0 120 79.99998 220 -9.776386 84.82727 969.8541 -51.28028 -315.1727 2386.06
3 -6.917835 76.14999 1075.115 0 0 0 130 110 20 -7.153156 20.15 1057.749 -7.153156 20.15 1037.749
1 199.7553 -1356.332 -1033.941 0 0 0 25 25 625 183.5336 -1350.332 -1021.356 1546.849 -1791.332 -2224.476
1 196.6036 -1361.332 -1032.569 0 0 0 60 60 3600 183.5336 -1350.332 -1021.356 1546.849 -1791.332 -2224.476
1 304.3569 -572.6978 -1618.523 0 0 0 50 50 2500 304.3569 -572.6978 -1598.523 304.3569 -572.6978 -1618.523
1 379.4905 -1361.332 -1590.976 0 0 0 30 30 900 400.7379 -1335.332 -1585.186 -492.9685 -1711.332 -1839.317
1 370.928 -1311.332 -1594.897 0 0 0 10 10 100 405.9247 -1028.332 -1583.865 -331.7712 -1061.332 -1793.83
3 343.5834 -1295.332 -1593.726 0 0 0 9.999998 30 30 403.9491 -1361.332 -1567.537 403.9491 -1361.332 -1587.537
3 403.5834 -1295.332 -1593.726 0 0 0 9.999998 30 30 403.9491 -1361.332 -1567.537 403.9491 -1361.332 -1587.537
3 369.5379 -1295.332 -1563.78 0 0 0 30 30 9.999998 403.9491 -1361.332 -1567.537 403.9491 -1361.332 -1587.537
3 369.5379 -1295.332 -1623.78 0 0 0 30 30 9.999998 403.9491 -1361.332 -1567.537 403.9491 -1361.332 -1587.537
1 379.4905 -1375.332 -1590.976 0 0 0 60 60 3600 400.7379 -1335.332 -1585.186 -492.9685 -1711.332 -1839.317
1 802.3093 -1361.332 -1167.43 0 0 0 30 30 900 742.1855 -1353.332 -1184.44 1687.001 -1646.332 -942.0714
1 821.9083 -541.7531 -1161.13 0 0 0 40 40 1600 821.9083 -485.7531 -1141.13 1221.997 -1508.753 -875.9027
1 -196.9278 -111.6576 -335.3424 0 0 0 60 60 3600 -167.9953 29.34241 -335.0378 156.1692 -843.6576 282.7364
1 -171.5748 -1361.332 -350.6428 0 0 0 30 30 900 -172.2517 -1341.332 -391.4238 160.0347 -1466.332 766.2214
1 515.0527 -1365.332 -1242.131 0 0 0 40 40 1600 462.1109 -1355.332 -1253.628 1466.894 -1599.332 -998.7727
1 447.7347 -1365.332 -1309.957 0 0 0 40 40 1600 462.1109 -1355.332 -1253.628 161.1181 -1599.332 -2540.344
1 411.3229 -1352.332 -1212.355 0 0 0 45 45 2025 333.6601 -1355.332 -1145.843 3236.661 -2289.332 -3401.43
1 803.2328 -1320.332 -1167.807 0 0 0 20 20 400 777.7771 -1324.332 -1153.87 942.2708 -1062.332 -1060.164
3 800.6095 -1329.332 -1201.869 0 0 0 40 40 10 776.5424 -1361.332 -1148.752 776.5424 -1361.332 -1168.752
3 800.6095 -1329.332 -1131.869 0 0 0 40 40 10 776.5424 -1361.332 -1148.752 776.5424 -1361.332 -1168.752
3 842.1423 -1329.332 -1167.24 0 0 0 9.999998 40 40 776.5424 -1361.332 -1148.752 776.5424 -1361.332 -1168.752
3 758.2547 -1329.332 -1165.462 0 0 0 9.999998 40 40 776.5424 -1361.332 -1148.752 776.5424 -1361.332 -1168.752
1 -167.9435 -1322.658 -349.3748 0 0 0 13 13 169 -167.9953 29.34241 -335.0378 156.1692 -843.6576 282.7364
3 -163.4634 -1329.332 -379.308 0 0 0 40 40 10 -184.538 -1361.332 -355.1447 -184.538 -1361.332 -375.1447
3 -163.4634 -1329.332 -319.308 0 0 0 40 40 10 -184.538 -1361.332 -355.1447 -184.538 -1361.332 -375.1447
3 -124.7945 -1329.332 -349.0545 0 270 0 40 40 10 -184.538 -1361.332 -355.1447 -184.538 -1361.332 -375.1447
3 -204.7945 -1329.332 -349.0545 0 270 0 40 40 10 -184.538 -1361.332 -355.1447 -184.538 -1361.332 -375.1447
1 319.5645 -985.8643 -515.5281 0 0 0 30 30 900 346.8437 -975.8643 -548.6595 138.6609 -1040.864 -311.4442
1 321.1283 -940.8643 -513.2766 0 0 0 20 20 400 334.869 -179.8643 -523.7039 169.4979 -450.8643 -362.819
1 302.7676 -124.0867 -493.1985 0 0 0 30 30 900 302.7676 -24.08667 -473.1985 302.7676 -24.08667 -493.1985
3 355.389 -964.8643 -510.239 0 0 0 9.999998 40 50 334.7942 -985.8643 -513.7449 334.7942 -985.8643 -533.7449
3 285.389 -964.8643 -510.239 0 0 0 9.999998 40 50 334.7942 -985.8643 -513.7449 334.7942 -985.8643 -533.7449
3 322.0157 -964.8643 -475.0997 0 270 0 9.999998 40 50 334.7942 -985.8643 -513.7449 334.7942 -985.8643 -533.7449
3 322.0157 -964.8643 -545.0997 0 270 0 9.999998 40 50 334.7942 -985.8643 -513.7449 334.7942 -985.8643 -533.7449
3 -91.24838 -449.32 -156.2392 0 29.53125 0 50 51 30 -116.9989 -326.32 -200.0309 -90.78086 -449.32 -158.2884
3 -91.24838 -449.32 -156.2392 0 29.53125 0 60 61 40 -116.9989 -326.32 -200.0309 -90.78086 -449.32 -158.2884
3 903.2781 -702.68 -1092.031 0 315 0 40 30 80 849.805 -655.869 -1143.567 894.9628 -717.6922 -1115.515
3 779.77 -900.3193 -680.5752 0 340.3125 0 30 20 20 822.6676 -828.3193 -703.1671 -7.481855 -1574.319 -695.7676
3 779.77 -900.3193 -680.5752 0 340.3125 0 40 30 30 822.6676 -828.3193 -703.1671 -7.481855 -1879.319 -695.7676
3 30.7545 -639.359 -1810.552 0 341.7188 0 20 20 30 83.57181 -571.359 -1800.291 -417.7863 -1913.359 -2220.675
3 30.7545 -639.359 -1810.552 0 341.7188 0 30 30 40 83.57181 -571.359 -1800.291 -417.7863 -1913.359 -2220.675
3 120.9155 -816 -1793.911 0 33.75 0 20 20 30 152.6738 -777 -1809.447 -152.2531 -1491 -1517.328
3 120.9155 -816 -1793.911 0 33.75 0 30 30 40 152.6738 -777 -1809.447 -152.2531 -1491 -1517.328
3 -108.2673 -638.359 -1757.991 0 4.21875 0 30 20 20 -122.4763 -637.359 -1787.982 168.6525 -2690.359 3413.038
3 -108.2673 -638.359 -1757.991 0 4.21875 0 40 30 30 -89.61332 -565.359 -1784.333 -428.9246 -2115.359 -1206.503
3 143.2305 -969.3964 -1356.776 0 0 0 30 20 20 150.3228 -908.3964 -1321.42 -262.4752 -2116.396 -2129.314
3 143.2305 -969.3964 -1356.776 0 0 0 40 30 30 150.3228 -908.3964 -1321.42 -262.4752 -2116.396 -2129.314
1 1.162732 -187.64 -0.900082 0 0 0 50 50 2500 35.27099 -192.64 10.76448 35.27099 -192.64 -9.235522
3 -141.1501 -420.32 -256.7046 0 298.125 0 30 33 50 -185.4735 -425.32 -316.1513 -110.5869 -461.32 -188.8978
3 869.2853 -702.68 -1138.028 0 292.5 0 30 30 30 825.5293 -604.8802 -1183.37 1234.304 -1557.936 -829.7861
3 896.876 -706.68 -1013.545 0 315 0 30 30 30 859.855 -626.8802 -1042.595 1668.818 -2112.936 -680.8606
3 903.2781 -702.68 -1092.031 0 315 0 110 40 110 823.3798 -661.7473 -1074.48 874.7864 -721.4974 -1037.324
3 874.6993 -900.3193 -734.2071 0 343.125 0 21 20 30 872.0316 -814.3193 -808.1681 984.3116 -2109.319 -109.2171
3 874.6993 -900.3193 -734.2071 0 343.125 0 31 30 40 872.0316 -814.3193 -808.1681 984.3116 -2109.319 -109.2171
3 1260.774 -985.7 -730.8762 0 345.9375 0 30 20 21.1 1322.038 -967.7 -716.3599 777.5152 -1215.7 -853.4923
3 1260.774 -985.7 -730.8762 0 345.9375 0 40 30 31.1 1322.038 -967.7 -716.3599 777.5152 -1215.7 -853.4923
1 853.2701 -967 -655.7721 0 0 0 80 80 6400 778.9985 -1000 -625.0016 778.9985 -1000 -645.0016
1 1.162732 -312.64 -0.900082 0 0 0 160 160 25600 35.27099 -192.64 10.76448 35.27099 -192.64 -9.235522
1 -0.923013 -677.8105 -1426.619 0 0 0 20 20 400 -0.923013 -554.8105 -1406.619 -13.20649 -2297.811 -3286.69
3 1.936111 -595.8105 -1391.736 0 0 0 60 130 10 -0.923013 -554.8105 -1406.619 -5.839662 -2297.811 -2156.69
1 -34.6512 -1148.296 -2111.992 0 0 0 27 27 729 -49.61632 -1129.296 -2144.351 583.0679 -1393.296 -985.3888
1 -30.75728 -1148.296 -2106.232 0 0 0 50 50 2500 -49.61632 -1129.296 -2144.351 583.0679 -1393.296 -985.3888
1 89.69556 -830 -1841.397 0 0 0 24 24 576 127.6398 -802 -1848.786 -170.6491 -879 -1768.805
1 89.69556 -830 -1841.397 0 0 0 34 34 1156 127.6398 -802 -1848.786 -170.6491 -879 -1768.805
1 70.26899 -711.1122 -1744.373 0 0 0 90 90 8100 136.0308 -682.1122 -1720.119 136.0308 -682.1122 -1740.119
1 -78.93777 -848.347 -1722.628 0 0 0 60 60 3600 -50.93261 -828.347 -1765.67 -50.93261 -828.347 -1785.67
1 -78.93777 -794.347 -1722.628 0 0 0 30 30 900 -50.93261 -828.347 -1765.67 -50.93261 -828.347 -1785.67
1 115.7883 -1211.144 -1835.006 0 0 0 70 70 4900 37.9306 -1219.144 -1769.837 37.9306 -1219.144 -1789.837
1 115.7883 -1299.144 -1835.006 0 0 0 70 70 4900 37.9306 -1219.144 -1769.837 37.9306 -1219.144 -1789.837
1 -0.699676 -661.3199 -1644.255 0 0 0 50 50 2500 -5.521678 -653.3199 -1657.262 -5.521678 -653.3199 -1677.262
1 -0.699676 -620.3199 -1644.255 0 0 0 40 40 1600 -5.521678 -653.3199 -1657.262 -5.521678 -653.3199 -1677.262
3 -4.363625 -594.8105 -1458.467 0 0 0 60 130 10 -0.923013 -554.8105 -1406.619 -5.839662 -2297.811 -2156.69
3 -46.38232 -595.8105 -1423.358 0 270 0 20 130 10 -0.923013 -554.8105 -1406.619 -5.839662 -2297.811 -2156.69
3 48.57812 -597.8105 -1426.099 0 270 0 20 130 10 -0.923013 -554.8105 -1406.619 -5.839662 -2297.811 -2156.69
3 4.160806 -724.8105 -1426.512 0 270 270 30 60 10 -0.923013 -554.8105 -1406.619 -5.839662 -2297.811 -2156.69
3 198.9469 -232.32 -50.82072 0 14.0625 0 30 20 20 182.6984 -206.32 -9.907389 841.6563 -2184.32 -2080.903
3 198.9469 -232.32 -50.82072 0 14.0625 0 40 30 30 182.6984 -206.32 -9.907389 841.6563 -2184.32 -2080.903
1 -132.7613 -1144 -1701.008 0 0 0 30 30 900 -176.4893 -1064 -1704.386 41.98986 -1350 -1702.64
1 799.765 -999 -612.0523 0 0 0 50 50 2500 727.5866 -966 -564.7948 940.9355 -1070 -727.7785
1 799.765 -999 -612.0523 0 0 0 60 60 3600 727.5866 -966 -564.7948 940.9355 -1070 -727.7785
3 594.801 -1285.319 -696.5064 0 45 0 30 20 20 600.0837 -1224.319 -754.4068 423.7332 -1630.319 -202.861
3 594.801 -1285.319 -696.5064 0 45 0 40 30 30 648.9798 -1241.319 -716.9318 174.1474 -1630.319 -472.1683
1 997.9529 -1138.396 -802.9446 0 0 0 100 100 10000 985.3945 -1187.396 -845.2123 985.3945 -1187.396 -865.2123
1 997.9529 -1267.396 -802.9446 0 0 0 100 100 10000 985.3945 -1187.396 -845.2123 985.3945 -1187.396 -865.2123
1 1241.551 -1032.492 -732.2815 0 0 0 60 60 3600 1223.16 -1013.492 -685.6398 1223.16 -1013.492 -705.6398
3 141.3079 -1346.622 -981.6494 0 312.1875 0 20 20 30 122.9381 -1320.622 -1026.82 224.0476 -1616.622 62.1999
1 69.29439 -1358.732 -581.9734 0 0 0 30 30 900 89.47906 -1337.682 -582.685 107.3603 -1326.215 -674.8887
3 71.27117 -1344.332 -690.0472 0 0 0 60 70 10 77.22592 -1358.332 -584.4702 77.22592 -1358.332 -604.4702
3 20.79551 -1344.332 -610.6956 0 270 0 70 70 10 77.22592 -1358.332 -584.4702 77.22592 -1358.332 -604.4702
3 120.7955 -1344.332 -610.6956 0 270 0 70 70 10 77.22592 -1358.332 -584.4702 77.22592 -1358.332 -604.4702
3 71.27117 -1344.332 -530.0472 0 0 0 60 70 10 77.22592 -1358.332 -584.4702 77.22592 -1358.332 -604.4702
3 67.9809 -1379.332 -606.4175 270 0 0 60 70 10 77.22592 -1358.332 -584.4702 77.22592 -1358.332 -604.4702
3 -141.1501 -420.32 -256.7046 0 298.125 0 40 43 60 -185.4735 -425.32 -316.1513 -110.5869 -461.32 -188.8978
1 -15.53806 -187.32 80.01367 0 0 0 20 20 400 -96.43539 -249.32 -64.06047 -96.43539 -249.32 -84.06047
1 -121.4254 -262.32 32.27475 0 0 0 55 55 3025 -96.43539 -249.32 -64.06047 -96.43539 -249.32 -84.06047
1 -137.2948 -253.32 -75.63657 0 0 0 20 20 400 -96.43539 -249.32 -64.06047 -96.43539 -249.32 -84.06047
1 38.95708 -250.32 -144.9953 0 0 0 20 20 400 -96.43539 -249.32 -64.06047 -96.43539 -249.32 -84.06047
1 74.02869 -250.32 130.3239 0 0 0 30 30 900 -96.43539 -249.32 -64.06047 -96.43539 -249.32 -84.06047
1 -0.361699 -250.32 150.6004 0 0 0 20 20 400 -96.43539 -249.32 -64.06047 -96.43539 -249.32 -84.06047
1 70.58651 -183.32 -20.5615 0 0 0 20 20 400 -96.43539 -249.32 -64.06047 -96.43539 -249.32 -84.06047
3 -110.3566 -225.32 29.86403 0 15.46875 0 66 30 100 -171.2728 -161.32 86.46995 358.2344 -629.3199 -448.7816
3 -125.3809 -193.32 29.37649 0 15.46875 0 31 40 20 -171.2728 -161.32 86.46995 358.2344 -629.3199 -448.7816
1 -115.0679 -208.32 42.68787 0 0 0 9.999998 9.999998 99.99998 -114.8832 -249.32 68.67742 -114.8832 -249.32 48.67743
1 -67.87305 -658.0604 -1721.717 0 0 0 30 30 900 -44.11389 -652.0604 -1662.737 -44.11389 -652.0604 -1682.737
1 -67.87305 -617.0604 -1721.717 0 0 0 20 20 400 -44.11389 -652.0604 -1662.737 -44.11389 -652.0604 -1682.737
1 -35.95409 -1205 -1484.867 0 0 0 20 20 400 12.46978 -1200 -1484.581 12.46978 -1200 -1504.581
1 33.53862 -1205 -1461.203 0 0 0 20 20 400 12.46978 -1200 -1484.581 12.46978 -1200 -1504.581
1 43.83934 -1205 -1530.925 0 0 0 20 20 400 12.46978 -1200 -1484.581 12.46978 -1200 -1504.581
1 43.83934 -1171 -1530.925 0 0 0 20 20 400 12.46978 -1200 -1484.581 12.46978 -1200 -1504.581
1 32.87033 -1169 -1459.032 0 0 0 20 20 400 12.46978 -1200 -1484.581 12.46978 -1200 -1504.581
1 -37.77575 -1169 -1486.328 0 0 0 20 20 400 12.46978 -1200 -1484.581 12.46978 -1200 -1504.581
1 -59.79583 -1000 -1806.834 0 0 0 20 20 400 -62.10587 -1000 -1770.885 -62.10587 -1000 -1790.885
1 -59.79583 -968 -1806.834 0 0 0 20 20 400 -62.10587 -1000 -1770.885 -62.10587 -1000 -1790.885
1 1192.613 -1000 -715.5596 0 0 0 20 20 400 1149.717 -1000 -696.361 1149.717 -1000 -716.361
1 1192.613 -965 -715.5596 0 0 0 20 20 400 1149.717 -1000 -696.361 1149.717 -1000 -716.361
1 1169.643 -1001 -794.8713 0 0 0 20 20 400 1149.717 -1000 -696.361 1149.717 -1000 -716.361
1 1169.643 -967 -794.8713 0 0 0 20 20 400 1149.717 -1000 -696.361 1149.717 -1000 -716.361
1 1024.948 -1358.332 -273.8439 0 0 0 20 20 400 1046.401 -1358.332 -293.0279 1046.401 -1358.332 -313.0279
1 1020.966 -1324.332 -273.469 0 0 0 20 20 400 1046.401 -1358.332 -293.0279 1046.401 -1358.332 -313.0279
1 746.1348 -1300 -755.0869 0 0 0 20 20 400 764.266 -1300 -661.3593 764.266 -1300 -681.3593
1 698.1046 -1300 -695.0603 0 0 0 20 20 400 764.266 -1300 -661.3593 764.266 -1300 -681.3593
1 698.1046 -1266 -695.0603 0 0 0 20 20 400 764.266 -1300 -661.3593 764.266 -1300 -681.3593
1 750.1087 -1266 -750.4832 0 0 0 20 20 400 764.266 -1300 -661.3593 764.266 -1300 -681.3593
1 843.3879 -1307 -709.0917 0 0 0 40 40 1600 764.266 -1300 -661.3593 764.266 -1300 -681.3593
1 844.4777 -1335 -592.4012 0 0 0 70 70 4900 764.266 -1300 -661.3593 764.266 -1300 -681.3593
1 -151.2167 -446.2 -177.7218 0 0 0 20 20 400 -141.119 -446.2 -234.2225 -141.119 -446.2 -254.2225
1 -151.2167 -416.2 -177.7218 0 0 0 20 20 400 -141.119 -446.2 -234.2225 -141.119 -446.2 -254.2225
1 -123.7976 -455.2 -209.597 0 0 0 30 30 900 -141.119 -446.2 -234.2225 -141.119 -446.2 -254.2225
1 140.4676 -801.32 -141.6311 0 0 0 20 20 400 -98.98752 -249.32 -69.77253 -98.98752 -249.32 -89.77253
1 140.4676 -766.32 -141.6311 0 0 0 20 20 400 -98.98752 -249.32 -69.77253 -98.98752 -249.32 -89.77253
1 187.6059 -801.32 -89.88189 0 0 0 20 20 400 -98.98752 -249.32 -69.77253 -98.98752 -249.32 -89.77253
1 187.6059 -766.32 -89.88189 0 0 0 20 20 400 -98.98752 -249.32 -69.77253 -98.98752 -249.32 -89.77253
1 64.53679 -806.32 -180.3137 0 0 0 70 70 4900 -98.98752 -249.32 -69.77253 -98.98752 -249.32 -89.77253
1 -35.33164 -846.32 133.3066 0 0 0 70 70 4900 -98.98752 -249.32 -69.77253 -98.98752 -249.32 -89.77253
1 -34.13308 -481.32 201.5355 0 0 0 20 20 400 -98.98752 -249.32 -69.77253 -98.98752 -249.32 -89.77253
1 -34.13308 -446.32 201.5355 0 0 0 20 20 400 -98.98752 -249.32 -69.77253 -98.98752 -249.32 -89.77253
1 -4.992303 11.668 649.4229 0 0 0 20 20 400 8.431325 11.668 646.5075 8.431325 11.668 626.5075
1 -4.992303 44.668 649.4229 0 0 0 20 20 400 8.431325 11.668 646.5075 8.431325 11.668 626.5075
1 -1.757609 26.668 917.311 0 0 0 30 30 900 8.431325 11.668 646.5075 8.431325 11.668 626.5075
1 -12.72718 25.15 1279.089 0 0 0 50 50 2500 -9.500217 20.15 1234.299 -9.500217 20.15 1214.299
