1 -450.5072 1205.098 -559.0893 0 0 0 340.1 340.1 115668 -432.8572 969.0976 -417.544 -432.8572 969.0976 -437.544
1 -450.5072 1200.098 -559.0893 0 0 0 350.1 350.1 122570 -432.8572 969.0976 -417.544 -432.8572 969.0976 -437.544
1 -450.5345 1643.409 -555.1719 0 0 0 100 100 10000 -458.5345 1500.409 -558.1719 -458.5345 1493.409 -578.1719
1 -450.5345 1593.409 -555.1719 0 0 0 70 70 4900 -458.5345 1500.409 -558.1719 -458.5345 1493.409 -578.1719
1 -451.6763 1492.098 -630.0268 0 0 0 40.09998 40.09998 1608.009 -432.8572 969.0976 -417.544 -432.8572 969.0976 -437.544
1 -449.6731 1645.098 -563.0056 0 0 0 40.09998 40.09998 1608.009 -432.8572 969.0976 -417.544 -432.8572 969.0976 -437.544
1 262.7364 1893.861 670.5389 0 0 0 100 100 10000 229.5323 1596.861 481.1725 229.5323 1596.861 461.1725
1 -450.5345 1493.409 -555.1719 0 0 0 70 70 4900 -458.5345 1500.409 -558.1719 -458.5345 1493.409 -578.1719
1 797.6533 1987.107 -448.9325 0 0 0 70 70 4900 858.2897 1895.107 -431.4006 756.9501 2154.107 -454.7706
1 -450.5345 1593.409 -555.1719 0 0 0 70 70 4900 -458.5345 1500.409 -558.1719 -458.5345 1493.409 -578.1719
1 -450.5345 1553.409 -555.1719 0 0 0 70 70 4900 -458.5345 1500.409 -558.1719 -458.5345 1493.409 -578.1719
1 -137.7573 2101.861 756.7563 0 0 0 80.00001 80.00001 6400.001 229.5323 1596.861 481.1725 229.5323 1596.861 461.1725
1 549.9726 2290.387 -451.0782 0 0 0 75 75 5625 547.2427 2327.387 -463.8197 547.2427 2327.387 -483.8197
1 549.9726 2390.387 -451.0782 0 0 0 75 75 5625 547.2427 2327.387 -463.8197 547.2427 2327.387 -483.8197
1 549.9726 2340.387 -451.0782 0 0 0 75 75 5625 547.2427 2327.387 -463.8197 547.2427 2327.387 -483.8197
1 -450.5072 1200.098 -559.0893 0 0 0 350.1 350.1 122570 -432.8572 969.0976 -417.544 -432.8572 969.0976 -437.544
1 -363.2582 1771.861 1005.848 0 0 0 80.00001 80.00001 6400.001 229.5323 1596.861 481.1725 229.5323 1596.861 461.1725
1 -106.7622 2101.861 535.1763 0 0 0 80.00001 80.00001 6400.001 229.5323 1596.861 481.1725 229.5323 1596.861 461.1725
1 222.238 1883.861 843.6616 0 0 0 80.00001 80.00001 6400.001 229.5323 1596.861 481.1725 229.5323 1596.861 461.1725
1 -405.7433 2066.861 259.085 0 0 0 80.00001 80.00001 6400.001 229.5323 1596.861 481.1725 229.5323 1596.861 461.1725
1 -206.0085 1786.861 225.8417 0 0 0 80.00001 80.00001 6400.001 229.5323 1596.861 481.1725 229.5323 1596.861 461.1725
1 -152.226 1931.861 302.0361 0 0 0 100 100 10000 229.5323 1596.861 481.1725 229.5323 1596.861 461.1725
1 232.9999 1780.861 394.6282 0 0 0 85.00001 85.00001 7225.001 229.5323 1596.861 481.1725 229.5323 1596.861 461.1725
1 507.0196 1741.861 715.3119 0 0 0 80.00001 80.00001 6400.001 229.5323 1596.861 481.1725 229.5323 1596.861 461.1725
1 -450.5072 1200.098 -559.0893 0 0 0 540.1 540.1 291708 -432.8572 969.0976 -417.544 -450.0572 1200.098 -560
1 -450.5345 1643.409 -555.1719 0 0 0 100 100 10000 -458.5345 1500.409 -558.1719 -458.5345 1493.409 -578.1719
1 -752.6337 1338.761 -454.7288 0 0 0 42.09999 42.09999 1772.41 -683.8165 1377.761 -493.189 -683.8165 1377.761 -513.189
1 -847.4617 1384.761 -635.6268 0 0 0 45.09999 45.09999 2034.01 -683.8165 1377.761 -493.189 -683.8165 1377.761 -513.189
1 -799.6711 1259.761 -558.7519 0 0 0 43.09999 43.09999 1857.61 -683.8165 1377.761 -493.189 -683.8165 1377.761 -513.189
1 -640.1979 1294.761 -282.487 0 0 0 43.09999 43.09999 1857.61 -683.8165 1377.761 -493.189 -683.8165 1377.761 -513.189
1 -441.9673 1366.761 -232.8211 0 0 0 43.09999 43.09999 1857.61 -683.8165 1377.761 -493.189 -683.8165 1377.761 -513.189
1 -226.3947 1404.761 -366.3238 0 0 0 43.09999 43.09999 1857.61 -683.8165 1377.761 -493.189 -683.8165 1377.761 -513.189
1 -86.60115 1304.761 -480.5803 0 0 0 43.09999 43.09999 1857.61 -683.8165 1377.761 -493.189 -683.8165 1377.761 -513.189
1 -197.1327 1482.761 -778.1941 0 0 0 43.09999 43.09999 1857.61 -683.8165 1377.761 -493.189 -683.8165 1377.761 -513.189
1 -253.8292 1423.761 -777.1373 0 0 0 44.09999 44.09999 1944.81 -683.8165 1377.761 -493.189 -683.8165 1377.761 -513.189
1 -445.6962 833.7615 -614.7663 0 0 0 43.09999 43.09999 1857.61 -504.2399 739.7615 -564.7918 -124.3842 1226.761 -846.2142
1 -448.8223 764.7615 -612.2708 0 0 0 130.1 130.1 16926.01 -683.8165 1377.761 -493.189 -683.8165 1377.761 -513.189
1 -509.7107 1937.181 560.6432 0 0 0 700 700 490000 -272.1867 2195.18 682.3212 -272.1867 2195.18 662.3212
1 62.20661 1607.181 819.2673 0 0 0 700 700 490000 -272.1867 2195.18 682.3212 -272.1867 2195.18 662.3212
1 361.2312 1307.181 820.1431 0 0 0 700 700 490000 -272.1867 2195.18 682.3212 -272.1867 2195.18 662.3212
1 -424.6896 1846.861 584.5802 0 0 0 400 400 160000 229.5323 1596.861 481.1725 229.5323 1596.861 461.1725
1 -189.2532 1706.861 633.4136 0 0 0 430 430 184900 229.5323 1596.861 481.1725 229.5323 1596.861 461.1725
1 -20.60997 1641.861 658.25 0 0 0 430 430 184900 229.5323 1596.861 481.1725 229.5323 1596.861 461.1725
1 173.864 1551.861 707.113 0 0 0 430 430 184900 229.5323 1596.861 481.1725 229.5323 1596.861 461.1725
1 281.075 1426.861 741.8179 0 0 0 430 430 184900 229.5323 1596.861 481.1725 229.5323 1596.861 461.1725
1 323.138 713 149.6772 0 0 0 15 15 225 267.0511 700 137.8883 267.0511 700 117.8883
1 292.1403 713 206.2462 0 0 0 15 15 225 267.0511 700 137.8883 267.0511 700 117.8883
1 283.1322 707 103.3777 0 0 0 15 15 225 267.0511 700 137.8883 267.0511 700 117.8883
1 229.9512 707 193.7226 0 0 0 15 15 225 267.0511 700 137.8883 267.0511 700 117.8883
1 -0.5774249 620 0.239177 0 0 0 20 20 400 -0.5774249 620 20.23918 -0.5774249 620 0.239177
1 -0.5774249 620 0.239177 0 0 0 40 40 1600 -0.5774249 620 20.23918 -0.5774249 620 0.239177
1 -2.428805 608 -371.424 0 0 0 70 70 4900 -2.2043 620 -307.9995 -2.2043 620 -327.9995
1 -32.69161 714 -356.256 0 0 0 15 15 225 -15.76883 695 -273.7007 -15.76883 695 -293.7007
1 30.56105 714 -355.6787 0 0 0 15 15 225 -15.76883 695 -273.7007 -15.76883 695 -293.7007
1 61.16034 701 -297.1301 0 0 0 24 24 576 -15.76883 695 -273.7007 -15.76883 695 -293.7007
1 -58.60135 701 -300.8374 0 0 0 24 24 576 -15.76883 695 -273.7007 -15.76883 695 -293.7007
1 -274.5785 598 160.9466 0 0 0 80 80 6400 -277.81 620 184.8112 -277.81 620 164.8112
1 -284.0619 699.8403 99.03857 0 0 0 25 25 625 -241.8454 709.8403 93.59433 -241.8454 709.8403 73.59433
1 -231.2525 699.8403 196.6331 0 0 0 25 25 625 -241.8454 709.8403 93.59433 -241.8454 709.8403 73.59433
1 -324.5137 711.8403 149.3664 0 0 0 15 15 225 -241.8454 709.8403 93.59433 -241.8454 709.8403 73.59433
1 -292.0486 711.8403 205.763 0 0 0 15 15 225 -241.8454 709.8403 93.59433 -241.8454 709.8403 73.59433
1 -188.9652 701.8403 147.0002 0 0 0 20 20 400 -241.8454 709.8403 93.59433 -241.8454 709.8403 73.59433
1 -226.698 701.8403 91.4754 0 0 0 20 20 400 -241.8454 709.8403 93.59433 -241.8454 709.8403 73.59433
1 549.3286 2438.5 -451.1021 0 0 0 15 15 225 505.5689 2478.5 -457.5454 559.072 2437.5 -438.4595
1 -654.3674 1488.761 -633.8979 0 0 0 43.09999 43.09999 1857.61 -683.8165 1377.761 -493.189 -683.8165 1377.761 -513.189
1 -566.1577 1424.761 -804.3969 0 0 0 44.09999 44.09999 1944.81 -683.8165 1377.761 -493.189 -683.8165 1377.761 -513.189
1 -399.46 1325.761 -891.861 0 0 0 44.09999 44.09999 1944.81 -683.8165 1377.761 -493.189 -683.8165 1377.761 -513.189
1 -576.5291 1494.761 -368.7751 0 0 0 44.09999 44.09999 1944.81 -683.8165 1377.761 -493.189 -683.8165 1377.761 -513.189
1 -751.8768 2060.861 407.2918 0 0 0 450 450 202500 -1349.211 2531.861 380.1624 -56.27237 1588.861 684.7519
1 -709.252 2020.861 472.4728 0 0 0 355 355 126025 -1349.211 2531.861 380.1624 -56.27237 1588.861 684.7519
1 -445.6962 838.7615 -614.7663 0 0 0 43.09999 43.09999 1857.61 -504.2399 739.7615 -564.7918 -124.3842 1226.761 -846.2142
