3 -2202.865 4347.833 -4668.901 0 0 0 86.79999 36.8 50 -2221.258 4275.833 -4766.31 -2168.327 4423.833 -4878.34
3 -2216.204 3777.792 -4520.352 0 0 0 80 110 10 -2210.961 3606.792 -4319.685 -2126.592 2399.792 -2179.422
3 -2212.899 3116.326 -3443.255 0 0 0 90 60 140 -2198.967 3099.326 -3391.727 -1334.28 2717.326 -3398.603
3 -2223.02 3163.792 -3600.193 0 0 0 80 110 10 -2210.961 3606.792 -4319.685 -2126.592 2355.792 -2179.422
3 -2095.446 3116.237 -3394.555 0 0 0 20 90 90 -2140.013 3102.237 -3392.678 17.47925 1608.237 -3392.972
3 -1309.301 2637.372 -3391.512 0 0 0 20 120 100.1 -1341.41 2555.372 -3392.247 2302.195 2359.372 -3430.657
3 -1356.197 2641.237 -3388.022 0 0 0 20 90 90 -2140.013 3102.237 -3392.678 17.47925 1600.237 -3392.972
3 -883.8427 2547 -3382.245 0 0 0 80 70 90 -909.1923 2552 -3412.608 1102.461 2395 -2258.091
3 -992.1523 2637.372 -3389.828 0 0 0 20 120 100.1 -1341.41 2555.372 -3392.247 2302.195 2359.372 -3430.657
3 -688.8154 2586 -3346.562 0 315 0 20 90 100 -677.7526 2551 -3344.249 1877.694 385 -842.083
3 -712.1117 2547 -3379.046 0 315 0 10 70 90 -909.1923 2552 -3412.608 1102.461 2175 -2258.091
3 430.763 1528 -2235.449 0 45 0 110 30 160 506.353 1536 -2153.216 1283.334 1380 -1422.643
3 598.6387 1747.264 -2089.117 0 315 0 30 270 90 1002.466 1114.264 -1660.425 2466.72 69.2644 -220.4562
3 1187.451 1093 -1493.575 0 45 0 100 110 150 1165.265 1038 -1431.51 -830.1023 250 597.2222
3 1047.006 1102.264 -1616.088 0 315 0 30 150 90 1002.466 1114.264 -1660.425 2466.72 69.2644 -220.4562
3 1218.218 1102.264 -1543.04 0 315 0 140 150 40 1002.466 1114.264 -1660.425 2466.72 69.2644 -220.4562
3 1107.213 1062 -1372.75 0 315 0 90 120 20 1099.682 1015 -1365.01 -4303.376 -5520 4172.602
1 11.29725 5.394595 -267.0777 0 0 0 130 130 16900 30.93835 23.3946 -295.2036 -525.2213 60.39459 1886.219
3 108.3277 162 -382.0982 0 315 0 90 120 20 1099.682 1015 -1365.01 -4303.376 -5520 4172.602
3 0.8588581 34 -105.2651 0 0 0 90 60 110 -1.422962 28 -112.2061 32.53687 -455 1422.018
3 2.757072 49 4.718472 0 0 0 100 170 20 1.345167 28 12.76327 242.8191 -5195 7071.426
3 4.939801 -2000 3075.859 0 0 0 110 70 130 -0.674253 -1994 3207.877 216.0813 -2400 6116.191
3 4.503333 -3014.986 4858.087 0 0 0 90 70 140 -94.79185 -2998.986 4870.735 -1789.655 -3278.986 4892.77
3 70.76351 -2984 4852.223 0 0 0 30 90 140 7.982738 -3010 4844.116 7.982738 -3010 4824.116
3 -109.5355 -2984 4917.264 0 0 0 30 90 140 -125.27 -3004 4870.851 -3376.194 -5110 4899.271
3 -4.282931 -2911 4714.646 0 0 0 100 170 20 1.345167 28 12.76327 242.8191 -5195 7071.426
3 -1631.424 -3979 4836.94 0 0 0 30 90 140 -125.27 -3004 4870.851 -3376.194 -5110 4899.271
3 -1754.389 -4020.474 4880.21 0 0 0 110 70 100 -1759.182 -4010.474 4955.885 -1761.748 -4174.475 6183.175
3 -1765.082 -4020 4806.083 0 0 0 140 90 40 -1774.916 -4020 4879.439 -1774.916 -4020 4859.439
3 -1759.143 -3993.474 4987.982 0 0 0 110 170 20.00001 -1759.29 -4010.474 5007.885 -1739.881 -6635.475 9142.002
3 -1758.622 -4535 5869.578 0 0 0 100 60 140 -1760.331 -4520 5979.212 -1736.185 -4760 7391.504
3 -1769.968 -5053 6902.83 0 0 0 110 90 130 -1756.99 -5028 6833.127 1107.11 -5278 9029.245
3 -1552.858 -5053 6908.35 0 0 0 110 90 130 -1538.84 -5038 6974.601 -1583.305 -5528 11102.34
3 -1531.159 -4975 7064.455 0 0 0 110 110 40 -1539.785 -5038 7061.601 -1561.052 -9098 12786.23
3 -1768.883 -5003.475 6773.375 0 0 0 110 170 20.00001 -1759.29 -4010.474 5007.885 -1739.881 -6635.475 9142.002
3 -1536.339 -6066 8805.406 0 0 0 150 70 320 -1539.75 -6054 8733.127 -1539.895 -6075 10431.41
3 -1545.581 -5920 8432.48 0 0 0 110 110 40 -1539.785 -5038 7061.601 -1561.052 -9098 12786.23
3 -2202.865 4192.833 -4668.901 0 0 0 106.8 36.8 140 -2214.398 3786.833 -4607.512 -2215.247 3814.835 -4640
3 -2202.865 4272.833 -4668.901 0 0 0 86.79999 36.8 50 -2283.188 4070.833 -4635.201 -2168.327 4423.833 -4878.34
3 -2281.205 3073.295 -3423.017 0 0 0 40 90 130 -2272.6 3050.295 -3417.552 -2272.6 3050.295 -3437.552
1 -1540.492 -6063 9041.536 0 0 0 110 110 12100 -1540.373 -6052 8666.678 -1540.686 -6110 9318.257
3 -688.8154 2586 -3346.562 0 315 0 20 90 100 -677.7526 2551 -3344.249 1877.694 385 -842.083
3 3.657719 -1141 1876.051 0 0 0 100 170 20 1.345167 28 12.76327 242.8191 -5195 7071.426
3 21.39698 2191 -2633.192 0 315 0 30 190 140 -677.7526 2551 -3344.249 1877.694 385 -842.083
3 -4.38973 29 612.956 30.9375 0 0 118 170 460 1.345167 28 12.76327 242.8191 -5195 7071.426
3 -9.138671 -1581 2894.824 32.34375 0 0 200 200 311 1.345167 28 12.76327 242.8191 -5195 7071.426
3 -1751.051 -4208.475 5922.804 33.75 0 0 170 170 330 -1759.29 -4010.474 5007.885 -1739.881 -6635.475 9142.002
3 -1736.493 -4144.475 5618.769 33.75 0 0 170 170 330 -1759.29 -4010.474 5007.885 -1739.881 -6635.475 9142.002
3 -1520.45 -5490 8225.04 33.75 0 0 150 200 340 -1539.785 -5038 7061.601 -1561.052 -9098 12786.23
1 -1603.422 -5329.234 7467.214 0 0 0 60 60 3600 -1530.794 -5360.234 7542.694 -1530.794 -5360.234 7522.694
1 -1471.486 -5329.234 7471.146 0 0 0 60 60 3600 -1530.794 -5360.234 7542.694 -1530.794 -5360.234 7522.694
