1 -7.138347 -1060.239 -448.6351 0 0 0 600 600 360000 0.9106 -1115.239 -457.1341 0.8382187 -705.2392 -800.9277
1 -4.154559 -862.2392 -754.5687 0 0 0 100.1 100.1 10020.01 192.5547 -73.2392 300.3161 15.19771 -305.2392 -94.00288
3 9.427566 -1997.239 132.3089 45 0 0 300 800 900 0.8369129 -2555.239 1342.866 0.8382187 -4000.239 2300
3 570.4108 -2552.239 1612.244 0 90 0 400 500 430 559.4276 -2506.239 968.1749 110.633 -3112.239 1145.933
3 53.81725 -3327.239 2315.359 26.71875 0 0 300 500 1000 -13.35257 -4114.239 3257.774 -20.16178 -5600.239 4400
3 9.562112 -3482.239 1733.771 15.46875 0 0 300.1 500 700 -21.78168 -3574.239 2410.313 -0.1617889 -5700.239 4400
3 -249.2805 -4868.239 4067.813 26.71875 22.5 0 1000 700 1000 619.4553 -3233.239 4592.63 -5994.256 -9050.238 4573.248
3 -1687.651 -5208.239 4509.227 26.71875 22.5 0 1000 700 997 -832.7528 -5018.239 3993.074 -5794.808 -9830.238 5531.255
3 -1368.107 -6528.239 5803.771 0 0 0 1000 1000 1000 -2075.606 -6043.239 5112.932 479.7038 -8440.238 6062.699
3 -1660.507 -5310.239 4234.364 0 0 0 600 1000 800 -2316.845 -5053.239 5730.303 479.7038 -7190.238 6062.699
3 -830.0471 -7323.239 5459.579 0 0 0 600.1 600 480 -261.7881 -7933.239 5469.775 484.3133 -8715.238 5592.503
3 -1.608737 -3267.239 1100.566 15.46875 0 0 600.1 500 400 -56.18132 -2669.239 878.2119 -0.1617889 -4500.239 2800
3 122.2129 -2217.239 1174.03 0 90 0 450 400 130 35.33605 -2287.239 1107.692 1245.656 -3563.239 1108.249
3 -1077.114 -6778.239 5783.357 0 0 0 220.1 600 200 -1143.937 -6783.239 5875.392 484.3133 -8715.238 4492.503
3 -238.7947 -7518.239 5552.846 0 45 0 220.1 600 500 -508.1184 -7586.239 5289.824 635.6295 -12155.24 7048.388
3 -29.82211 -3267.239 1620.184 26.71875 0 0 300 200 500 -12.36833 -2954.239 1215.662 -20.16178 -5200.239 4400
3 1058.931 -9459.96 6041.489 0 0 0 500 500 800 1310.418 -9704.96 5996.835 1757.224 -10092.96 5985.015
3 2878.51 -10634.96 7151.208 0 0 0 800.1 700 500.1 2994.655 -11054.96 7496.051 3052.816 -11552.96 7970.617
3 2077.374 -10284.96 6639.115 0 0 0 400.1 700 700.1 1999.754 -10014.96 6167.977 2809.471 -12732.96 9501.877
3 2287.514 -10634.96 7116.722 0 0 0 300.1 700 300.1 2328.073 -10514.96 6981.055 3415.858 -11452.96 7550.571
3 2990.864 -12604.84 9004.61 52.03125 0 0 2.1 10 150 2991.005 -12539.84 8988.176 2991.005 -12539.84 8968.176
3 2918.983 -12009.96 8436.091 45 0 0 500.1 700 1000 3005.051 -12879.96 9359.57 3001.091 -13807.96 9662.097
3 3013.97 -10994.96 7491.04 0 0 0 100.1 700 100.1 3000.933 -11009.96 7479.101 3016.619 -12267.96 8349.231
3 3000.304 -12428.84 8852.807 43.59375 354.375 0 2.1 10 100 2991.005 -12539.84 8988.176 2991.005 -12539.84 8968.176
3 3009.967 -12303.84 8713.568 40.07813 0 0 2.1 10 100 2991.005 -12539.84 8988.176 2991.005 -12539.84 8968.176
3 2999.304 -12135.84 8562.807 43.59375 354.375 0 2.1 10 100 2991.005 -12539.84 8988.176 2991.005 -12539.84 8968.176
3 2990.864 -12306.84 8710.61 52.03125 0 0 2.1 10 150 2991.005 -12539.84 8988.176 2991.005 -12539.84 8968.176
3 3008.967 -11982.84 8389.568 40.07813 0 0 2.1 10 150 2991.005 -12539.84 8988.176 2991.005 -12539.84 8968.176
3 3405.069 -13677.96 10598.52 45 0 0 700.1 700 1000 3197.711 -13209.96 9829.436 8487.45 -18637.96 10399.53
3 2724.356 -12009.96 9319.966 45 0 0 500.1 700 1000 3005.051 -12879.96 9359.57 3101.063 -14452.96 10877.9
3 4033.09 -14047.96 10894.06 45 0 0 400.1 700 1000 3993.271 -14089.96 10171.49 3510.611 -20827.96 15518.57
3 3871.675 -14892.96 11505.25 0 0 0 200.1 700 500 3705.159 -15244.96 11615.24 2213.463 -16822.96 10335.03
3 3514.534 -15312.96 11565.51 0 0 0 200.1 300 300 3214.721 -15242.96 11555.46 3892.876 -16064.96 10847.27
3 3549.66 -15910.96 10803.65 0 0 0 400 700 400 3420.478 -15645.96 10825.18 9457.297 -24762.96 11066.68
3 3710.125 -15825.96 10641.1 0 0 0 300 700 400 3147.82 -15434.96 11130.26 9457.297 -24762.96 11066.68
3 3209.178 -15505.96 11077.16 0 15.46875 0 250 400 410 3798.024 -15934.96 10847.62 6703.196 -19962.96 8999.196
3 4474.869 -16300.96 10872.79 0 0 0 600 700 400 4229.322 -16259.96 10852.66 9448.023 -24762.96 11110.21
3 5233.87 -17220.96 10319.53 0 0 0 400 500 500.1 4909.028 -17464.96 10157.72 3315.628 -18402.96 9607.588
3 4660.469 -17535.96 10347.49 0 0 0 300 600 500.1 4600.527 -17479.96 10196.67 2911.097 -20012.96 13170.77
3 4487.057 -18155.96 10907.43 0 0 0 200 700 600.1 4477.685 -17814.96 10584.36 4642.508 -22367.96 14455.62
3 5281.747 -19615.96 11999.58 0 0 0 900 1000 400.1 5053.106 -19649.96 12321.77 8507.791 -24632.96 12320
3 6682.656 -22075.96 12243.9 0 0 333.2813 900 1000 400.1 5053.106 -19649.96 12321.77 11507.79 -26632.96 12320
3 6349.813 -20617.36 12282.63 0 0 22.5 30 400 300 6465.333 -20873.36 12326.54 6465.333 -20873.36 12306.54
1 -127.7791 -8081.419 5694.663 0 0 0 200 200 40000 -77.2355 -8041.419 5734.558 1259.086 -9261.419 6947.811
3 -49.37532 -8159.419 5821.007 21.09375 16.875 0 20.00001 20.00001 400 -77.2355 -8041.419 5734.558 1259.086 -9261.419 6947.811
3 7928.161 -22071.28 12318 0 0 315 450 20 30 8103.545 -22222.28 12329.25 8103.545 -22222.28 12309.25
3 8918.201 -23767.28 12299.67 337.5 0 33.75 520 65 70 8103.545 -22222.28 12329.25 8103.545 -22222.28 12309.25
3 8597.827 -24105.99 12137.88 324.8438 337.5 337.5 100 65 210 8103.545 -22222.28 12329.25 8103.545 -22222.28 12309.25
3 9100.743 -24542.28 12012.79 337.5 0 322.0313 520 65 70 8103.545 -22222.28 12329.25 8103.545 -22222.28 12309.25
3 9762.034 -25370.28 11401.16 324.8438 90 0 730 65 70 8103.545 -22222.28 12329.25 8103.545 -22222.28 12309.25
3 8804.883 -26850.28 11186.31 35.15625 90 0 700 15 70 8103.545 -22222.28 12329.25 8103.545 -22222.28 12309.25
3 9355.841 -27750.28 11577.08 323.4375 344.5313 354.375 60.00001 65 350 8103.545 -22222.28 12329.25 8103.545 -22222.28 12309.25
3 9600.931 -28100.28 11267.72 0 0 324.8438 450 65.00001 50.00001 8103.545 -22222.28 12329.25 8103.545 -22222.28 12309.25
1 9968.516 -27695.28 11260.27 0 0 0 450 450 202500 8103.545 -22222.28 12329.25 8103.545 -22222.28 12309.25
3 7382.656 -19975.96 12243.9 0 0 333.2813 900 1000 400.1 7113.106 -21049.96 12321.11 11507.79 -25032.96 12320
3 8918.201 -23747.28 12299.67 337.5 0 33.75 520 165 140 9226.31 -23431.28 12303.02 8168.483 -24922.28 12252.4
3 9272.52 -23407.28 12356.38 337.5 0 33.75 300 165 300 9226.31 -23431.28 12303.02 8168.483 -24922.28 12252.4
3 11127.61 -30484.81 12239.14 329.0625 270 337.5 1000 700.1 800 11001.02 -28502 13290.28 10791.42 -45085 2068.412
3 8543.457 -23895.99 12273.43 324.8438 337.5 337.5 200 205 310 8741.559 -23572.28 12392.87 8403.729 -26242.28 11403.28
3 10955.47 -33639.81 10209.76 0 0 315 800 300.1 500 12489.02 -35086 10053.2 26042.38 -47515 10000.46
3 11807.04 -34714.81 10012.48 0 0 315 1000 300.1 500 12224.77 -34936 10045.07 23482.79 -44980 10802.5
3 10250.95 -32539.81 10479.52 329.0625 270 0 900 400.1 800 10366.09 -32261 10881.83 11434.35 -39485 3741.915
3 10810.12 -31799.81 11242.44 329.0625 270 0 600 700.1 700 11209.41 -31681 11161.22 3576.914 -44245 5551.623
3 10360.33 -29109.81 11731.62 0 270 0 800 800.1 600.1 10937.05 -30261 12788.39 25206.31 -49995 9390.929
1 10577.84 -32094.63 10575.49 0 0 0 400 400 160000 10268.41 -32564.63 10682.74 10268.41 -32564.63 10662.74
3 10141.08 -30299.81 12238.64 0 270 0 400 800.1 400.1 10352.48 -29556 12061.67 24174.14 -49995 22407.75
3 11071.11 -33964.81 10085.98 0 0 315 400 300.1 500 12224.77 -34936 10045.07 23482.79 -53145 10802.5
3 10560.73 -32819.81 9727.437 0 0 315 800 300.1 500 12489.02 -35086 10053.2 26042.38 -47515 10000.46
3 13294.27 -35214.81 10069.79 0 0 0 1000 300.1 500 13813.93 -35266 10053.04 23504.49 -36580 10443.17
3 14123.53 -35214.81 10101.01 0 0 0 200 300.1 200 13813.93 -35266 10053.04 23504.49 -37740 10443.17
3 -122.9971 -2217.239 1174.03 0 90 0 450 400 130 35.33605 -2287.239 1107.692 -1345.344 -3563.239 1108.249
3 -570.5891 -2552.239 1612.244 0 90 0 400 500 430 559.4276 -2506.239 968.1749 -110.367 -3112.239 1145.933
3 -1077.114 -6778.239 6183.357 0 0 0 220.1 600 200 -895.9127 -7103.239 6529.172 484.3133 -8715.238 7292.503
1 -122.3033 -8021.419 6319.499 0 0 0 200 200 40000 -107.672 -8021.419 6342.372 544.8004 -9326.419 4681.165
3 7963.445 -20545.96 12400.19 0 0 333.2813 900 1000 400.1 7823.308 -21299.96 12316.61 11507.79 -27032.96 12320
3 8376.981 -21585.96 12638.31 0 0 315 300 300 400.1 8170.35 -21659.96 12338.77 9899.927 -25017.96 14950.09
3 8944.466 -22250.96 12781.98 350.1563 0 315 600 300 300.1 8949.803 -22314.96 12931.02 10963.3 -26592.96 10938.88
3 9075.931 -22475.96 12565.76 317.8125 33.75 8.4375 300 300 400.1 8856.381 -23039.96 12336.32 4722.955 -25812.96 11409.95
3 8722.015 -22995.96 12318.36 0 87.1875 30.9375 100 200 400.1 8856.381 -23039.96 12336.32 6018.851 -25812.96 11240.78
3 8888.7 -23882.28 11995.68 337.5 0 320.625 720 65 170 8383.827 -23462.28 12028.86 11068.66 -27027.28 11832.7
3 9051.835 -25350.28 10709.73 303.75 33.75 337.5 200 150.1 700 9190.354 -25313.28 10602.01 6506.386 -31015 11461.26
3 9467.356 -24755.28 11399.24 326.25 78.75 337.5 700 100.1 100 9487.571 -24451.38 11850.89 8856.748 -27660 8998.921
3 9353.967 -24290.28 11933.75 326.25 102.6563 326.25 200 100.1 400 9181.996 -23987.28 12093.96 9256.725 -29000 9147.465
3 8383.019 -23415.28 12129.23 326.25 102.6563 326.25 200 100.1 100 9181.996 -23987.28 12093.96 9256.725 -29000 9147.465
3 8536.029 -26070.28 11106.68 33.75 0 0 300 150.1 700 8351.271 -26328.28 11403.33 9070.632 -30615 14629.82
3 8888.7 -23882.28 11995.68 337.5 0 320.625 720 65 170 8495.5 -23552.28 12027.46 11073.75 -27227.28 11927.56
3 8555.934 -26710.28 11741.21 0 22.5 315 300 150.1 300 9474.485 -27923.28 11362.43 10266.77 -28970 11222.11
3 8796.285 -26975.28 11716.41 30.9375 35.15625 296.7188 100 50.1 50.1 9474.485 -27823.28 11362.43 10266.77 -29170 11222.11
3 8884.559 -27080.28 11603.72 333.2813 49.21875 327.6563 100 50.1 50.1 9474.485 -27873.28 11362.43 10266.77 -29000 11222.11
3 8925.275 -27195.28 11469.14 330.4688 71.71875 327.6563 200 50.1 50.1 9474.485 -27890.28 11362.43 10266.77 -28970 11222.11
3 9166.983 -27532.28 11277.64 330.4688 12.65625 317.8125 400 50.1 80.1 9219.798 -27600.28 11265.69 11543.66 -31960 11336.49
3 9559.298 -27962.28 11280.64 0 0 326.25 300 200.1 300.1 9474.485 -27773.28 11362.43 10266.77 -29370 11222.11
1 7543.541 -21717.96 12320.62 0 0 0 40.00001 40.00001 1600.001 5053.106 -19649.96 12321.77 11507.79 -26632.96 12320
1 9853.213 -28201.28 11268.71 0 0 0 40.00001 40.00001 1600.001 9708.394 -28033.28 11269.75 10266.77 -29370 11222.11
