3 10.95175 760 -531.1431 0 0 0 100.1 260 120 36.26527 375 -221.2847 -36.78923 645 -633.5226
3 -0.7386619 620.0278 -346.8378 0 0 0 200 260 10 -3.988066 223.0279 -94.01536 -45.75281 -328.9721 389.7709
3 -25.72346 445.0279 -188.1508 0 0 0 240 360 10 -0.924438 28.02789 134.6532 -14.17107 -1714.972 1786.577
3 10.5748 -582.0035 986.396 0 0 0 150 300 10 -53.1261 -823.0035 886.1036 55.67659 -1373.003 1511.834
3 -0.516224 -800.0035 1281.414 0 0 0 200 300 10 3.130254 -973.0035 1293.399 1.38528 -1139.003 1665.672
3 -49.7888 -1107.003 1594.308 0 0 0 180 80.00001 170 122.9254 -1057.003 1498.635 -1511.687 -1886.003 3459.849
1 -396.9075 -770.0253 1900.49 0 0 0 110 110 12100 -350.9112 -784.0253 1944.88 -601.8089 -754.0253 1980.894
3 -501.9607 -747 2226.108 0 310.7813 0 140 100 60.00001 -537.8243 -740 2240.222 -940.0602 -896 2453.266
1 -655.3652 -576 2276.913 0 0 0 80 80 6400 -643.3368 -556 2267.204 -901.0751 -1081 2381.363
3 -621.3018 -731 2335.597 0 22.5 0 50.00001 80 100 -856.3363 -655 2360.835 -1043.79 -872 2442.259
2 -690.7863 -642.9913 2480.75 0 292.5 0 200 80.00001 0 -1017.667 -533.9913 2438.014 -1335.613 -1052.991 2502.756
1 -948.5455 -409 2459.411 0 0 0 160.1 160.1 25632.01 -916.2569 -457 2439.783 -1261.073 -871 2471.33
3 -599.8478 -745.0048 2148.198 0 21.09375 337.5 60.00001 40 50 -800.2839 -626.0048 2182.255 -514.8594 -775.0048 2095.77
2 -2067.313 -1247.54 2547.178 0 281.25 0 41 60 0 -3278.042 -1565.54 2770.959 -3604.367 -2155.54 2816.039
1 -2752.179 -1504.057 2845.086 0 0 0 150 150 22500 -3036.782 -1637.057 2816.719 -3146.386 -1780.057 2748.342
2 -1226.746 -569.54 2468.707 0 281.25 0 200 150 0 -1592.061 -938.54 2520.229 -2062.351 -1862.54 2587.79
2 -2894.092 -1542.54 2930.212 0 234.8438 0 41 60 0 -3278.042 -1565.54 2770.959 -3604.367 -1740.54 2816.039
2 -3486.193 -1637.84 2773.003 0 292.5 0 100 150 0 -3661.228 -1690.84 2842.524 -3658.594 -1741.84 2982.039
3 -2728.117 -1682.747 3092.958 0 0 0 360 460 10 -2786.915 -1391.747 2966.504 -2746.594 -3518.747 4610.501
3 -3099.785 -1277.84 2916.047 0 279.8438 0 150 250 150 -3031.673 -1274.84 3008.104 -2858.959 -1490.84 3001.404
3 -2383.263 -2070.146 4046.308 0 67.5 0 90 90 10 -2453.333 -2089.146 4026.486 -2114.623 -2100.146 4583.017
2 -3121.547 -1322.84 3040.553 0 90 0 70 70 0 -3031.673 -1296.84 3008.104 -2858.959 -1490.84 3001.404
1 -519.3762 -764.3594 2045.517 0 0 0 140 140 19600 -428.4976 -727.3594 2027.121 -681.2024 -937.3594 2364.084
3 -2710.791 -1382.747 3080.118 0 0 0 260 260 10 -2745.001 -1566.747 3205.756 -2946.594 -2118.747 4410.501
3 -3524.784 -1575.832 3175.592 0 0 0 90 90 100 -3538.88 -1576.832 3232.736 -3248.562 -1853.832 3167.095
3 -247.3414 -746 1871.46 0 299.5313 0 90 200 60 -214.5793 -732.1745 1857.049 -288.0707 -774.0568 1876.337
1 -488.3716 -758 2456.767 0 0 0 140 140 19600 -425.9634 -696 2487.835 -573.7565 -748 2428.889
2 -3649.417 -1695.92 2884.335 0 337.5 0 70 70 0 -3681.237 -1710.92 2911.917 -3628.357 -1823.92 3091.703
3 -3623.503 -1851.92 3112.188 22.5 0 0 80 80 140 -3696.096 -1699.92 3132.29 -3486.704 -1907.92 3196.273
2 -3545.986 -1642.832 3177.495 0 90 0 100 70 0 -3376.185 -1631.832 3327.475 -3299.941 -1679.832 3113.133
3 -3345.848 -1562.92 3201.587 0 67.5 0 45 280 110 -3382.251 -1376.809 3233.542 -3353.397 -1415.263 3195.843
3 -3278.026 -1359.832 3132.545 0 157.5 0 100 310 86 -3321.012 -1443.832 3181.378 -3250.68 -1606.832 3000.105
3 -2762.522 -1682.93 3889.551 0 0 11.25 200 100 70 -2845.696 -1710.93 3902.451 -2325.253 -2237.93 4098.458
1 -2408.345 -1765.528 4258.241 0 0 0 70 70 4900 -2441.692 -1734.528 4236.824 -1965.196 -1874.528 4636.112
3 -2801.959 -1978.146 3834.33 0 67.5 0 140 59.99995 10 -2453.333 -2089.146 4026.486 -1716.609 -2652.146 4156.456
2 -2788.88 -1815.93 3933.472 104.0625 0 0 150 100 0 -2377.218 -2060.93 4058.606 -2325.253 -2197.93 4098.458
3 -2087.788 -1727.596 4778.59 0 0 0 65 220 65 -2108.619 -1602.419 4734.576 -2064.97 -1648.274 4719.479
2 -1940.047 -2019.6 4591.396 0 0 0 80 59.99999 0 -1921.744 -1845.6 4708.891 -2181.91 -1871.6 4815.244
1 -1945.898 -2226.521 4545.394 0 0 0 170 170 28900 -1852.766 -2092.184 4510.442 -1943.03 -2131.868 4563.785
3 -2130.592 -2236.521 4434.543 0 337.5 0 140 80 240 -1912.76 -2017.521 4531.678 -1949.231 -2061.521 4744.387
3 -752.2576 -612 2572.125 0 33.75 0 150 80 110 -812.6081 -381 2845.861 -884.832 -574 2598.323
2 -2083.557 -1659.908 4765.436 45 0 0 70.00001 90.00001 0 -2166.714 -1613.908 4746.94 -1803.945 -1830.908 4567.006
1 -1956.695 -1999.521 4665.887 0 0 0 170 170 28900 -1995.53 -1842.766 4756.064 -2034.009 -1850.399 4713.691
3 -2087.149 -1525.596 4708.095 0 0 0 160 120.0001 230 -2100.512 -1579.042 4732.921 -2087.649 -1636.842 4665.113
2 -2052.644 -1805.908 4602.981 90 0 0 170 190 0 -2035.082 -1628.908 4650.567 -1817.265 -1740.908 4804.729
3 -1875.448 -1650.92 4750.219 0 0 0 120 200 10 -1893.06 -1688.92 4926.464 -3524.596 -2993.919 6592.673
3 -1953.015 -1647.919 4999.222 0 292.5 0 100 300 10 -2037.415 -1703.92 5105.271 -2835.294 -3526.919 6268.414
3 -2366.093 -1830.919 5311.137 0 247.5 0 70 300 10 -2115.758 -2008.92 5347.853 -3953.743 -3876.919 6747.951
3 -2188.281 -2002.919 5450.196 0 348.75 0 370 370 10 -2371.104 -3113.919 6698.436 -2373.419 -3640.919 7003.717
3 -2380.625 -3045.017 6874.059 0 0 0 300 320 10 -2369.755 -3008.017 7216.223 -2357.081 -5089.017 7702.687
3 -2382.638 -3286.017 7383.104 0 0 0 600 830 10 -2370.425 -3908.017 7991.187 -2250.595 -4444.017 9487.621
3 -2376.97 -3131.017 7171.687 0 0 0 400 630 10 -2356.797 -3696.017 7341.017 -2342.957 -4209.017 7671.166
3 -2367.889 -3686 8086.845 0 0 0 300 700 10 -2343.109 -3992 8160.619 -2299.992 -4252 8832.945
3 -2355.387 -3963 8287.217 80.15625 0 0 110 210 5 -2313.207 -4005 8163.082 -2346.886 -4186 8681.729
3 -2338.077 -3927.999 8446.253 0 0 0 50 200 55 -2332.452 -3839.901 8349.758 -2335.323 -3866.523 8440.768
3 -2338.376 -3785.477 8431.991 0 0 0 200 70 70 -2362.855 -3789.477 8398.461 -2375.994 -3962.477 8639.367
3 -2331.139 -3776.024 8469.322 0 0 0 309.9999 110 5 -2349.253 -3856.024 8431.998 -2505.597 -3825.024 9005.767
2 -2519.493 -3685.999 9000.476 0 0 0 120 110 0 -2335.757 -4260.999 9482.663 -2075.515 -4591.999 9811.588
3 -2455.867 -4092.839 10008.99 0 45 0 100 310 10 -1463.266 -4827.839 10096.13 -990.2867 -5323.839 10099.74
3 -2401.196 -3903 8458.882 90 0 0 200 89.99998 10 -2325.715 -3765 8420.668 -2453.834 -3784 8784.479
3 -1600.269 -5018.846 10095.82 0 90 0 90 110 10 -1305.691 -4866.846 10096.07 5.417071 -5509.846 9699.932
3 -1816.341 -5063.846 10065.54 0 90 0 90 110 10 -1305.691 -4866.846 10096.07 -20.48671 -5709.846 9758.18
3 -1288.506 -4915.846 10098.03 0 90 0 190 110 409.9999 -1305.691 -4866.846 10096.07 1436.492 -5584.846 9263.938
3 -2516.226 -4019.029 9122.565 53.34961 270 0 210 150 60 -2509.374 -4038.029 9189.875 -2080.132 -4582.029 9554.474
2 -2446.863 -4037.029 9191.156 0 45 0 110 130 0 -2170.962 -4232.029 9499.034 -2183.934 -5862.029 10698.16
3 -2146.974 -3975.029 9785.18 0 45 0 289.9999 629.9999 10 -1813.666 -4655.029 10272.79 -1560.794 -5127.029 10093.8
3 -12.91899 507.0279 -219.8426 0 0 0 150 260 10 -1.872775 52.02788 94.44778 31.24891 -362.9721 428.203
2 -1604.399 -946.54 2528.469 0 281.25 0 41 90 0 -3278.042 -1565.54 2770.959 -3604.367 -2155.54 2816.039
1 -3703.611 -1743.929 2968.458 0 0 0 80 80 6400 -3653.542 -1727.929 2924.032 -3615.849 -1859.929 3110.248
3 -3677.063 -1180.92 2993.044 0 22.5 0 60 220 60 -3670.277 -1148.201 2942.211 -3679.017 -1189.604 2976.115
3 -3452.484 -1066.24 3004.772 0 0 0 369.9999 120 369.9999 -3509.053 -964.2399 3001.507 -3452.383 -1098.24 3000.785
1 -3449.132 -1036.235 3000.912 0 0 0 40 40 1600 -3501.096 -1023.235 2963.408 -3453.363 -1044.235 3002.429
2 -3253.385 -2006.84 2935.246 0 202.5 0 70 70 0 -3661.228 -1690.84 2842.524 -3658.594 -1741.84 2982.039
1 -2094.797 -1701.92 4547.362 0 0 0 70 70 4900 -2070.965 -1698.92 4660.291 -2070.965 -1698.92 4640.291
2 -2160.901 -2063.94 4558.857 0 0 0 40 50 0 -2182.351 -2065.94 4544.208 -2100.76 -2238.94 4845.804
1 -2160.767 -2123.6 4649.939 0 0 0 60 60 3600 -2160.352 -2083.6 4643.03 -2107.55 -2308.6 4814.345
3 -2104.699 -2222.596 4803.755 0 0 0 60 120.0001 60 -2236.956 -2010.64 4856.93 -1455.683 -2917.334 4266.71
3 -902.9283 -796.9913 2576.573 0 306.5625 0 120 80.00001 80 -827.8115 -734.9913 2618.524 -925.7921 -798.9913 2559.202
3 -2088.954 -2209.596 4718.78 0 337.5 0 60 110.0001 40 -2198.033 -2117.639 4666.832 -1284.384 -2917.334 5401.441
3 -3196.805 -2106.467 3117.191 0 337.5 0 50 110 50 -3118.551 -2126.467 3179.231 -3448.365 -2351.467 3003.354
1 -523.1821 -655.0035 1940.527 0 0 0 30 30 900 -477.9702 -603.0035 1925.804 -523.1821 -666.0035 1940.527
2 -1043.117 -730.54 2608.132 90 45 0 100 100 0 -1592.061 -938.54 2520.229 -2062.351 -1862.54 2587.79
1 -2353.486 -4221.007 8163.149 0 0 0 90 90 8100 -2340.176 -4151.007 8087 -2366.865 -4229.007 8155.036
3 -2490.549 -3981.002 8364.264 0 39.375 0 50 100 100 -2495.424 -3937.002 8295.376 -2313.052 -3996.002 8539.927
3 -2236.889 -3885.999 8683.472 0 338.9063 0 90 100.0001 95 -2077.002 -3711.045 8548.791 -3064.628 -4612.126 9665.032
1 11.56606 -1139.003 1797.564 0 0 0 120 120 14400 59.40327 -1032.003 1727.627 -249.6379 -1173.003 1733.015
1 94.67688 -1199.003 1652.398 0 0 0 120 120 14400 59.40327 -1032.003 1727.627 -249.6379 -1173.003 1733.015
1 -260.5138 -713.0253 2016.889 0 0 0 140 140 19600 -350.9112 -784.0253 1944.88 -601.8089 -883.0253 1980.894
1 -6.734258 -888.0253 1914.993 0 0 0 140 140 19600 -350.9112 -784.0253 1944.88 -601.8089 -883.0253 1980.894
1 -84.57388 -723.0253 1690.817 0 0 0 140 140 19600 -308.601 -749.0253 1937.996 -601.8089 -1143.025 1980.894
1 -261.1845 -629.0253 1889.434 0 0 0 80 80 6400 -350.9112 -784.0253 1944.88 -601.8089 -883.0253 1980.894
1 -311.9988 -759 1963.767 0 0 0 70 70 4900 -358.981 -825 1942.639 -358.981 -825 1922.639
1 -514.4276 -551 2537.142 0 0 0 100 100 10000 -503.0024 -522 2484.947 -727.4729 -770 2346.373
3 -594.4886 -627 2426.445 0 33.75 0 80.00001 50 70 -812.6081 -381 2845.861 -884.832 -574 2598.323
1 -740.878 -785 2321.998 0 0 0 90 90 8100 -702.4787 -703 2301.851 -702.4787 -703 2281.851
3 -951.665 -684 2413.988 0 22.5 0 40 100 60 -904.2508 -622.0089 2377.397 -960.8064 -667.7635 2404.602
3 -952.4208 -572 2408.896 0 22.5 0 50 100 50 -901.527 -572.878 2377.641 -984.4413 -623.5919 2415.778
3 -3606.108 -1663.92 2843.25 0 292.5 0 180 100 240 -3551.485 -1628.92 2746.488 -3696.578 -1834.92 3036.85
1 -1168.234 -727 2472.325 0 0 0 130 130 16900 -1126.004 -625 2477.656 -1126.004 -625 2457.656
1 -3631.366 -1815.727 2929.93 0 0 0 80 80 6400 -3619.345 -1822.727 3162.208 -3619.345 -1822.727 3142.208
3 -3198.022 -1362.832 3020.373 0 157.5 0 80 160 166 -3278.543 -1289.429 3105.915 -3250.543 -1344.004 3046.782
3 -3357.866 -1308.832 3239.517 0 157.5 0 100 110 86 -3261.302 -1252.832 3121.438 -3228.96 -1356.832 3021.039
3 -3241.297 -1242.84 3145.981 0 0 0 80 50.00003 80 -3300.291 -1274.84 3187.086 -3181.272 -1550.84 2959.932
1 -2147.531 -2059.6 4555.135 0 0 0 60 60 3600 -2180.915 -2037.6 4474.883 -2092.183 -2335.6 4751.778
1 -2108.359 -1989.6 4525.176 0 0 0 90 90 8100 -2167.516 -2100.6 4622.245 -2167.516 -2100.6 4602.245
1 -460.5648 -835.287 2036.484 0 0 0 60 60 3600 -437.4363 -752.287 2011.293 -569.1498 -891.287 2078.844
3 -1100.882 -565.9913 2471.642 0 22.5 0 120 80.09999 100 -1034.624 -533.9913 2436.995 -1834.747 -976.9913 2597.536
3 -1172.436 -600.9913 2455.528 0 22.5 0 60 50.09999 70 -1034.624 -533.9913 2436.995 -1839.253 -1292.991 2626.828
1 -2087.422 -2330.6 4687.479 0 0 0 70 70 4900 -2145.609 -2263.6 4732.428 -2041.354 -2378.6 4659.73
1 -1929.238 -1750.92 4723.096 0 0 0 70 70 4900 -1980.212 -1713.92 4684.727 -1980.212 -1713.92 4664.727
2 -2069.077 -1610.92 4609.319 0 337.5 0 80 40 0 -1997.324 -1591.92 4571.156 -1298.105 -2593.919 5322.146
1 -2065.854 -1628.92 4563.577 0 0 0 40 40 1600 -2070.965 -1698.92 4660.291 -2070.965 -1698.92 4640.291
3 -2000.737 -1566.92 4615.916 0 45 0 80 100 180 -1997.324 -1591.92 4571.156 -1630.106 -2773.919 5812.783
3 -1888.369 -1540.92 4870.745 0 0 0 220 400 10 -1893.06 -1688.92 4926.464 -3524.596 -3493.919 6592.673
3 -1899.479 -1585.92 4725.447 0 45 0 100 80.00001 170 -2006.092 -1578.92 4587.936 -1997.844 -3308.919 6396.069
3 -1979.999 -1718.92 4573.476 0 67.5 0 120 60.00001 150 -2073.381 -1718.92 4605.751 1625.237 -2918.919 7261.495
3 -505.0459 -747 2230.043 0 310.7813 0 140 100 10.00001 -537.8243 -740 2240.222 -940.0602 -896 2453.266
3 -844.0159 -532.9913 2279.93 0 22.5 0 10.1 100.1 100 -1034.624 -533.9913 2436.995 -1834.747 -976.9913 2597.536
1 -510.4081 -776 2118.515 0 0 0 16.00001 16.00001 256.0002 -537.8243 -740 2240.222 -940.0602 -832 2453.266
1 -530.6996 -763 2128.189 0 0 0 25.00001 25.00001 625.0003 -537.8243 -740 2240.222 -940.0602 -832 2453.266
1 -2924.491 -1767.93 3952.17 0 0 0 270 270 72900 -2865.012 -1685.93 3987.651 -2895.965 -1924.93 3917.8
3 -3714.54 -1568.92 2615.313 0 292.5 0 180 100 240 -3551.485 -1628.92 2746.488 -3655.285 -1864.92 3054.731
1 -2255.912 -3942.682 8444.929 0 0 0 70 70 4900 -2338.002 -3959.682 8413.538 -2338.002 -3959.682 8393.538
1 -2361.59 -3948.682 8392.272 0 0 0 40 40 1600 -2356.024 -3943.682 8379.784 -2365.062 -3989.682 8551.63
1 -28.62979 -1239.573 1409.828 0 0 0 110 110 12100 42.82611 -1179.573 1334.429 2.59108 -1243.573 1446.142
3 -3196.559 -1906.467 3118.161 0 337.5 0 50 110 50 -3118.551 -1826.467 3179.231 -3496.073 -2086.467 3050.529
3 -3188.883 -1656.467 3119.975 0 337.5 0 50 150 50 -3118.551 -1526.467 3179.231 -3557.753 -1927.467 3087.355
1 -3260.507 -1349.92 3010.174 0 0 0 30 30 900 -3234.002 -1298.92 3088.114 -3228.903 -1324.92 3009.275
1 -3260.507 -1349.92 3010.174 0 0 0 30 30 900 -3234.002 -1298.92 3088.114 -3228.903 -1324.92 3009.275
1 -3254.273 -1356.92 2964.19 0 0 0 80 80 6400 -3200.827 -1302.92 3036.788 -3228.903 -1324.92 3009.275
1 -3371.084 -1350.92 2999.484 0 0 0 150 150 22500 -3200.827 -1302.92 3036.788 -3228.903 -1324.92 3009.275
1 -3401.55 -1520.92 2860.104 0 0 0 120 120 14400 -3494.017 -1357.92 2748.397 -3228.903 -1324.92 3009.275
3 -3664.942 -1196.92 3091.914 0 22.5 0 50 89.99997 50 -3723.33 -1129.195 3084.635 -3660.821 -1169.879 3085.947
3 -3617.887 -1365.92 2923.546 0 337.5 0 70 120 120 -3703.725 -1300.92 2908.596 -3559.955 -1591.849 3249.453
3 -2524.262 -1908.146 3940.224 0 67.5 0 140 269.9999 150 -2889.949 -1574.146 3642.826 -1716.609 -2652.146 4156.456
3 -2050.557 -1942.919 5190.251 0 11.25 0 300 370 10 -2371.104 -3113.919 6698.436 -2373.419 -3640.919 7003.717
3 -2646.216 -1647.93 3843.871 0 355.7813 0 10.00001 300.1 220 -2784.122 -1955.93 3809.231 -1916.796 -2537.93 4393.455
3 -2449.874 -3985.029 9662.262 0 85.78125 0 240 629.9999 10 -1813.666 -4655.029 10272.79 -1560.794 -5127.029 10093.8
1 -3370.044 -2116.467 3207.457 0 0 0 110 110 12100 -3327.338 -1961.467 3287.769 -3244.877 -2476.467 2652.401
1 -3218.581 -2147.467 3126.008 0 0 0 160 160 25600 -3255.62 -2027.467 3245.631 -3046.916 -2476.467 2679.006
3 -2098.551 -2072.596 4772.782 0 0 0 60 80.00007 90 -2163.973 -1965.639 4967.251 -1867.068 -2647.334 3969.606
3 -2076.564 -2032.596 4687.932 0 0 0 50 50.00007 50 -2118.647 -2016.64 4738.526 -1277.053 -2917.334 3843.077
3 -2098.551 -1952.596 4772.782 0 0 0 60 70.00007 90 -2070.418 -1755.639 4870.394 -2160.079 -2647.334 4060.443
3 -2955.225 -1387.747 3015.444 0 45 0 60.00001 260 10 -2745.001 -1566.747 3205.756 -2946.594 -2118.747 4410.501
3 -2313.354 -2310.146 4181.84 0 45 0 390 490 10 -2266.172 -2089.146 4157.502 -1800.706 -2465.146 5185.191
3 -2878.666 -1682.747 3336.929 0 0 0 360 460 10 -2708.216 -1616.747 3359.095 -3045.073 -2938.747 5218.476
3 146.2949 30.02789 406.9447 0 0 0 240 360 10 -0.924438 28.02789 134.6532 -14.17107 -2714.972 1786.577
3 46.17356 -1002.003 1589.464 0 0 0 80.00001 80.00001 170 151.3243 -792.0035 1533.537 -657.1208 -771.0035 2165.618
3 -2103.652 -1847.596 4540.818 0 29.53125 0 100 100.0001 80 -2189.964 -1820.64 4446.188 -1451.522 -2917.334 5644.033
3 -2125.213 -1703.92 4683.507 0 22.5 0 80.00001 40.00001 50.00001 -2073.381 -1718.92 4605.751 1625.237 -2918.919 7261.495
3 -2302.962 -2467.919 5628.097 45 56.25 22.5 400 170 110 -2293.954 -2103.919 5506.547 -2379.744 -6760.919 7670.668
3 -2374.783 -3896.017 7814.102 0 0 0 200 130 270 -2370.425 -3908.017 7991.187 -2250.595 -4834.017 9487.621
3 -2332.439 -1712.919 5125.774 0 292.5 0 100 300 10 -2231.444 -1703.92 5125.402 -2121.561 -2421.919 5426.97
3 -2374.783 -3376.017 7814.102 0 0 0 200 430 270 -2370.425 -3908.017 7991.187 -2250.595 -6334.017 10487.62
1 -75.19154 -567.0253 1724.504 0 0 0 160 160 25600 -57.11544 -684.0253 1674.267 -601.8089 -1343.025 1980.894
1 -2024.334 -1871.521 4750.717 0 0 0 40 40 1600 -1992.165 -1847.183 4731.313 -2054.767 -1845.028 4759.968
3 -2275.207 -4047.999 8426.964 334.6875 354.375 0 14.09999 50.00007 65 -2304.771 -3967.744 8369.854 -2288.668 -4018.999 8433.025
