3 0.450166 138 -380.0156 0 0 0 90 30 35 -2.398982 201 -377.0139 -2.940154 79 -448.793
1 0.963421 127 -208.3592 0 0 0 80 80 6400 -2.398982 201 -377.0139 -2.940154 79 -448.793
3 3.631727 107 -439.4243 0 0 0 90 40 60 -1.880033 181 -391.7808 -2.940154 79 -448.793
3 2.366924 171 -459.5743 0 0 0 90 80 40 -2.552065 182 -372.793 0.538578 170 -460.0641
3 25.6575 274.0289 30.43551 0 45 0 80 12 40 56.93131 240.0289 59.71358 24.97046 310.0289 20.68166
1 -6.027654 325.0289 -20.37381 0 0 0 30 30 900 -84.7195 349.0289 -75.47417 24.97046 310.0289 20.68166
2 0.603768 265.0242 0.546973 270 0 0 52 52 0 81.28368 310.0242 75.5314 81.28368 310.0242 55.5314
3 -244.2617 142.6304 -242.9929 0 0 0 30 30 30 -211.5799 209.6304 -208.3236 -255.1628 146.6304 -261.216
3 -302.1088 -60.07023 -242.8504 0 0 357.1875 26 47 40 -340.0905 8.338557 -245.9205 -308.2712 -282.9999 -246.547
3 -334.08 -79.07023 -246.5831 0 0 0 32 62 30 -322.6519 16.33856 -246.755 -378.2712 -82.99998 -246.547
3 -600.7912 70 -80.37974 0 0 0 29 41 17.1 -598.7142 24 -70.73784 -602.9052 -167 -102.4233
1 50.36935 349 -161.1445 0 0 0 100 100 10000 82.87433 310 23.38761 82.87433 310 3.387612
1 0.963421 127 -208.3592 0 0 0 30 30 900 -2.398982 201 -377.0139 -2.940154 79 -448.793
3 159.2229 -545.8604 550.0739 0 0 0 50 50 40 180.2955 -511.8604 569.696 156.7602 -582.8604 437.9253
3 53.49559 -572.8604 541.689 0 0 7.03125 70 90 40 132.5536 -531.8604 549.4636 66.80157 -634.8604 546.1927
3 106.5981 -636.8604 560.7111 0 0 0 30 30 50 97.72392 -549.8604 515.2503 66.80157 -634.8604 546.1927
1 258.9783 -220 548.6024 0 0 0 110 110 12100 286.0538 -146 554.6824 251.6093 -200 547.9517
3 372.7887 -656.0049 545.5728 0 0 0 40 50 60 282.8523 -722.0049 533.3194 250.069 -657.0049 570.6363
3 272.7887 -826.0049 545.5728 0 0 0 40 30 60 282.8523 -717.0049 533.3194 233.8588 -742.0049 551.4152
3 22.9567 -670.8604 537.3638 0 0 0 40 20 50 17.64577 -623.8604 548.362 28.07807 -676.8604 545.9686
1 167.7708 361 6.609795 0 0 0 80 80 6400 82.87433 310 23.38761 82.87433 310 3.387612
1 -145.7909 356 4.414082 0 0 0 60 60 3600 82.87433 310 23.38761 82.87433 310 3.387612
1 7.020611 321.0289 19.90819 0 0 0 35 35 1225 68.17779 349.0289 67.7187 24.97046 310.0289 20.68166
1 -77.48294 291 -91.92948 0 0 0 50 50 2500 82.87433 310 23.38761 82.87433 310 3.387612
3 30.34065 298.0289 26.1702 0 45 0 80 11 40 68.17779 349.0289 67.7187 24.97046 310.0289 20.68166
3 -11.67301 298.0289 -41.82127 0 45 0 80 11 40 -84.7195 349.0289 -75.47417 24.97046 310.0289 20.68166
1 -109.1836 311 124.7154 0 0 0 50 50 2500 82.87433 310 23.38761 82.87433 310 3.387612
3 -11.64559 275.0289 -43.82108 0 45 0 80 14 40 -68.71369 238.0289 -65.20515 24.97046 310.0289 20.68166
1 -57.93038 330 156.4201 0 0 0 50 50 2500 82.87433 310 23.38761 82.87433 310 3.387612
1 154.6668 295 -80.37976 0 0 0 70 70 4900 82.87433 310 23.38761 82.87433 310 3.387612
1 -168.0748 314 47.21905 0 0 0 70 70 4900 82.87433 310 23.38761 82.87433 310 3.387612
1 20.77119 321.0289 4.706612 0 0 0 35 35 1225 68.17779 349.0289 67.7187 24.97046 310.0289 20.68166
1 113.434 317 -113.0537 0 0 0 70 70 4900 82.87433 310 23.38761 82.87433 310 3.387612
1 -19.87287 325.0289 -2.095594 0 0 0 30 30 900 -84.7195 349.0289 -75.47417 24.97046 310.0289 20.68166
1 0.94244 334 2.024687 0 0 0 40 40 1600 82.87433 310 23.38761 82.87433 310 3.387612
1 0.94244 307 2.024687 0 0 0 40 40 1600 82.87433 310 23.38761 82.87433 310 3.387612
3 -385.0443 -125.0702 -243.9295 0 0 0 22 63 40 -331.2705 -63.66144 -242.26 -378.2712 -82.99998 -246.547
1 263.4883 -261 547.032 0 0 0 40 40 1600 278.1267 -173 546.8192 251.6093 -235 547.9517
3 262.476 -348 544.285 0 0 0 30 30.00001 30 274.097 -324 548.4479 256.6081 -196 548.0623
3 262.476 -647 544.285 0 0 0 40 45.00001 40 271.0994 -551 546.4218 233.4381 -421 540.1078
3 262.476 -552 544.285 0 0 0 40 60.00001 40 271.0994 -551 546.4218 233.4381 -421 540.1078
3 262.476 -436 544.285 0 0 0 30 65.00001 30 274.097 -324 548.4479 256.6081 -196 548.0623
3 260.4421 -756.0049 546.5834 0 0 0 40 20 40 282.8523 -740.0049 533.3194 250.069 -657.0049 570.6363
3 265.5684 -385.4698 545.5936 0 0 0 3 260 3 257.627 -255.4699 560.7888 257.627 -255.4699 540.7888
1 266.4438 -293 546.5172 0 0 0 40 40 1600 278.1267 -173 546.8192 251.6093 -235 547.9517
1 122.7483 -638.0386 545.987 0 0 0 70 70 4900 35.63002 -718.0386 572.5668 35.63002 -718.0386 552.5668
1 289.4095 -137 547.919 0 0 0 40 40 1600 278.1267 -173 546.8192 251.6093 -235 547.9517
1 269.8965 -138.0338 545.4216 0 0 0 15 15 225 250.7695 -162.0338 586.785 250.7695 -162.0338 566.785
3 185.2151 -108.3256 187.8216 0 0 0 40 10 40 186.5173 -138.2001 151.1799 177.7753 -99.32556 169.1665
3 185.1742 -215.3256 183.2958 0 0 0 40 50 40 185.8608 -142.001 150.9906 170.739 -184 178.2621
3 182.417 -138.3256 184.3925 0 0 0 40 40 40 185.643 -152.0001 152.9787 168.8642 -90.32556 169.4993
3 172.417 -100.3256 174.3925 0 0 0 30 5.000001 30 159.4566 4.00004 141.2399 177.1718 -180.3256 230.3592
3 185.417 -68.32556 186.3925 0 0 0 40 23 40 159.4566 4.674438 141.2399 177.1718 -180.3256 230.3592
3 179.2856 -161.3256 150.4897 0 0 0 35 30 10 159.4566 4.674438 141.2399 177.1718 -180.3256 230.3592
1 176.3754 -70.03198 180.1119 0 0 0 50 50 2500 234.888 -80.03198 208.9291 234.888 -80.03198 188.9291
3 175.9179 -179.3256 219.5701 0 0 0 40 40 20 185.2033 -152.001 159.3693 172.6563 -297 335.2127
3 183.4341 -171.3256 277.5674 0 0 0 40 30 45 176.6176 -161.001 200.604 177.679 -173 211.8175
3 167.3251 -253.3256 271.4574 0 0 0 40 10 45 172.8468 -196.001 258.151 171.0651 -483 377.376
3 160.7318 -198.3256 375.1606 0 0 0 40 10 45 175.2466 -197.001 293.7499 177.679 -173 211.8175
3 167.0589 -125.3256 327.6122 315 0 0 40 60 45 175.9574 -197.001 269.7601 176.2496 -211 280.2745
3 167.3251 -298.3256 271.4574 0 0 0 40 40 45 175.2466 -413.001 293.7499 175.7418 -474 262.7594
3 174.2849 -393.3256 271.1704 0 0 0 40 66 45 175.2466 -447.001 293.7499 175.7418 -574 252.7594
3 166.6263 -498.3256 263.767 15.46875 0 0 40 73 45 150.9831 -500.001 275.132 172.9348 -522 309.5313
3 171.0676 -570.3256 278.6101 0 0 0 40 15 45 150.9831 -500.001 275.132 172.9348 -522 309.5313
1 172.0837 -531.9895 341.2648 0 0 0 20 20 400 177.5837 -513.9895 382.7296 172.0175 -553.9895 186.667
1 173.4295 -471.2219 494.1626 0 0 0 50 50 2500 174.6471 -525.2219 296.5411 175.5082 -549.2219 93.23936
3 170.5477 -528.3256 410.5082 0 0 0 20 25 96 174.1343 -537.3945 377.0175 174.7812 -521.4393 369.016
1 175.3246 -476.2219 331.1055 0 0 0 50 50 2500 174.6471 -525.2219 296.5411 175.5082 -549.2219 93.23936
1 173.4646 -226.2219 216.7186 0 0 0 60 60 3600 174.6471 -525.2219 296.5411 175.5082 -549.2219 93.23936
1 179.9184 -225.2219 186.3727 0 0 0 60 60 3600 174.6471 -525.2219 296.5411 175.5082 -549.2219 93.23936
3 167.3251 -229.3256 271.4574 0 0 0 40 30 45 172.399 -189.001 281.4989 172.9601 -263 313.3555
3 157.7157 -229.3256 377.2314 0 0 0 40 45 45 170.529 -197.001 293.5863 177.679 -173 211.8175
3 197.4646 -205.2219 231.7186 0 0 0 10 60 90 174.6471 -525.2219 296.5411 175.5082 -549.2219 93.23936
3 152.4646 -205.2219 231.7186 0 0 0 10 60 90 174.6471 -525.2219 296.5411 175.5082 -549.2219 93.23936
3 173.6782 -522.9895 356.9269 0 0 0 20 17 20 178.2081 -518.9895 404.7209 172.0175 -553.9895 186.667
3 170.7281 -535.3256 304.6763 5.625 0 0 40 40 10 150.9831 -500.001 275.132 172.9348 -522 309.5313
3 197.3877 -714.8604 538.1089 0 0 0 148 40 50.00001 280.3614 -702.7599 535.0069 258.8861 -689.1595 558.7765
3 -80.10984 -661.8604 518.2432 0 0 0 40 40 50 17.64577 -623.8604 548.362 28.07807 -676.8604 545.9686
3 -464.3 261.514 -76.95688 0 0 0 30 35 40 -461.0688 316.514 -67.75814 -474.3 94.51402 -76.95688
1 90.98774 -556.0365 541.0377 0 0 0 10 10 100 90.98774 -556.0365 561.0377 90.98774 -556.0365 541.0377
3 118.5981 -636.8604 540.7111 0 0 0 10 40 50 73.47596 -596.8604 524.6374 126.5829 -634.8604 533.2504
3 22.9567 -700.8604 537.3638 0 0 0 40 20 50 18.52114 -635.8604 545.3598 28.07807 -676.8604 545.9686
1 75.22086 -657.0386 545.5329 0 0 0 40 40 1600 35.63002 -718.0386 572.5668 35.63002 -718.0386 552.5668
1 220.1127 -685.0386 544.8441 0 0 0 40 40 1600 35.63002 -718.0386 572.5668 35.63002 -718.0386 552.5668
3 2.746341 -676.8604 550.1467 2.8125 0 354.375 10 20 50 49.81109 -636.8604 568.8634 -17.88228 -678.8604 570.5631
3 -243.2153 55.92977 -245.2294 0 0 0 30 35 30 -229.0895 52.92978 -229.575 -236.4591 -4.070226 -236.1523
3 -243.6155 -1.070226 -243.554 0 0 0 30 23 30 -224.9627 19.92978 -229.4325 -279.5811 5.929774 -246.6645
3 -334.08 13.92977 -236.5831 0 0 0 32 43 40 -282.8924 12.33856 -249.1459 -378.2712 -82.99998 -246.547
1 -290.5196 54.65918 -243.462 0 0 0 45 45 2025 -320.8846 16.65918 -250.1102 -509.5848 -353.3408 -251.1216
3 -285.0875 9.92977 -245.7188 0 0 0 32 33 30 -230.2754 19.33856 -248.343 -378.2712 -82.99998 -246.547
3 -243.6155 18.92977 -243.554 0 0 0 30 43 30 -224.9627 19.92978 -229.4325 -279.5811 5.929774 -246.6645
1 -404.589 -34.34081 -244.6074 0 0 0 42 42 1764 -320.8846 16.65918 -250.1102 -509.5848 -353.3408 -251.1216
3 -243.6155 -11.07023 -243.554 0 0 0 30 13 30 -224.9627 19.92978 -229.4325 -279.5811 5.929774 -246.6645
3 -464.3 120.514 -76.95688 0 0 0 30 40 40 -461.0688 186.514 -67.75814 -474.3 114.514 -76.95688
3 -464.3 215.514 -76.95688 0 0 0 30 60 40 -461.0688 316.514 -67.75814 -474.3 94.51402 -76.95688
3 -464.3 80.51402 -79.95688 0 0 0 21 20 29 -461.0688 186.514 -67.75814 -474.3 114.514 -76.95688
3 -453.276 268.514 -75.70473 0 0 0 6.000001 35 40 -471.927 314.514 -73.16066 -334.0903 162.514 -96.15292
3 -464.3 317.514 -76.95688 0 0 0 30 30 40 -420.2278 323.514 -67.30435 -462.3736 307.514 -75.63055
3 -453.276 195.514 -75.70473 0 0 0 6.000001 40 40 -501.5437 354.514 -78.80264 -424.3 94.51402 -76.95688
3 -327.8904 179.472 -188.9354 0 0 0 10 30 30 -334.8904 154.472 -106.9354 -334.8904 154.472 -126.9354
3 -464.3 40.51403 -79.95688 0 0 0 19 20 29 -428.4831 -37.48596 -78.284 -474.3 214.514 -76.95688
1 -466.0637 53.60755 -79.77016 0 0 0 48 48 2304 -473.5847 -37.39244 -74.3 -473.5847 -37.39244 -94.3
1 -558.6229 81.59297 40.9594 0 0 0 40 40 1600 -580.6946 81.59297 -25.64466 -580.6946 81.59297 -45.64466
1 -626.2982 82.59297 -12.89772 0 0 0 30 30 900 -580.6946 81.59297 -25.64466 -580.6946 81.59297 -45.64466
1 -591.3421 76.59297 140.0806 0 0 0 30 30 900 -580.6946 81.59297 -25.64466 -580.6946 81.59297 -45.64466
3 -599.5539 96.26538 426.7941 0 0 0 30 20 60 -606.9949 95.26538 369.9102 -598.0503 81.26538 451.0833
3 -600.125 106.2654 420.3574 0 0 0 20 5.000001 20 -600.3566 95.26538 387.6536 -598.0503 81.26538 451.0833
3 -600.125 122.2654 420.3574 0 0 0 20 10 20 -593.9611 170.2654 410.9493 -598.0503 81.26538 451.0833
3 -599.759 212.2654 435.3305 0 0 0 50 50 50 -589.9192 236.2654 400.7165 -629.8859 140.2654 590.3197
3 -599.759 212.2654 400.3305 0 0 0 50 50 15 -599.8652 242.2654 454.3691 -604.9551 247.2654 388.9837
1 -604.815 202.7658 451.7477 0 0 0 30 30 900 -602.4871 194.7658 458.9951 -602.4871 194.7658 438.9951
1 -567.0876 202.7658 421.6873 0 0 0 30 30 900 -602.4871 194.7658 458.9951 -602.4871 194.7658 438.9951
1 -632.0889 202.7658 419.4608 0 0 0 30 30 900 -602.4871 194.7658 458.9951 -602.4871 194.7658 438.9951
3 -600.125 148.2654 420.3574 0 0 0 20 20 20 -593.9611 170.2654 410.9493 -598.0503 81.26538 451.0833
3 48.70577 278.1112 214.381 0 0 0 60 30 30 175.3035 254.1112 231.3361 61.58627 252.1112 207.4478
1 -600.448 218.7658 480.3331 0 0 0 30 30 900 -602.4871 194.7658 458.9951 -602.4871 194.7658 438.9951
3 -600.7912 18 -80.37974 0 0 0 29 12 17.1 -575.5184 -56 -44.9946 -602.9052 33.00001 -102.4233
3 -592.7927 48 -39.46239 0 0 0 21.8 23 22.1 -566.9561 70 -13.56804 -617.6171 12 -27.12685
3 -600.3876 4 -80.04147 0 0 0 25 30 16 -575.5184 -56 -44.9946 -602.9052 33.00001 -102.4233
3 -604.4178 96 -86.67635 0 0 0 29 15 27.1 -595.9274 87 -29.61008 -592.527 95 -108.0638
3 -600.7912 80 -70.37974 0 0 0 39 11 27.1 -598.7142 24 -70.73784 -602.9052 -167 -102.4233
1 79.38637 310 -97.43302 0 0 0 15 15 225 123.386 336 -81.62719 -0.32977 312 -83.98078
3 -375.4053 195.6744 1.580963 0 0 0 60 100 400 185.8608 -142.001 150.9906 170.739 -184 178.2621
1 0.185163 -246 -204.9187 0 0 0 40 40 1600 9.041438 -260 -131.2469 9.041438 -260 -151.2469
3 374.0984 -628 -486.6142 0 0 0 100 700 600 -1.880033 181 -391.7808 -2.940154 79 -448.793
3 199.6923 -146.3256 -279.7844 0 0 0 100 60.00001 79 185.8608 -142.001 150.9906 170.739 -184 178.2621
3 420.3686 10.67444 -126.6987 0 0 0 150 60.00001 250 185.8608 -142.001 150.9906 170.739 -184 178.2621
3 335.4919 15.67444 -552.0477 0 0 0 300 60.00001 200 185.8608 -142.001 150.9906 170.739 -184 178.2621
3 327.6538 -39.32556 -211.564 0 0 0 40 60.00001 80 185.8608 -142.001 150.9906 170.739 -184 178.2621
3 356.1509 -162 -321.965 0 0 0 80.00001 250 40.00001 -1.880033 181 -391.7808 -2.940154 79 -448.793
3 281.6855 15.67444 -520.4807 0 0 0 250 60.00001 250 185.8608 -142.001 150.9906 170.739 -184 178.2621
3 450 -84.32555 -237.8559 0 0 0 100 100 450 185.8608 -142.001 150.9906 170.739 -184 178.2621
3 280 -13.32555 -337.8559 0 0 0 20 150 300 185.8608 -142.001 150.9906 170.739 -184 178.2621
3 175.417 -90.32556 174.3925 0 0 0 15 5.000001 15 159.4566 4.00004 141.2399 177.1718 -180.3256 230.3592
3 -599.394 39 -110.8895 0 0 0 30 17 10 -613.7516 61 -178.5127 -600.689 26 -106.8087
3 -517.5624 39 -79.83239 0 0 0 25 30 40 -538.7569 62 -137.4764 -471.7295 10 -1.824642
3 -548.4889 66 -217.7039 0 0 0 159 10 107.1 -595.9274 87 -29.61008 -592.527 95 -108.0638
3 -594.7999 44 -270.2539 0 0 0 60 20 10 -536.6583 70 -254.5361 -615.2717 5 -284.5961
3 -662.7363 66 -79.48054 0 0 0 39 10 37.09999 -595.9274 87 -29.61008 -592.527 95 -108.0638
3 -563.149 66 -28.21306 0 0 0 169 10 37.09999 -595.9274 87 -29.61008 -592.527 95 -108.0638
3 -592.8407 64 -250.4613 0 0 0 60 30 10.1 -523.1337 70 -243.0487 -603.6696 12 -278.9304
3 -410.4675 48 -86.02899 0 0 0 39 35 27.1 -595.9274 87 -29.61008 -592.527 95 -108.0638
3 -597.3515 44 -10.42433 0 0 0 60 20 10 -560.3911 74 -33.93795 -593.0613 33 -4.535807
3 324.6545 -25.32556 -373.4272 0 0 0 200 70 34 324.9535 -52.00098 -308.831 170.739 -184 178.2621
3 199.6923 -46.32556 -329.7844 0 0 0 100 150 59 185.8608 -142.001 150.9906 170.739 -184 178.2621
1 288.8083 -176.5107 -290.6759 0 0 0 25 25 625 309.5797 -72.51071 -203.9647 309.5797 -72.51071 -223.9647
1 326.7743 -114.3256 -525.6219 0 0 0 40.09999 40.09999 1608.01 185.8608 -142.001 150.9906 170.739 -184 178.2621
1 336.6069 -112.3256 -496.5123 0 0 0 30.1 30.1 906.0099 185.8608 -142.001 150.9906 170.739 -184 178.2621
1 356.6841 -74.51071 -359.0723 0 0 0 30 30 900 309.5797 -72.51071 -203.9647 309.5797 -72.51071 -223.9647
1 308.7269 -74.51071 -361.835 0 0 0 30 30 900 309.5797 -72.51071 -203.9647 309.5797 -72.51071 -223.9647
1 324.7751 -100.1676 -97.75353 0 0 0 45 45 2025 307.6555 -89.16762 -247.9189 307.6555 -89.16762 -267.9189
1 331.7278 -74.51071 -358.8281 0 0 0 30 30 900 309.5797 -72.51071 -203.9647 309.5797 -72.51071 -223.9647
3 381.9464 -100 -442.0981 0 0 0 40.00001 118 96.00001 309.6595 -64.75635 -512.5298 342.8465 -61.60627 -524.5571
1 332.2254 -106.1676 -199.1774 0 0 0 45 45 2025 307.6555 -89.16762 -247.9189 307.6555 -89.16762 -267.9189
3 325.9629 -11.51072 -322.4175 0 0 0 70 70 35 351.862 -52.51072 -328.5497 126.09 -50.51071 -269.6125
1 286.341 -176.5107 -340.7048 0 0 0 25 25 625 309.5797 -72.51071 -203.9647 309.5797 -72.51071 -223.9647
3 -658.9077 40 -80.58822 0 0 0 31 21 50 -669.2947 65 -157.3811 -667.3978 10 -21.76497
1 -251.0983 148.2628 -213.9126 0 0 0 25 25 625 -274.2723 137.2628 -274.2937 -274.2723 137.2628 -294.2937
1 -214.0148 152.2628 -252.3314 0 0 0 25 25 625 -274.2723 137.2628 -274.2937 -274.2723 137.2628 -294.2937
3 -389.0246 -79.07023 -343.092 0 0 0 10 63 40 -341.6519 -69.66144 -246.684 -378.2712 -82.99998 -246.547
1 -265.046 218.0973 241.738 0 0 0 50 50 2500 -335 203.0973 180.997 -231.7343 228.0973 222.0242
1 -603.8188 95.92404 479.5399 0 0 0 50 50 2500 -621.5255 98.92404 420.1489 -582.4741 77.92404 520.7048
1 -607.9103 95.92404 495.6732 0 0 0 30 30 900 -619.493 98.92404 451.2541 -582.4741 77.92404 520.7048
3 337.5482 -130.2107 -268.0957 0 0 0 40 40 26 325.0273 -76.51071 -325.9763 314.5848 -829.5107 -5.675711
1 -282.5364 61.09734 90.68682 0 0 0 50 50 2500 -335 178.0973 175.997 -335 178.0973 155.997
1 -440.9466 296.0973 -59.81325 0 0 0 20 20 400 -335 178.0973 175.997 -335 178.0973 155.997
1 -283.3996 -28.90266 90.36163 0 0 0 50 50 2500 -335 178.0973 175.997 -335 178.0973 155.997
1 -282.9503 -29.90266 199.7679 0 0 0 50 50 2500 -335 178.0973 175.997 -335 178.0973 155.997
1 -282.9503 64.09734 199.7679 0 0 0 50 50 2500 -335 178.0973 175.997 -335 178.0973 155.997
1 -352.5012 218.593 -79.4293 0 0 0 55 55 3025 -580.6946 81.59297 -25.64466 -580.6946 81.59297 -45.64466
1 183.9602 -400.9081 8.910044 0 0 0 200 200 40000 122.0084 -216.9081 -6.890587 122.0084 -216.9081 -26.89059
1 1.870105 -295.9081 24.57021 0 0 0 120 120 14400 122.0084 -216.9081 -6.890587 122.0084 -216.9081 -26.89059
1 287.9005 -176.5107 -315.6389 0 0 0 25 25 625 309.5797 -72.51071 -203.9647 309.5797 -72.51071 -223.9647
1 -8.333773 -173.0969 198.216 0 0 0 40 40 1600 -27.52593 -204.0969 138.5366 -27.52593 -204.0969 118.5366
1 79.86945 -143.0969 200.5795 0 0 0 40 40 1600 -27.52593 -204.0969 138.5366 -27.52593 -204.0969 118.5366
1 -175.4075 -390.9081 186.1184 0 0 0 200 200 40000 122.0084 -216.9081 -6.890587 122.0084 -216.9081 -26.89059
1 -134.4 323 -213.1451 0 0 0 110 110 12100 82.87433 310 23.38761 82.87433 310 3.387612
3 -318.2928 361.514 -79.96648 0 0 0 150 30 40 -420.2278 323.514 -67.30435 -462.3736 307.514 -75.63055
1 -183.5704 394 -82.06451 0 0 0 70 70 4900 82.87433 310 23.38761 82.87433 310 3.387612
1 -483.4138 -104.299 -166.6672 0 0 0 60 60 3600 -528.4614 -15.29904 -169.1594 -528.4614 -15.29904 -189.1594
1 -69.48054 323 -229.1415 0 0 0 110 110 12100 82.87433 310 23.38761 82.87433 310 3.387612
3 -343.1368 -27.07023 -247.0855 0 0 0 70 82 36 -322.6519 16.33856 -246.755 -378.2712 -82.99998 -246.547
1 268.8622 -170.5107 -334.636 0 0 0 25 25 625 309.5797 -72.51071 -203.9647 309.5797 -72.51071 -223.9647
3 -380.0443 -49.07022 -243.9295 0 0 0 25 23 40 -331.2705 -74.66144 -242.26 -378.2712 -82.99998 -246.547
1 268.3884 -170.5107 -307.6401 0 0 0 25 25 625 309.5797 -72.51071 -203.9647 309.5797 -72.51071 -223.9647
3 181.917 -190.3256 146.0869 0 0 0 40 100 10 185.8608 -142.001 150.9906 170.739 -184 178.2621
3 148.6871 -190.3256 178.3742 0 0 0 10.1 100 40 185.8608 -142.001 150.9906 170.739 -184 178.2621
3 168.075 -224.3256 249.0047 286.875 0 0 40 25 25 172.2932 -177.001 266.2899 173.8657 -227 174.7098
3 175.9179 -179.3256 219.5701 0 0 0 40 40 20 179.2115 -152.001 159.061 172.6563 -297 335.2127
3 428.2332 -222.5107 -317.8549 0 0 0 30 40 40 281.137 -230.5107 -313.1799 668.3583 -298.5107 -313.6933
3 337.5482 -162.5107 -322.8957 0 0 0 40 25 40 335.8362 -120.5107 -312.0876 254.1781 -543.5107 -397.3491
3 327.9933 -303 -404.9091 0 0 0 90.00001 160.1 65.00001 -1.880033 181 -391.7808 -2.940154 79 -448.793
3 265.0104 -20 -445.714 0 0 0 40.00001 118 95.00001 345.0394 -118.0165 -362.3411 300.0001 -92.60046 -361.9388
3 366.5627 -100.5107 -315.4688 0 0 0 20 20 25 351.862 -52.51072 -328.5497 126.09 -50.51071 -269.6125
3 325.3748 -61.51072 -344.4094 0 0 0 70 50 15 325.1084 -66.51071 -296.5327 273.9726 -244.5107 -303.3565
3 229.7535 -714.8604 541.834 0 0 0 15 40 40 236.1834 -721.3488 542.4369 242.0952 -719.7737 540.7976
1 -440.9466 296.0973 -99.81325 0 0 0 20 20 400 -335 178.0973 175.997 -335 178.0973 155.997
1 -440.9466 296.0973 -79.81325 0 0 0 20 20 400 -335 178.0973 175.997 -335 178.0973 155.997
1 -428.9466 293.0973 -79.75575 0 0 0 20 20 400 -335 178.0973 175.997 -335 178.0973 155.997
1 -425.5363 293.0973 -61.75742 0 0 0 20 20 400 -335 178.0973 175.997 -335 178.0973 155.997
1 -426.0987 293.0973 -97.67592 0 0 0 20 20 400 -335 178.0973 175.997 -335 178.0973 155.997
1 296.0413 -153.5107 -376.1684 0 0 0 45 45 2025 309.5797 -72.51071 -203.9647 309.5797 -72.51071 -223.9647
1 272.7154 -244.5107 -299.1107 0 0 0 25 25 625 309.5797 -72.51071 -203.9647 309.5797 -72.51071 -223.9647
3 -316.1871 218.0973 233.9821 0 0 0 80 20 35 -327.4268 251.0973 183.2993 -231.7343 228.0973 222.0242
1 -318.7328 178.0973 232.6208 0 0 0 50 50 2500 -335 203.0973 180.997 -231.7343 228.0973 222.0242
3 -334.08 -79.07023 -246.5831 0 0 0 22 22 30 -322.6519 16.33856 -246.755 -378.2712 -82.99998 -246.547
3 326.6898 -9.510717 -582.1258 0 0 0 70 70 43 350.1477 -37.51072 -585.0134 309.5797 -72.51071 -223.9647
3 327.8766 -57.51071 -582.2405 0 0 0 60 40 50.09999 323.052 -68.51071 -501.2177 331.3811 -117.5107 -662.2153
3 337.5482 -127.2107 -320.0957 0 0 0 40 40 26 333.5316 -106.5107 -305.2859 254.1781 -543.5107 -397.3491
1 336.0786 -74.51071 -640.2128 0 0 0 70 70 4900 350.1477 -37.51072 -585.0134 309.5797 -72.51071 -223.9647
3 325.0094 -122.5107 -565.0243 0 0 0 70 31 30 329.463 -40.51072 -587.7237 220.464 -1142.511 -344.3956
3 332.4437 -34 -511.8368 0 0 0 40.00001 10.00001 45.00001 -1.880033 181 -391.7808 -2.940154 79 -448.793
3 240 -194.3256 -10.61811 0 0 0 50 100 280 185.8608 -142.001 150.9906 170.739 -184 178.2621
3 286.5627 -100.5107 -315.4688 0 0 0 20 20 25 351.862 -52.51072 -328.5497 126.09 -50.51071 -269.6125
3 332.1015 -232 -577.12 0 0 0 80.00001 250 40.00001 -1.880033 181 -391.7808 -2.940154 79 -448.793
3 445 -84.32555 -212.8559 0 0 0 100 100 80.00001 185.8608 -142.001 150.9906 170.739 -184 178.2621
3 331.6378 -44.51071 7.147267 0 0 0 60 40 35.09999 323.052 -73.51071 -481.2177 331.3811 -117.5107 -662.2153
3 324.7918 -200.5107 -566.9676 0 0 0 70 50 30 330.3164 -160.5107 -586.8164 251.9828 -1057.511 -270.6127
3 325.1092 -295.5107 -566.0193 0 0 0 70 60 30 312.481 -187.5107 -580.4919 363.7338 -750.5107 -746.7429
3 328.2332 -322.5107 -317.8549 0 0 0 80 70 40 353.1747 -314.5107 -297.019 644.1053 -757.5107 -382.4454
3 348.361 -331.5107 -315.8531 0 0 0 30 40 40 281.137 -230.5107 -313.1799 668.3583 -298.5107 -313.6933
3 318.713 -692 -738.7633 0 0 0 80.00001 250 40.00001 324.1647 -405 -718.1155 320.0182 -2947 -985.7376
3 330.0659 -320.3256 -689.0563 0 0 0 100 60.00001 100 185.8608 -142.001 150.9906 170.739 -184 178.2621
3 330.0659 -360.3256 -689.0563 0 0 0 100 60.00001 100 185.8608 -142.001 150.9906 170.739 -184 178.2621
3 313.1757 -454 -734.3162 0 0 0 60.00001 30.00001 50.00001 320.1108 -395 -718.499 304.4671 -5477 -2759.103
3 325.1092 -395.5107 -566.0193 0 0 0 70 50 30 316.29 -329.5107 -545.46 363.7338 -750.5107 -746.7429
1 256.725 -244.5107 -297.4809 0 0 0 25 25 625 309.5797 -72.51071 -203.9647 309.5797 -72.51071 -223.9647
3 22.9567 -729.8604 537.3638 0 0 0 40 20 50 18.52114 -635.8604 545.3598 28.07807 -676.8604 545.9686
1 343.1022 45 364.5974 0 0 0 150 150 22500 272.5977 130 327.0256 272.5977 130 307.0256
3 -414.9967 -10.07022 -273.0084 0 0 0 22 93 10.1 -331.2705 -63.66144 -242.26 -378.2712 -82.99998 -246.547
3 351.7489 -61.15372 25.80672 0 315 0 15 50 25 344.0644 -40.15372 45 344.0644 -40.15372 25
3 295.6734 -39.32556 -211.7611 0 0 0 10 60.00001 80 185.8608 -142.001 150.9906 170.739 -184 178.2621
3 337.015 -210.5107 -314.1255 0 0 0 40 50 40 335.8362 -185.5107 -312.0876 254.1781 -543.5107 -397.3491
3 295.4691 -44.51071 -69.46032 0 0 0 10 40 45.09999 323.052 -73.51071 -481.2177 331.3811 -117.5107 -662.2153
3 331.6378 -39.51071 7.147267 0 0 0 60 50 35.09999 339.8462 -46.51072 17.1305 -416.3942 -434.5107 -222.5103
3 207.4141 -214.5107 -370.5314 0 0 0 90 40 35.09999 288.5634 -219.799 -295.6013 289.854 -214.1792 -340.0002
3 243.053 -214.5107 -246.2119 0 0 0 57 40 52.09999 323.052 -73.51071 -481.2177 331.3811 -117.5107 -662.2153
3 128.8048 -214.5107 -271.8466 0 0 0 17 40 69.09999 140 -221.3739 -203.0196 140 -215.1567 -212.5365
3 239.053 -216.5107 -249.2119 0 0 0 58 45 53.09999 144.1291 -216.155 -220.3974 182.9292 -211.7989 -228.9153
3 -600.3876 39.99999 -80.04147 0 0 0 55 36 40 -575.5184 -56 -44.9946 -602.9052 33.00001 -102.4233
3 82.95465 -175.3256 232.1938 0 0 0 30 40 40 59.15459 -117.0001 134.4647 127.8217 -232.3256 269.8184
3 120.9547 -175.3256 232.1938 0 0 0 20 50 40 82.51707 -103.0001 144.5644 127.8217 -232.3256 269.8184
3 120.9547 -121.3256 232.1938 0 0 0 20 30 40 82.51707 -43.00012 144.5644 127.8217 -232.3256 269.8184
3 82.95465 -111.3256 232.1938 0 0 0 30 20 40 48.27842 -52.00012 151.8812 127.8217 -232.3256 269.8184
3 470.5316 180.6744 2.305492 0 0 0 150 120 400 185.8608 -142.001 150.9906 170.739 -184 178.2621
3 2.366924 171 -459.5743 0 0 0 210 130 100 -2.552065 182 -372.793 0.538578 170 -460.0641
1 -353.6324 192.593 59.96353 0 0 0 55 55 3025 -580.6946 81.59297 -25.64466 -580.6946 81.59297 -45.64466
1 -143.2657 385 115.1153 0 0 0 70 70 4900 82.87433 310 23.38761 82.87433 310 3.387612
