3 403.7774 -926 410.1302 0 315 0 40 10 40 403.7774 -933 430.1302 403.7774 -933 410.1302
1 405.7774 -830 410.1302 0 0 0 13 13 169 435.1944 -927 438.625 403.7774 -812 410.1302
3 1.716292 -90.98904 287.011 0 0 0 110 60 110 4.428387 -190.989 353.4217 -7.694407 -364.9891 -26.30977
3 2.278732 -80.98905 308.4825 0 0 0 120 70 120 -109.9048 -112.0306 363.777 -108.2972 -133.9562 292.724
3 4.575154 -508.4993 244.6031 0 0 0 45 25 50 -0.766439 -490.4993 328.6733 -0.766439 -524.4993 252.6733
1 0.42802 -875.4993 271.1479 0 0 0 8.999998 8.999998 80.99998 -0.766439 -676.4993 328.6733 -0.766439 -524.4993 252.6733
3 22.4791 -858.4993 273.3926 0 0 0 11 31 20 -0.766439 -481.4993 328.6733 -0.766439 -524.4993 252.6733
3 -19.5209 -858.4993 273.3926 0 0 0 11 31 20 -0.766439 -481.4993 328.6733 -0.766439 -524.4993 252.6733
3 0.776166 -858.4993 249.7176 0 270 0 11 31 20 -0.766439 -481.4993 328.6733 -0.766439 -524.4993 252.6733
3 2.437682 -830.4993 268.5274 0 270 0 11 11 20 -0.766439 -481.4993 328.6733 -0.766439 -524.4993 252.6733
1 -0.80191 -156.9636 302.1619 0 0 0 48 48 2304 -5.841736 -242.9636 374.1047 -5.841736 -242.9636 354.1047
3 4.592694 -534.4993 282.0471 0 270 0 20 60 38 -0.766439 -481.4993 328.6733 -0.766439 -524.4993 252.6733
3 -4.714941 -255.4988 354.8338 0 0 0 60 5.999999 44 1.730059 -340.4988 275.3819 1.730059 -250.4988 232.382
3 0.366183 -3.509964 230.3292 0 0 0 220 30 20 -0.225439 -67.50999 250.0989 -0.103446 -581.51 -1751.817
1 40.00493 -86.99997 209.9992 0 0 0 10 10 100 -0.457659 -162 374.5535 0.5733089 -246 199.6232
1 239.2197 -143 160.1217 0 0 0 72 72 5184 343.1094 -243 281.11 343.1094 -243 261.11
1 -25.66644 -941 257.5453 0 0 0 80 80 6400 -38.24436 -883 261.0657 -38.24436 -883 241.0657
1 25.33356 -941 257.5453 0 0 0 80 80 6400 -38.24436 -883 261.0657 -38.24436 -883 241.0657
3 0.967028 -883 253.2383 0 0 0 50 10 30 -0.083927 -874 211.272 -1.358585 -1033 1000.478
1 409.2197 -143 160.1217 0 0 0 72 72 5184 343.1094 -243 281.11 343.1094 -243 261.11
1 410.2197 -143 -39.87828 0 0 0 72 72 5184 343.1094 -243 281.11 343.1094 -243 261.11
1 0.712501 -515.9631 232.4608 0 0 0 60 60 3600 66.01138 -551.9631 249.506 66.01138 -551.9631 229.506
1 239.2197 -143 -39.87828 0 0 0 72 72 5184 343.1094 -243 281.11 343.1094 -243 261.11
1 324.9141 -133.9989 -200.0498 0 0 0 9 9 81 325.7959 -219.9989 -205.968 321.5094 -233.9989 581.239
3 323.9046 -117 -178.9843 0 0 0 20 20 10 307.7883 -243 -119.4223 307.7883 -243 -139.4223
3 300.9637 -117 -201.1509 0 90 0 20 20 10 307.7883 -243 -119.4223 307.7883 -243 -139.4223
3 347.9637 -117 -201.1509 0 90 0 20 20 10 307.7883 -243 -119.4223 307.7883 -243 -139.4223
3 323.9637 -93.99997 -201.1509 0 90 0 20 9.999998 20 307.7883 -243 -119.4223 307.7883 -243 -139.4223
3 323.9046 -117 -221.9843 0 0 0 20 20 10 307.7883 -243 -119.4223 307.7883 -243 -139.4223
3 26.22743 55.00002 -200.2331 0 270 0 20 20 10 10.45821 -64 -183.8548 10.45821 -64 -203.8548
1 0.017722 36.00002 -199.1692 0 0 0 8 8 64 -0.07051399 -57 -201.9115 -7.278515 -64 1290.373
3 0.396232 55.00002 -179.8904 0 0 0 20 20 10 10.45821 -64 -183.8548 10.45821 -64 -203.8548
3 0.396232 55.00002 -179.8904 0 0 0 20 20 10 10.45821 -64 -183.8548 10.45821 -64 -203.8548
1 -324.7116 -133 -200.2985 0 0 0 8 8 64 -326.3631 -225 -220.8462 -264.8896 -232 1198.231
3 -324.0947 -116.9989 -179.5549 0 0 0 20 20 10 -324.6117 -233.9989 -184.3925 -324.6117 -233.9989 -204.3925
3 -351.0113 -116.9995 -199.5617 0 90 0 20 20 10 -324.6117 -233.9989 -184.3925 -324.6117 -233.9989 -204.3925
3 -301.0113 -116.9989 -199.5617 0 90 0 20 20 10 -324.6117 -233.9989 -184.3925 -324.6117 -233.9989 -204.3925
3 -324.0947 -116.9989 -221.5549 0 0 0 20 20 10 -324.6117 -233.9989 -184.3925 -324.6117 -233.9989 -204.3925
3 -324.0947 -86.99891 -201.5549 0 0 0 20 9.999998 20 -324.6117 -233.9989 -184.3925 -324.6117 -233.9989 -204.3925
3 -334.5169 117 7.417049 0 0 0 110 140 220 -318.0888 -37 266.4717 -320.0534 -263 -475.0538
1 90.68065 22.00002 47.94727 0 0 0 70 70 4900 9.291503 -73 174.1345 9.291503 -73 154.1345
1 -92.31936 22.00002 47.94727 0 0 0 70 70 4900 9.291503 -73 174.1345 9.291503 -73 154.1345
1 -59.31936 22.00002 -54.05273 0 0 0 70 70 4900 9.291503 -73 174.1345 9.291503 -73 154.1345
1 59.68064 22.00002 -54.05273 0 0 0 70 70 4900 9.291503 -73 174.1345 9.291503 -73 154.1345
3 0.396232 55.00002 -179.8904 0 0 0 20 20 10 10.45821 -64 -183.8548 10.45821 -64 -203.8548
3 0.396232 75.00002 -199.8904 0 0 0 20 9.999998 20 10.45821 -64 -183.8548 10.45821 -64 -203.8548
3 -23.77258 55.00002 -200.2331 0 270 0 20 20 10 10.45821 -64 -183.8548 10.45821 -64 -203.8548
3 0.396232 55.00002 -219.8903 0 0 0 20 20 10 10.45821 -64 -183.8548 10.45821 -64 -203.8548
3 0.316853 75.00002 -128.4458 0 0 0 172 60 4.999998 14.70135 -73 152.3827 38.73761 -63.99068 141.7543
3 -0.706358 38.00002 67.59172 0 0 0 62 40 4.999998 -144.1619 79.33739 115.787 -141.931 45.78949 59.29871
3 0.316853 75.00002 81.55423 0 0 0 172 60 4.999998 14.70135 -73 152.3827 38.73761 -63.99068 141.7543
3 -140.7064 38.00002 67.59172 0 0 0 32 40 4.999998 -145.1709 83.54157 129.5995 -143.1844 56.16343 73.84835
3 139.2937 38.00002 67.59172 0 0 0 32 40 4.999998 146.0214 74.69685 126.2403 133.7947 54.91177 72.58482
3 -1.324802 -156.9636 263.1787 0 0 0 58 7.999999 40 -2.62335 -57.96363 307.3479 -0.110929 -652.9636 -265.8712
3 -0.280003 -280.4988 262.9405 0 0 0 60 5.999999 44 1.730059 -340.4988 275.3819 1.730059 -250.4988 232.382
3 622.556 -524 376.1737 0 0 0 100 60 70 485.0313 -573 197.9882 485.0313 -573 177.9882
3 622.556 -704 376.1737 0 0 0 100 60 70 485.0313 -573 197.9882 485.0313 -573 177.9882
3 622.556 -884 376.1737 0 0 0 100 60 70 485.0313 -573 197.9882 485.0313 -573 177.9882
3 622.556 -884 146.1738 0 0 0 100 60 70 485.0313 -573 197.9882 485.0313 -573 177.9882
3 622.556 -704 146.1738 0 0 0 100 60 70 485.0313 -573 197.9882 485.0313 -573 177.9882
3 622.556 -524 146.1738 0 0 0 100 60 70 485.0313 -573 197.9882 485.0313 -573 177.9882
3 622.556 -524 -93.96627 0 0 0 100 60 70 485.0313 -573 197.9882 485.0313 -573 177.9882
3 622.556 -704.1113 -93.96627 0 0 0 100 60 70 485.0313 -573 197.9882 485.0313 -573 177.9882
3 622.556 -886.1113 -93.96627 0 0 0 100 60 70 485.0313 -573 197.9882 485.0313 -573 177.9882
3 391.3491 -690.0135 616.2064 0 0 0 120 260 100 376.3073 -573.0135 527.8445 376.3073 -573.0135 507.8446
3 151.3491 -690.0135 616.2064 0 0 0 120 260 100 376.3073 -573.0135 527.8445 376.3073 -573.0135 507.8446
3 -88.65091 -690.0135 616.2064 0 0 0 120 260 100 376.3073 -573.0135 527.8445 376.3073 -573.0135 507.8446
3 -358.6509 -690.0135 616.2064 0 0 0 150 260 100 376.3073 -573.0135 527.8445 376.3073 -573.0135 507.8446
3 -624.1249 -520 382.16 0 0 0 100 70 70 -500.05 -573 451.0711 -500.05 -573 431.0711
3 -624.1249 -520 142.16 0 0 0 100 70 70 -500.05 -573 451.0711 -500.05 -573 431.0711
3 -624.1249 -520 -97.84007 0 0 0 100 70 70 -500.05 -573 451.0711 -500.05 -573 431.0711
3 -624.1249 -710 -97.84007 0 0 0 100 70 70 -500.05 -573 451.0711 -500.05 -573 431.0711
3 -624.1249 -710 142.1599 0 0 0 100 70 70 -500.05 -573 451.0711 -500.05 -573 431.0711
3 -624.1249 -710 382.1599 0 0 0 100 70 70 -500.05 -573 451.0711 -500.05 -573 431.0711
3 -624.1249 -883 382.1599 0 0 0 100 70 70 -500.05 -573 451.0711 -500.05 -573 431.0711
3 -624.1249 -883 142.1599 0 0 0 100 70 70 -500.05 -573 451.0711 -500.05 -573 431.0711
3 -624.1249 -883 -97.84006 0 0 0 100 70 70 -500.05 -573 451.0711 -500.05 -573 431.0711
3 183.4345 -689 5.196423 0 0 0 39 30 13 256.828 -696 5.741148 170.4301 -713 7.447034
3 105.2666 -689 4.785582 0 0 0 59 30 73 67.69405 -706 3.493552 89.02458 -713 4.687073
3 186.7655 -667.3015 5.182581 0 0 0 40 90 140 243.1207 -711.3015 23.3601 243.1207 -711.3015 3.360102
1 -447.1725 -921.1573 452.0254 0 0 0 7.1 7.1 50.41 -424.8875 -326.1572 426.5157 -1450.41 -2965.157 1537.927
3 -463.151 -917.1573 466.0866 0 315 0 20.1 20.1 10.1 -424.8875 -326.1572 426.5157 -1450.41 -2965.157 1537.927
3 -433.0509 -915.1573 435.4955 0 315 0 50.1 130.1 10.1 -424.8875 -326.1572 426.5157 -1450.41 -2965.157 1537.927
3 -434.3081 -916.1573 467.4704 0 225 0 20.1 20.1 10.1 -424.8875 -326.1572 426.5157 -1450.41 -2965.157 1537.927
3 -461.653 -916.1573 441.0833 0 225 0 20.1 20.1 10.1 -424.8875 -326.1572 426.5157 -1450.41 -2965.157 1537.927
1 -453.1516 -344.1252 457.1522 0 0 0 40 40 1600 -453.1516 -344.1252 477.1522 -453.1516 -344.1252 457.1522
1 -515.8701 -573.9931 529.3528 0 0 0 96 96 9216 -418.8148 -572.9931 535.0829 -418.8148 -572.9931 515.0829
1 459.4474 -719.215 464.1425 0 0 0 15 15 225 511.8748 -728.215 515.8854 -467.4106 -968.215 -408.7728
1 -178.3798 -929 133.3749 0 0 0 70 70 4900 -205.0224 -933 203.0629 -205.0224 -933 183.0629
1 -178.3798 -929 -26.63624 0 0 0 70 70 4900 -205.0224 -933 203.0629 -205.0224 -933 183.0629
1 -178.3798 -929 -186.6362 0 0 0 70 70 4900 -205.0224 -933 203.0629 -205.0224 -933 183.0629
1 -515.0495 -753 210.8702 0 0 0 40 40 1600 -502.6761 -753 215.9978 -502.6761 -753 195.9978
1 -0.36125 -600 94.5925 0 0 0 30 30 900 -0.780193 -605 70.86822 6.170204 -573 1507.547
3 0.844573 -588 67.27115 0 0 0 60 30 10 -11.28862 -613 105.6675 -11.28862 -613 85.66746
1 253.5766 -933.0082 11.56475 0 0 0 70 70 4900 217.9604 -933.0082 -42.41602 217.9604 -933.0082 -62.41602
1 197.1073 -933.0082 -194.8871 0 0 0 70 70 4900 217.9604 -933.0082 -42.41602 217.9604 -933.0082 -62.41602
1 -330.8571 -711.0093 529.9517 0 0 0 80 80 6400 -197.5039 -753.0093 518.737 -197.5039 -753.0093 498.737
1 -30.85706 -711.0093 529.9517 0 0 0 80 80 6400 -197.5039 -753.0093 518.737 -197.5039 -753.0093 498.737
1 268.4633 -711.0093 527.5786 0 0 0 80 80 6400 -197.5039 -753.0093 518.737 -197.5039 -753.0093 498.737
3 300.1883 -735.9843 549.2428 0 0 0 26 30 20 300.9874 -738.9843 454.2871 306.1952 -1242.984 1494.839
3 -0.280003 -179.4988 262.9405 0 0 0 60 5.999999 44 0.730059 -290.4988 285.3819 1.730059 -250.4988 232.382
3 -0.280003 -262.2986 262.9405 0 0 0 60 5.999999 44 0.730059 -290.4988 285.3819 1.730059 -250.4988 232.382
3 -21.53769 -852 270.178 0 0 0 12 20 10.1 -0.083927 -874 211.272 -1.358585 -1033 1000.478
3 22.46231 -852 270.178 0 0 0 12 20 10.1 -0.083927 -874 211.272 -1.358585 -1033 1000.478
1 433.6504 -926 209.3391 0 0 0 20 20 400 394.4363 -933 245.0464 394.4363 -933 225.0464
1 433.6504 -905 209.3391 0 0 0 20 20 400 394.4363 -933 245.0464 394.4363 -933 225.0464
1 514.2245 -925 47.86072 0 0 0 40 40 1600 492.4431 -933 52.47154 492.4431 -933 32.47154
1 514.4288 -925 -8.050297 0 0 0 40 40 1600 492.4431 -933 52.47154 492.4431 -933 32.47154
1 262.0492 -894.0082 6.815989 0 0 0 48 48 2304 217.9604 -933.0082 -42.41602 217.9604 -933.0082 -62.41602
3 432.2108 -827 371.9007 0 315 0 40 90.00001 20 403.7774 -933 430.1302 403.7774 -933 410.1302
3 374.2065 -827 434.5335 0 315 0 40 90 20 403.7774 -933 430.1302 403.7774 -933 410.1302
3 373.9656 -827 375.9283 0 225 0 40 90 20 403.7774 -933 430.1302 403.7774 -933 410.1302
3 444.2 -827 442.7885 0 225 0 40 90 20 403.7774 -933 430.1302 403.7774 -933 410.1302
1 359.651 -566 503.7145 0 0 0 20 20 400 397.5421 -573 517.7926 397.5421 -573 497.7926
1 359.651 -544 503.7145 0 0 0 20 20 400 397.5421 -573 517.7926 397.5421 -573 497.7926
1 299.2299 -544 505.3551 0 0 0 20 20 400 397.5421 -573 517.7926 397.5421 -573 497.7926
1 299.2299 -566 505.3551 0 0 0 20 20 400 397.5421 -573 517.7926 397.5421 -573 497.7926
1 507.2898 -570 533.0239 0 0 0 90 90 8100 432.4928 -573 523.1945 432.4928 -573 503.1946
1 -206.3375 -929 439.5428 0 0 0 20 20 400 -258.9008 -933 462.67 -258.9008 -933 442.67
1 -206.3375 -904 439.5428 0 0 0 21 21 441 -258.9008 -933 462.67 -258.9008 -933 442.67
1 -434.1225 -932 210.395 0 0 0 21 21 441 -258.9008 -933 462.67 -258.9008 -933 442.67
1 -434.1225 -904 210.395 0 0 0 21 21 441 -258.9008 -933 462.67 -258.9008 -933 442.67
1 205.5278 -928 439.683 0 0 0 20 20 400 255.0951 -933 448.5215 255.0951 -933 428.5215
1 204.9302 -906 440.0891 0 0 0 21 21 441 255.0951 -933 448.5215 255.0951 -933 428.5215
1 390.6343 -138 -149.7687 0 0 0 20 20 400 413.6685 -143 -97.22078 413.6685 -143 -117.2208
1 390.6343 -115 -149.7687 0 0 0 20 20 400 413.6685 -143 -97.22078 413.6685 -143 -117.2208
1 260.6343 -138 -149.7687 0 0 0 20 20 400 413.6685 -143 -97.22078 413.6685 -143 -117.2208
1 260.6343 -113 -149.7687 0 0 0 20 20 400 413.6685 -143 -97.22078 413.6685 -143 -117.2208
1 -355.4381 -377.24 178.9254 0 0 0 40 40 1600 -335.8004 -373.24 222.3773 -335.8004 -373.24 202.3773
1 129.7744 -338.24 329.0042 0 0 0 20 20 400 116.956 -342.24 363.9979 116.956 -342.24 343.9979
1 129.7744 -315.24 329.0042 0 0 0 20 20 400 116.956 -342.24 363.9979 116.956 -342.24 343.9979
3 429.4966 -407.24 440.315 0 0 0 42 20 37 429.1772 -414.24 467.8013 334.2106 -772.2399 -1344.772
1 460.0358 -930 397.1862 0 0 0 20 20 400 297.689 -933 351.7118 297.689 -933 331.7118
1 441.4951 -930 378.2896 0 0 0 20 20 400 297.689 -933 351.7118 297.689 -933 331.7118
1 423.054 -930 358.3415 0 0 0 20 20 400 297.689 -933 351.7118 297.689 -933 331.7118
1 403.8899 -930 339.8329 0 0 0 20 20 400 297.689 -933 351.7118 297.689 -933 331.7118
1 384.7571 -930 320.6776 0 0 0 20 20 400 297.689 -933 351.7118 297.689 -933 331.7118
1 365.8316 -930 304.3431 0 0 0 20 20 400 297.689 -933 351.7118 297.689 -933 331.7118
1 346.8049 -930 285.4627 0 0 0 20 20 400 297.689 -933 351.7118 297.689 -933 331.7118
1 329.1117 -930 268.3663 0 0 0 20 20 400 297.689 -933 351.7118 297.689 -933 331.7118
1 313.2682 -930 249.8099 0 0 0 20 20 400 297.689 -933 351.7118 297.689 -933 331.7118
1 293.8264 -930 230.689 0 0 0 20 20 400 297.689 -933 351.7118 297.689 -933 331.7118
1 272.7243 -930 210.37 0 0 0 20 20 400 297.689 -933 351.7118 297.689 -933 331.7118
1 206.8657 -930 279.7047 0 0 0 20 20 400 297.689 -933 351.7118 297.689 -933 331.7118
1 224.1091 -930 294.9255 0 0 0 20 20 400 297.689 -933 351.7118 297.689 -933 331.7118
1 241.166 -930 312.5123 0 0 0 20 20 400 297.689 -933 351.7118 297.689 -933 331.7118
1 257.8131 -930 330.7377 0 0 0 20 20 400 297.689 -933 351.7118 297.689 -933 331.7118
1 278.8045 -930 349.2674 0 0 0 20 20 400 297.689 -933 351.7118 297.689 -933 331.7118
1 297.344 -930 368.2402 0 0 0 20 20 400 297.689 -933 351.7118 297.689 -933 331.7118
1 314.7104 -930 385.1196 0 0 0 20 20 400 297.689 -933 351.7118 297.689 -933 331.7118
1 332.2007 -930 404.4075 0 0 0 20 20 400 297.689 -933 351.7118 297.689 -933 331.7118
1 353.1922 -930 422.9371 0 0 0 20 20 400 297.689 -933 351.7118 297.689 -933 331.7118
1 373.0547 -930 443.1113 0 0 0 20 20 400 297.689 -933 351.7118 297.689 -933 331.7118
1 391.2506 -930 462.6747 0 0 0 20 20 400 297.689 -933 351.7118 297.689 -933 331.7118
1 -393.3966 -928 465.8651 0 0 0 20 20 400 -270.5327 -933 470.8335 -270.5327 -933 450.8335
1 -376.1184 -928 448.0744 0 0 0 20 20 400 -270.5327 -933 470.8335 -270.5327 -933 450.8335
1 -357.3563 -928 427.2897 0 0 0 20 20 400 -270.5327 -933 470.8335 -270.5327 -933 450.8335
1 -338.2625 -928 409.1082 0 0 0 20 20 400 -270.5327 -933 470.8335 -270.5327 -933 450.8335
1 -317.1789 -928 387.9326 0 0 0 20 20 400 -270.5327 -933 470.8335 -270.5327 -933 450.8335
1 -295.1203 -928 366.1535 0 0 0 20 20 400 -270.5327 -933 470.8335 -270.5327 -933 450.8335
1 -273.4539 -928 345.7073 0 0 0 20 20 400 -270.5327 -933 470.8335 -270.5327 -933 450.8335
1 -251.7232 -928 323.9492 0 0 0 20 20 400 -270.5327 -933 470.8335 -270.5327 -933 450.8335
1 -234.3017 -928 304.6491 0 0 0 20 20 400 -270.5327 -933 470.8335 -270.5327 -933 450.8335
1 -214.0186 -928 284.0516 0 0 0 20 20 400 -270.5327 -933 470.8335 -270.5327 -933 450.8335
1 -275.8279 -928 214.8989 0 0 0 20 20 400 -270.5327 -933 470.8335 -270.5327 -933 450.8335
1 -295.4767 -928 232.1884 0 0 0 20 20 400 -270.5327 -933 470.8335 -270.5327 -933 450.8335
1 -316.3352 -928 253.7504 0 0 0 20 20 400 -270.5327 -933 470.8335 -270.5327 -933 450.8335
1 -337.1937 -928 275.3129 0 0 0 20 20 400 -270.5327 -933 470.8335 -270.5327 -933 450.8335
1 -359.0952 -928 295.3333 0 0 0 20 20 400 -270.5327 -933 470.8335 -270.5327 -933 450.8335
1 -379.9536 -928 316.8958 0 0 0 20 20 400 -270.5327 -933 470.8335 -270.5327 -933 450.8335
1 -399.4216 -928 337.0208 0 0 0 20 20 400 -270.5327 -933 470.8335 -270.5327 -933 450.8335
1 -420.9753 -928 359.3021 0 0 0 20 20 400 -270.5327 -933 470.8335 -270.5327 -933 450.8335
1 -442.8374 -928 380.2236 0 0 0 20 20 400 -270.5327 -933 470.8335 -270.5327 -933 450.8335
1 -460.9147 -928 398.9111 0 0 0 20 20 400 -270.5327 -933 470.8335 -270.5327 -933 450.8335
3 1.563175 -32.98905 411.5835 0 0 0 140 120 40 4.428387 -190.989 353.4217 -7.694407 -480.9891 -26.30977
3 13.55644 47.01096 317.2763 270 0 0 210 120 20 4.428387 -190.989 353.4217 -7.694407 -480.9891 -26.30977
3 223.5564 -75.98904 317.2763 270 0 0 9.999953 110 140 4.428387 -190.989 353.4217 -7.694407 -480.9891 -26.30977
3 -206.4436 -75.98904 317.2763 270 0 0 19.99995 110 140 4.428387 -190.989 353.4217 -7.694407 -480.9891 -26.30977
1 389.1783 -138 388.2968 0 0 0 20 20 400 393.2825 -143 370.7993 393.2825 -143 350.7993
1 389.1783 -116 388.2968 0 0 0 22 22 484 393.2825 -143 370.7993 393.2825 -143 350.7993
1 -388.1761 -137 389.1448 0 0 0 20 20 400 -414.9205 -143 382.5607 -414.9205 -143 362.5607
1 -388.1761 -115 389.1448 0 0 0 20 20 400 -414.9205 -143 382.5607 -414.9205 -143 362.5607
3 -0.325493 341.7043 99.52024 0 0 0 40 30 36 -1.342826 326.7043 169.8806 -0.549918 -195.2957 -1032.057
1 0.04972 -925 532.5236 0 0 0 80 80 6400 70.29672 -933 523.8011 70.29672 -933 503.8012
1 -65.48203 -156.9636 265.8958 0 0 0 48 48 2304 -5.841736 -242.9636 374.1047 -5.841736 -242.9636 354.1047
1 68.07387 -156.9636 265.1095 0 0 0 48 48 2304 -5.841736 -242.9636 374.1047 -5.841736 -242.9636 354.1047
3 0.570973 -161.9636 312.1409 0 0 0 58 7.999999 40 -2.517982 -72.96363 283.3479 -1.687853 -615.9636 95.12482
3 542.9829 -837 552.6964 0 315 0 60 210 60 472.5643 -933 495.1234 472.5643 -933 475.1234
1 -410.2226 -830 410.1302 0 0 0 13 13 169 -435.8055 -927 438.625 403.7774 -812 410.1302
3 -406.2226 -926 410.1302 0 315 0 40 15 40 403.7774 -933 430.1302 403.7774 -933 410.1302
3 -365.1924 -915.1573 449.4832 0 45 0 50.1 130.1 10.1 -424.8875 -326.1572 426.5157 -1450.41 -2965.157 1537.927
3 -446.4875 -915.1573 366.1616 0 45 0 50.1 130.1 10.1 -424.8875 -326.1572 426.5157 -1450.41 -2965.157 1537.927
3 -396.7377 -926 400.2439 0 315 0 40 10 40 403.7774 -933 430.1302 403.7774 -933 410.1302
3 -359.9233 -892 362.7502 0 315 0 60 110 10 403.7774 -933 430.1302 403.7774 -933 410.1302
