28.499990 -1169.999512 -3149.000244
29.999990 -1168.716553 -3029.421143
31.500000 -1164.888550 -3010.177246
33.000000 -1158.581543 -2991.597168
34.500000 -1149.903564 -2974.000244
36.000000 -1139.002563 -2957.686279
37.500011 -1126.065552 -2942.934326
39.000011 -1111.313477 -2929.997314
40.500011 -1094.999512 -2919.096191
42.000011 -1077.402466 -2910.418213
43.500019 -1058.822510 -2904.111328
45.000019 -1039.578491 -2900.283203
46.500019 -1019.999512 -2899.000244
48.000019 -1000.420532 -2900.283203
49.500019 -981.176636 -2904.111328
51.000011 -962.596985 -2910.418213
52.500011 -944.999512 -2919.096191
54.000011 -928.685303 -2929.997314
55.500011 -913.933533 -2942.934326
57.000011 -900.996521 -2957.686279
58.500000 -890.095703 -2974.000244
60.000000 -881.417603 -2991.597168
61.500000 -875.110596 -3010.177246
62.999989 -871.282837 -3029.421143
64.499992 -869.999512 -3049.000244
65.999977 -871.282837 -3068.579346
67.499977 -875.110596 -3087.823242
68.999977 -881.417603 -3106.403320
70.499977 -890.095703 -3124.000244
71.999977 -900.996521 -3140.314209
73.499977 -913.933533 -3155.066162
74.999969 -928.685303 -3168.003174
76.499969 -944.999512 -3178.904297
77.999969 -962.596924 -3187.582275
79.499969 -981.176575 -3193.889160
80.999969 -1000.420471 -3197.717285
82.499969 -1019.999451 -3199.000244
84.517403 -1050.213501 -3198.507324
86.647011 -1081.941528 -3195.050293
88.998833 -1116.632568 -3185.666260
91.603729 -1154.717529 -3168.135254
94.171593 -1192.433472 -3143.196289
96.332153 -1224.965454 -3112.328125
97.369209 -1248.677490 -3076.972168
95.180542 -1264.617554 -3038.439209
87.315292 -1275.000488 -2998.033203
72.630539 -1281.796509 -2957.271240
55.180130 -1285.994507 -2918.398193
40.304039 -1288.337524 -2883.832275
31.995800 -1289.508545 -2855.195312
28.936939 -1289.938477 -2831.000244
28.499889 -1289.999512 -2808.990234
-9974.500000 -7113.997559 -15045.000977
-9972.722656 -7119.417480 -15067.991211
-9970.651367 -7124.702637 -15090.941406
-9967.988281 -7129.712402 -15113.861328
-9964.498047 -7134.312500 -15136.750977
-9960.184570 -7138.384766 -15159.611328
-9955.112305 -7141.812500 -15182.401367
-9949.352539 -7144.488770 -15205.140625
-9943.010742 -7146.333496 -15227.800781
-9936.198242 -7147.275391 -15250.371094
-9929.033203 -7147.248535 -15272.850586
-9921.640625 -7146.215332 -15295.241211
-9914.154297 -7144.145508 -15317.510742
-9906.701172 -7141.016602 -15339.670898
-9899.411133 -7136.843750 -15361.710938
-9892.410156 -7131.648438 -15383.630859
-9885.822266 -7125.460449 -15405.411133
-9879.766602 -7118.332520 -15427.060547
-9874.355469 -7110.321777 -15448.560547
-9869.700195 -7101.490723 -15469.920898
-9865.883789 -7091.930664 -15491.130859
-9862.986328 -7081.737793 -15512.191406
-9861.081055 -7071.010742 -15533.100586
-9860.216797 -7059.857422 -15553.840820
-9860.440430 -7048.388672 -15574.430664
-9861.788086 -7036.715332 -15594.861328
-9864.272461 -7024.952637 -15615.130859
-9867.898438 -7013.212402 -15635.241211
-9872.666016 -7001.610352 -15655.191406
-9878.560547 -6990.256348 -15674.981445
-9885.561523 -6979.259766 -15694.611328
-9893.654297 -6968.736328 -15714.071289
-9902.833984 -6958.843750 -15733.361328
-9913.098633 -6949.740723 -15752.460938
-9924.463867 -6941.621582 -15771.350586
-9937.008789 -6934.803711 -15789.880859
-9950.827148 -6929.632324 -15807.871094
-9965.963867 -6926.397461 -15825.191406
-9982.249023 -6925.157715 -15841.701172
-9999.464844 -6925.912598 -15857.321289
-10017.360352 -6928.641602 -15872.010742
-10035.559570 -6933.241699 -15885.960938
-10053.650391 -6939.591797 -15899.420898
-10071.250000 -6947.601562 -15912.611328
-10088.000000 -6957.322754 -15925.630859
-10103.559570 -6968.841797 -15938.541016
-10117.669922 -6982.177734 -15951.401367
-10130.250000 -6997.086426 -15964.231445
-10141.299805 -7013.259766 -15977.031250
-10150.790039 -7030.413574 -15989.810547
-10158.540039 -7048.383789 -16002.590820
-10164.339844 -7067.033691 -16015.350586
-10168.019531 -7086.209473 -16028.100586
-10169.620117 -7105.695801 -16040.850586
-10169.209961 -7125.259766 -16053.590820
-10166.839844 -7144.677734 -16066.340820
-10162.570312 -7163.756348 -16079.090820
-10156.400391 -7182.312500 -16091.861328
-10148.379883 -7200.164551 -16104.640625
-10138.610352 -7217.145508 -16117.430664
-10127.219727 -7233.089355 -16130.231445
-10114.330078 -7247.836426 -16143.041016
-10100.049805 -7261.239746 -16155.840820
-10084.530273 -7273.150391 -16168.651367
-10067.879883 -7283.450684 -16181.460938
-10050.290039 -7292.115723 -16194.270508
-10031.950195 -7299.148438 -16207.060547
-10013.040039 -7304.504395 -16219.850586
-9993.747070 -7307.942383 -16232.630859
-9974.259766 -7309.177734 -16245.411133
-9954.766602 -7308.018555 -16258.191406
-9935.457031 -7304.652344 -16270.960938
-9916.523438 -7299.363770 -16283.750977
-9898.154297 -7292.385742 -16296.550781
-9880.537109 -7283.768555 -16309.350586
-9863.858398 -7273.510742 -16322.161133
-9848.293945 -7261.637695 -16334.970703
-9833.978516 -7248.268555 -16347.781250
-9821.039062 -7233.551758 -16360.581055
-9809.596680 -7217.631348 -16373.380859
-9799.771484 -7200.671387 -16386.171875
-9791.674805 -7182.833496 -16398.951172
-9785.414062 -7164.284668 -16411.712891
-9781.038086 -7145.204590 -16424.462891
-9778.583008 -7125.774414 -16437.201172
-9778.092773 -7106.188477 -16449.941406
-9779.629883 -7086.669434 -16462.691406
-9783.263672 -7067.454590 -16475.441406
-9789.014648 -7048.758301 -16488.201172
-9796.721680 -7030.735840 -16500.972656
-9806.174805 -7013.525879 -16513.761719
-9817.198242 -6997.292969 -16526.562500
-9829.753906 -6982.313965 -16539.382812
-9843.837891 -6968.894043 -16552.222656
-9859.389648 -6957.273926 -16565.121094
-9876.129883 -6947.446289 -16578.121094
-9893.723633 -6939.336914 -16591.291016
-9911.822266 -6932.907227 -16604.732422
-9930.030273 -6928.241211 -16618.652344
-9947.939453 -6925.456055 -16633.322266
-9965.174805 -6924.648926 -16648.921875
-9981.485352 -6925.839844 -16665.421875
-9996.652344 -6929.029297 -16682.712891
-10010.509766 -6934.159180 -16700.701172
-10023.089844 -6940.937988 -16719.212891
-10034.500000 -6949.022949 -16738.091797
-10044.820312 -6958.095215 -16757.191406
-10054.059570 -6967.961914 -16776.472656
-10062.219727 -6978.458984 -16795.921875
-10069.320312 -6989.434082 -16815.541016
-10075.309570 -7000.770020 -16835.312500
-10080.169922 -7012.359863 -16855.251953
-10083.870117 -7024.098145 -16875.351562
-10086.419922 -7035.866211 -16895.611328
-10087.820312 -7047.550293 -16916.031250
-10088.099609 -7059.034180 -16936.611328
-10087.290039 -7070.205078 -16957.351562
-10085.440430 -7080.954102 -16978.251953
-10082.589844 -7091.172852 -16999.302734
-10078.830078 -7100.767090 -17020.501953
-10074.240234 -7109.645996 -17041.851562
-10068.889648 -7117.723145 -17063.341797
-10062.910156 -7124.927246 -17084.972656
-10056.379883 -7131.187988 -17106.742188
-10049.419922 -7136.448242 -17128.652344
-10042.169922 -7140.676270 -17150.681641
-10034.740234 -7143.852051 -17172.822266
-10027.269531 -7145.962891 -17195.082031
-10019.889648 -7147.031250 -17217.451172
-10012.740234 -7147.084961 -17239.912109
-10005.940430 -7146.165039 -17262.462891
-9999.603516 -7144.337891 -17285.101562
-9993.853516 -7141.681152 -17307.802734
-9988.789062 -7138.274902 -17330.572266
-9984.483398 -7134.227051 -17353.402344
-9980.999023 -7129.648926 -17376.271484
-9978.340820 -7124.659180 -17399.171875
-9976.272461 -7119.391113 -17422.101562
-9974.500000 -7113.997070 -17445.001953
-8173.500000 -6704.997559 -13506.000977
-8177.000000 -6703.714844 -13486.420898
-8180.500000 -6699.887207 -13467.180664
-8184.000000 -6693.580078 -13448.600586
-8187.500000 -6684.901855 -13431.000977
-8191.000000 -6674.000977 -13414.691406
-8194.500000 -6661.063965 -13399.930664
-8198.000000 -6646.312012 -13387.000977
-8201.500000 -6629.998047 -13376.100586
-8205.000000 -6612.400879 -13367.420898
-8208.500000 -6593.821289 -13361.111328
-8212.000000 -6574.577148 -13357.281250
-8215.500000 -6554.998047 -13356.000977
-8215.500000 -6454.998047 -13356.000977
-8215.500000 -6354.998047 -13356.000977
-8215.500000 -6254.998047 -13356.000977
-8219.000000 -6235.418945 -13357.281250
-8222.500000 -6216.174805 -13361.111328
-8226.000000 -6197.596191 -13367.420898
-8229.500000 -6179.998047 -13376.100586
-8233.000000 -6163.684082 -13387.000977
-8236.500000 -6148.932129 -13399.930664
-8240.000000 -6135.995117 -13414.691406
-8243.500000 -6125.094238 -13431.000977
-8247.000000 -6116.416016 -13448.600586
-8250.500000 -6110.108887 -13467.180664
-8254.000000 -6106.281250 -13486.420898
-8257.500000 -6104.997559 -13506.000977
-8272.500000 -6104.997559 -13606.000977
-8287.500000 -6104.997559 -13706.000977
-8291.000000 -6106.280762 -13725.581055
-8294.500000 -6110.108398 -13744.821289
-8298.000000 -6116.415527 -13763.401367
-8301.500000 -6125.093750 -13781.000977
-8305.000000 -6135.994629 -13797.310547
-8308.500000 -6148.931641 -13812.071289
-8312.000000 -6163.683594 -13825.000977
-8315.500000 -6179.997559 -13835.901367
-8319.000000 -6197.594727 -13844.581055
-8322.500000 -6216.174316 -13850.890625
-8326.000000 -6235.418457 -13854.720703
-8329.500000 -6254.997559 -13856.000977
-8333.000000 -6274.576660 -13854.720703
-8336.500000 -6293.820801 -13850.890625
-8340.000000 -6312.399414 -13844.581055
-8343.500000 -6329.997559 -13835.901367
-8347.000000 -6346.311523 -13825.000977
-8350.500000 -6361.063477 -13812.071289
-8354.000000 -6374.000488 -13797.310547
-8357.500000 -6384.901367 -13781.000977
-8361.000000 -6393.579590 -13763.401367
-8364.500000 -6399.886719 -13744.821289
-8368.000000 -6403.714355 -13725.581055
-8371.500000 -6404.997559 -13706.000977
-6664.500000 -4575.999023 -7407.000977
-6661.000000 -4574.715820 -7426.580078
-6657.500000 -4570.888184 -7445.824219
-6654.000000 -4564.581055 -7464.403809
-6650.500000 -4555.902832 -7482.000977
-6647.000000 -4545.001465 -7498.314941
-6643.500000 -4532.064453 -7513.066895
-6640.000000 -4517.312500 -7526.003906
-6636.500000 -4500.998535 -7536.904785
-6633.000000 -4483.400391 -7545.582520
-6629.500000 -4464.821777 -7551.889648
-6626.000000 -4445.577637 -7555.717285
-6622.500000 -4425.998535 -7557.000488
-6619.000000 -4406.419434 -7555.717285
-6615.500000 -4387.175293 -7551.889648
-6612.000000 -4368.596680 -7545.582520
-6608.500000 -4350.998535 -7536.904297
-6605.000000 -4334.684570 -7526.003418
-6601.500000 -4319.932617 -7513.066406
-6598.000000 -4306.995605 -7498.314453
-6594.500000 -4296.095215 -7482.000488
-6591.000000 -4287.416992 -7464.402344
-6587.500000 -4281.109863 -7445.823730
-6584.000000 -4277.282227 -7426.579590
-6580.500000 -4275.999023 -7407.000488
-6577.000000 -4277.282227 -7387.421387
-6573.500000 -4281.109863 -7368.177246
-6570.000000 -4287.416992 -7349.598633
-6566.500000 -4296.095215 -7332.000488
-6563.000000 -4306.996094 -7315.686523
-6559.500000 -4319.933105 -7300.934570
-6556.000000 -4334.685059 -7287.997559
-6552.500000 -4350.999023 -7277.096680
-6549.000000 -4368.597168 -7268.418457
-6545.500000 -4387.175781 -7262.111328
-6542.000000 -4406.419922 -7258.283691
-6538.500000 -4425.999023 -7257.000488
-6535.000000 -4445.578125 -7258.283691
-6531.500000 -4464.822266 -7262.111328
-6528.000000 -4483.400879 -7268.418457
-6524.500000 -4500.999023 -7277.097168
-6521.000000 -4517.312988 -7287.998047
-6517.500000 -4532.064941 -7300.935059
-6514.000000 -4545.001953 -7315.687012
-6510.500000 -4555.902832 -7332.000977
-6507.000000 -4564.581055 -7349.598145
-6503.500000 -4570.888184 -7368.177734
-6500.000000 -4574.715820 -7387.421875
-6496.500000 -4575.999023 -7407.000977
-6496.500000 -4575.998535 -7507.000977
-6493.000000 -4574.715332 -7526.580078
-6489.500000 -4570.887695 -7545.824219
-6486.000000 -4564.580566 -7564.403809
-6482.500000 -4555.902344 -7582.000977
-6479.000000 -4545.001465 -7598.314941
-6475.500000 -4532.064453 -7613.066895
-6472.000000 -4517.312500 -7626.003906
-6468.500000 -4500.998535 -7636.904785
-6465.000000 -4483.400391 -7645.582520
-6461.500000 -4464.821777 -7651.889648
-6458.000000 -4445.577637 -7655.717285
-6454.500000 -4425.998535 -7657.000488
-6451.000000 -4406.419434 -7655.717285
-6447.500000 -4387.175293 -7651.889648
-6444.000000 -4368.596680 -7645.582520
-6440.500000 -4350.998535 -7636.904297
-6437.000000 -4334.684570 -7626.003418
-6433.500000 -4319.932617 -7613.066406
-6430.000000 -4306.995605 -7598.314453
-6426.500000 -4296.094727 -7582.000488
-6423.000000 -4287.416504 -7564.402344
-6419.500000 -4281.109375 -7545.823730
-6416.000000 -4277.281738 -7526.579590
-6412.500000 -4275.998535 -7507.000488
-6409.000000 -4277.282227 -7487.421387
-6405.500000 -4281.109863 -7468.177246
-6402.000000 -4287.416992 -7449.598633
-6398.500000 -4296.095215 -7432.000488
-6395.000000 -4306.996094 -7415.686523
-6391.500000 -4319.933105 -7400.934570
-6388.000000 -4334.685059 -7387.997559
-6384.500000 -4350.999023 -7377.096680
-6381.000000 -4368.597168 -7368.418457
-6377.500000 -4387.175781 -7362.111328
-6374.000000 -4406.419922 -7358.283691
-6370.500000 -4425.999023 -7357.000488
-6367.000000 -4445.578125 -7358.283691
-6363.500000 -4464.822266 -7362.111328
-6360.000000 -4483.400879 -7368.418457
-6356.500000 -4500.999023 -7377.097168
-6353.000000 -4517.312988 -7387.998047
-6349.500000 -4532.064941 -7400.935059
-6346.000000 -4545.001953 -7415.687012
-6342.500000 -4555.902832 -7432.000977
-6339.000000 -4564.581055 -7449.598145
-6335.500000 -4570.888184 -7468.177734
-6332.000000 -4574.715820 -7487.421875
-6328.500000 -4575.998535 -7507.000977
-3945.000000 -2061.999268 -4647.500488
-3835.420898 -2061.216309 -4644.000488
-3806.177002 -2056.888184 -4640.500488
-3787.596924 -2050.581299 -4637.000488
-3770.000000 -2041.903320 -4633.500488
-3753.686035 -2031.002319 -4630.000488
-3738.934082 -2018.065308 -4626.500488
-3725.997070 -2003.313232 -4623.000488
-3715.095947 -1986.999268 -4619.500488
-3706.417969 -1969.402222 -4616.000488
-3700.111084 -1950.822266 -4612.500488
-3696.282959 -1931.578247 -4609.000488
-3695.000000 -1911.999268 -4605.500488
-3695.000000 -1811.999268 -4605.500488
-3695.000000 -1711.999268 -4605.500488
-3695.000000 -1611.999268 -4605.500488
-3696.282959 -1592.420288 -4602.000488
-3700.111084 -1573.176270 -4598.500488
-3706.417969 -1554.597290 -4595.000488
-3715.095947 -1536.999268 -4591.500488
-3725.997070 -1520.685303 -4588.000488
-3738.934082 -1505.933228 -4584.500488
-3753.686035 -1492.996216 -4581.000000
-3770.000000 -1482.095215 -4577.500000
-3787.596924 -1473.417236 -4574.000000
-3806.177002 -1467.110229 -4570.500000
-3825.420898 -1463.282227 -4567.000000
-3845.000000 -1461.999268 -4563.500000
-3945.000000 -1461.999268 -4548.500000
-4045.000000 -1461.999268 -4533.500000
-4064.579102 -1463.282227 -4530.000000
-4083.822998 -1467.110229 -4526.500000
-4102.401855 -1473.417236 -4523.000000
-4120.000000 -1482.095215 -4519.500000
-4136.313965 -1492.996216 -4516.000000
-4151.065918 -1505.933228 -4512.500488
-4164.002930 -1520.685303 -4509.000488
-4174.903809 -1536.999268 -4505.500488
-4183.582031 -1554.596313 -4502.000488
-4189.889160 -1573.176270 -4498.500488
-4193.716797 -1592.420288 -4495.000488
-4195.000000 -1611.999268 -4491.500488
-4193.716797 -1631.578247 -4488.000488
-4189.889160 -1650.822266 -4484.500488
-4183.582031 -1669.401245 -4481.000488
-4174.903809 -1686.999268 -4477.500488
-4164.002930 -1703.313232 -4474.000488
-4151.065918 -1718.065308 -4470.500488
-4136.313965 -1731.002319 -4467.000488
-4120.000000 -1741.903320 -4463.500488
-4102.402832 -1750.581299 -4460.000488
-4083.822998 -1756.888306 -4456.500488
-4064.579102 -1760.716309 -4453.000488
-4045.000000 -1761.999268 -4449.500488
-9045.500000 -7013.997559 -15685.010742
-9045.063477 -7013.936523 -15563.000977
-9042.003906 -7013.506348 -15538.800781
-9033.696289 -7012.335449 -15510.170898
-9018.820312 -7009.992676 -15475.600586
-9001.369141 -7005.794434 -15436.731445
-8986.684570 -6998.998535 -15395.970703
-8978.819336 -6988.615723 -15355.560547
-8976.630859 -6972.675781 -15317.031250
-8977.667969 -6948.963379 -15281.670898
-8979.828125 -6916.431641 -15250.800781
-8982.396484 -6878.715332 -15225.871094
-8985.000977 -6840.629395 -15208.331055
-8987.353516 -6805.939453 -15198.951172
-8989.482422 -6774.210449 -15195.491211
-8991.500000 -6743.997559 -15195.000977
-8993.000000 -6724.418457 -15196.281250
-8994.500000 -6705.174316 -15200.111328
-8996.000000 -6686.595703 -15206.420898
-8997.500000 -6668.997559 -15215.100586
-8999.000000 -6652.683594 -15226.000977
-9000.500000 -6637.931641 -15238.930664
-9002.000000 -6624.994629 -15253.691406
-9003.500000 -6614.093750 -15270.000977
-9005.000000 -6605.415527 -15287.600586
-9006.500000 -6599.108398 -15306.180664
-9008.000000 -6595.280762 -15325.420898
-9009.500000 -6593.997559 -15345.000977
-9011.000000 -6595.280762 -15364.581055
-9012.500000 -6599.108398 -15383.821289
-9014.000000 -6605.415527 -15402.401367
-9015.500000 -6614.093750 -15420.000977
-9017.000000 -6624.994629 -15436.310547
-9018.500000 -6637.931641 -15451.071289
-9020.000000 -6652.683594 -15464.000977
-9021.500000 -6668.997559 -15474.901367
-9023.000000 -6686.595703 -15483.581055
-9024.500000 -6705.174316 -15489.890625
-9026.000000 -6724.418457 -15493.720703
-9027.500000 -6743.997559 -15495.000977
-9029.000000 -6763.576660 -15493.720703
-9030.500000 -6782.820801 -15489.890625
-9032.000000 -6801.400391 -15483.581055
-9033.500000 -6818.997559 -15474.901367
-9035.000000 -6835.311523 -15464.000977
-9036.500000 -6850.063477 -15451.071289
-9038.000000 -6863.000488 -15436.310547
-9039.500000 -6873.901367 -15420.000977
-9041.000000 -6882.579590 -15402.401367
-9042.500000 -6888.886719 -15383.821289
-9044.000000 -6892.714355 -15364.581055
-9045.500000 -6893.997559 -15245.000977
-9101.500000 -7013.997559 -15684.991211
-9101.939453 -7013.935547 -15562.930664
-9105.016602 -7013.501465 -15538.600586
-9113.362305 -7012.325684 -15509.831055
-9128.264648 -7009.977539 -15475.201172
-9145.703125 -7005.780762 -15436.361328
-9160.351562 -6998.996582 -15395.701172
-9168.189453 -6988.639648 -15355.430664
-9170.371094 -6972.726562 -15316.981445
-9169.334961 -6949.031738 -15281.661133
-9167.173828 -6916.501465 -15250.800781
-9164.606445 -6878.785645 -15225.861328
-9162.000977 -6840.698730 -15208.331055
-9159.649414 -6806.006348 -15198.951172
-9157.519531 -6774.277344 -15195.500977
-9155.500000 -6743.997559 -15195.000977
-9154.000000 -6724.418457 -15196.281250
-9152.500000 -6705.174316 -15200.111328
-9151.000000 -6686.595703 -15206.420898
-9149.500000 -6668.997559 -15215.100586
-9148.000000 -6652.683594 -15226.000977
-9146.500000 -6637.931641 -15238.930664
-9145.000000 -6624.994629 -15253.691406
-9143.500000 -6614.093750 -15270.000977
-9142.000000 -6605.415527 -15287.600586
-9140.500000 -6599.108398 -15306.180664
-9139.000000 -6595.280762 -15325.420898
-9137.500000 -6593.997559 -15345.000977
-9136.000000 -6595.280762 -15364.581055
-9134.500000 -6599.108398 -15383.821289
-9133.000000 -6605.415527 -15402.401367
-9131.500000 -6614.093750 -15420.000977
-9130.000000 -6624.994629 -15436.310547
-9128.500000 -6637.931641 -15451.071289
-9127.000000 -6652.683594 -15464.000977
-9125.500000 -6668.997559 -15474.901367
-9124.000000 -6686.595703 -15483.581055
-9122.500000 -6705.174316 -15489.890625
-9121.000000 -6724.418457 -15493.720703
-9119.500000 -6743.997559 -15495.000977
-9118.000000 -6763.576660 -15493.720703
-9116.500000 -6782.820801 -15489.890625
-9115.000000 -6801.400391 -15483.581055
-9113.500000 -6818.997559 -15474.901367
-9112.000000 -6835.311523 -15464.000977
-9110.500000 -6850.063477 -15451.071289
-9109.000000 -6863.000488 -15436.310547
-9107.500000 -6873.901367 -15420.000977
-9106.000000 -6882.579590 -15402.401367
-9104.500000 -6888.886719 -15383.821289
-9103.000000 -6892.714355 -15364.581055
-9101.500000 -6893.997559 -15245.000977
-27.500000 -1169.999512 -3149.000244
-29.000010 -1168.716553 -3029.421143
-30.500010 -1164.888550 -3010.177246
-32.000019 -1158.581543 -2991.597168
-33.500019 -1149.903564 -2974.000244
-35.000031 -1139.002563 -2957.686279
-36.500031 -1126.065552 -2942.934326
-38.000031 -1111.313477 -2929.997314
-39.500038 -1094.999512 -2919.096191
-41.000050 -1077.402466 -2910.418213
-42.500050 -1058.822510 -2904.111328
-44.000050 -1039.578491 -2900.283203
-45.500050 -1019.999512 -2899.000244
-47.000050 -1000.420532 -2900.283203
-48.500050 -981.176636 -2904.111328
-50.000050 -962.596985 -2910.418213
-51.500038 -944.999512 -2919.096191
-53.000038 -928.685303 -2929.997314
-54.500031 -913.933533 -2942.934326
-56.000031 -900.996521 -2957.686279
-57.500019 -890.095703 -2974.000244
-59.000019 -881.417603 -2991.597168
-60.500019 -875.110596 -3010.177246
-62.000011 -871.282837 -3029.421143
-63.500000 -869.999512 -3049.000244
-64.999992 -871.282837 -3068.579346
-66.499977 -875.110596 -3087.823242
-67.999977 -881.417603 -3106.403320
-69.499977 -890.095703 -3124.000244
-70.999969 -900.996521 -3140.314209
-72.499969 -913.933533 -3155.066162
-73.999969 -928.685303 -3168.003174
-75.499947 -944.999512 -3178.904297
-76.999947 -962.596924 -3187.582275
-78.499947 -981.176575 -3193.889160
-79.999947 -1000.420471 -3197.717285
-81.499947 -1019.999451 -3199.000244
-83.519608 -1050.279541 -3198.505127
-85.649246 -1082.008545 -3195.049316
-88.001137 -1116.700562 -3185.667236
-90.606133 -1154.787476 -3168.137207
-93.174057 -1192.503540 -3143.199219
-95.334503 -1225.033569 -3112.338135
-96.371529 -1248.729492 -3077.016357
-94.189819 -1264.641479 -3038.573242
-86.351372 -1274.998535 -2998.300293
-71.702797 -1281.782471 -2957.643311
-54.264320 -1285.979492 -2918.799316
-39.362640 -1288.327515 -2884.168213
-31.016569 -1289.503540 -2855.397217
-27.939631 -1289.936523 -2831.073242
-27.500139 -1289.999512 -2809.010254
