7619.500000 -14555.000977 5434.497559
7619.500000 -14370.621094 5434.497559
7619.500000 -14186.250977 5434.497559
7619.500000 -14001.871094 5434.497559
7619.500000 -13817.500977 5434.497559
7619.500000 -13633.121094 5434.497559
7619.500000 -13448.750977 5434.498047
7619.500000 -13264.371094 5434.498047
7619.500000 -13080.000977 5434.498047
7619.500000 -12895.621094 5434.498047
7619.500000 -12711.250977 5434.498047
7619.500000 -12526.871094 5434.498047
7619.500000 -12342.500977 5434.498047
7619.500000 -12158.121094 5434.498047
7619.500000 -11973.750977 5434.498047
7619.500000 -11789.371094 5434.498047
7619.501953 -11605.000977 5434.500000
7622.002930 -11585.420898 5435.786133
7624.502930 -11566.180664 5439.614258
7627.002930 -11547.600586 5445.920898
7629.502930 -11530.000977 5454.599121
7632.002930 -11513.680664 5465.499023
7634.502930 -11498.930664 5478.436035
7637.002930 -11486.000977 5493.187988
7639.502930 -11475.100586 5509.501953
7642.002930 -11466.420898 5527.100098
7644.502930 -11460.111328 5545.680176
7647.002930 -11456.281250 5564.923828
7649.502930 -11455.000977 5584.500000
7652.002930 -11456.291016 5604.077148
7654.502930 -11460.121094 5623.321289
7657.002930 -11466.420898 5641.899902
7659.502930 -11475.100586 5659.498047
7662.002930 -11486.000977 5675.812012
7664.502930 -11498.941406 5690.563965
7667.002930 -11513.691406 5703.500977
7669.502930 -11530.000977 5714.401855
7672.002930 -11547.600586 5723.080078
7674.502930 -11566.180664 5729.387207
7677.002930 -11585.420898 5733.214844
7679.502930 -11605.000977 5734.496094
7682.002930 -11624.581055 5732.709961
7684.502930 -11643.821289 5728.881836
7687.002930 -11662.401367 5723.075195
7689.502930 -11680.000977 5714.396973
7692.002930 -11696.310547 5703.497070
7694.502930 -11711.071289 5690.560059
7697.002930 -11724.000977 5675.808105
7699.502930 -11734.901367 5659.494141
7702.002930 -11743.581055 5641.895996
7704.502930 -11749.890625 5623.315918
7707.002930 -11753.720703 5604.072266
7709.502930 -11755.000977 5584.494141
