11.486890 -298.992432 -1593.000000
13.986890 -297.706238 -1612.624023
16.486891 -293.869629 -1631.911011
18.986891 -287.548340 -1650.534058
21.486891 -278.850311 -1668.171021
23.986891 -267.924622 -1684.522949
26.486891 -254.958130 -1699.307983
28.986891 -240.172623 -1712.275024
31.486891 -223.821121 -1723.201050
33.986889 -206.183426 -1731.897949
36.486889 -187.561310 -1738.219971
38.986889 -168.273514 -1742.056030
41.486889 -148.649811 -1743.343018
53.486889 1.350168 -1743.343018
55.986889 20.973764 -1742.056030
58.486889 40.261600 -1738.219971
60.986889 58.883671 -1731.897949
63.486889 76.521370 -1723.201050
65.986893 92.872810 -1712.275024
68.486893 107.658272 -1699.307983
70.986893 120.624771 -1684.522949
73.486893 131.550568 -1668.171021
75.986893 140.248474 -1650.534058
78.486893 146.569763 -1631.911987
80.986847 150.406464 -1612.624023
83.486870 151.692657 -1593.000000
85.986870 150.406464 -1573.375977
88.486893 146.569763 -1554.088013
90.986870 140.248444 -1535.465942
93.486870 131.550537 -1517.828979
95.986893 120.624741 -1501.477051
98.486893 107.658241 -1486.692017
100.986900 92.872765 -1473.724976
103.486900 76.521324 -1462.798950
105.986900 58.883625 -1454.102051
108.486900 40.261555 -1447.780029
110.986900 20.973715 -1443.943970
113.486900 1.350149 -1442.656982
115.986900 -18.273476 -1443.943970
118.486900 -37.561344 -1447.780029
120.986900 -56.183464 -1454.102051
123.486900 -73.821144 -1462.798950
125.986900 -90.172615 -1473.724976
128.486893 -104.958153 -1486.692017
130.986893 -117.924652 -1501.477051
133.486893 -128.850357 -1517.828979
135.986893 -137.548248 -1535.465942
138.486893 -143.869644 -1554.088989
140.986893 -147.706238 -1573.375977
143.486893 -148.992447 -1593.000000
2792.000000 -208.998840 -7093.500000
2774.635010 -207.479645 -7091.500000
2757.798096 -202.968140 -7089.500000
2742.000000 -195.601334 -7087.500000
2727.720947 -185.603241 -7085.500000
2715.395996 -173.277542 -7083.500000
2705.396973 -158.998840 -7081.500000
2698.031006 -143.200836 -7079.500000
2693.519043 -126.363647 -7077.500000
2692.000000 -108.998848 -7075.500000
2690.329102 -89.897545 -7073.500000
2685.366943 -71.376625 -7071.500000
2677.262939 -53.998848 -7069.500000
2666.264893 -38.292217 -7067.500000
2652.707031 -24.733969 -7065.500000
2637.000000 -13.736059 -7063.500000
2619.623047 -5.632669 -7061.500000
2601.102051 -0.670000 -7059.500000
2581.997070 1.001148 -7057.054199
2506.997070 1.001126 -7050.986816
8332.000000 -230.991013 -10404.009766
8351.624023 -229.704803 -10401.509766
8370.911133 -225.868210 -10399.009766
8389.533203 -219.546799 -10396.509766
8407.170898 -210.848907 -10394.009766
8423.522461 -199.923203 -10391.509766
8438.308594 -186.956604 -10389.009766
8451.274414 -172.171204 -10386.509766
8462.200195 -155.819702 -10384.009766
8470.898438 -138.182007 -10381.509766
8477.219727 -119.559906 -10379.009766
8481.056641 -100.272003 -10376.509766
8482.342773 -80.648354 -10374.009766
8482.342773 69.351639 -10362.009766
8481.056641 88.975227 -10359.509766
8477.219727 108.263084 -10357.009766
8470.898438 126.885185 -10354.509766
8462.200195 144.522797 -10352.009766
8451.274414 160.874298 -10349.509766
8438.308594 175.659775 -10347.009766
8423.522461 188.626282 -10344.509766
8407.171875 199.551971 -10342.009766
8389.533203 208.249985 -10339.509766
8370.911133 214.571274 -10337.009766
8351.624023 218.407883 -10334.509766
8332.000000 219.694077 -10332.009766
8312.375977 218.407883 -10329.509766
8293.087891 214.571274 -10327.009766
8274.465820 208.249985 -10324.509766
8256.828125 199.551971 -10322.009766
8240.477539 188.626282 -10319.509766
8225.691406 175.659775 -10317.009766
8212.725586 160.874283 -10314.509766
8201.799805 144.522781 -10312.009766
8193.101562 126.885178 -10309.509766
8186.779785 108.263077 -10307.009766
8182.943848 88.975220 -10304.509766
8181.657227 69.351662 -10302.009766
8182.943848 49.728027 -10299.509766
8186.779785 30.440159 -10297.009766
8193.101562 11.818038 -10294.509766
8201.799805 -5.819643 -10292.009766
8212.725586 -22.171114 -10289.509766
8225.691406 -36.956627 -10287.009766
8240.477539 -49.923145 -10284.509766
8256.829102 -60.848866 -10282.009766
8274.465820 -69.546799 -10279.509766
8293.088867 -75.868156 -10277.009766
8312.375977 -79.704750 -10274.509766
8332.000000 -80.990959 -10272.009766
3577.487061 -222.991318 -7873.500000
3579.987061 -221.705124 -7893.124023
3582.487061 -217.868515 -7912.412109
3584.987061 -211.547195 -7931.034180
3587.487061 -202.849197 -7948.670898
3589.987061 -191.923508 -7965.022949
3592.487061 -178.957001 -7979.808105
3594.987061 -164.171509 -7992.774902
3597.487061 -147.820007 -8003.701172
3599.987061 -130.182281 -8012.397949
3602.487061 -111.560196 -8018.720215
3604.987061 -92.272362 -8022.556152
3607.487061 -72.648705 -8023.842773
3619.487061 77.351295 -8023.842773
3621.987061 96.974892 -8022.556152
3624.487061 116.262703 -8018.720215
3626.987061 134.884811 -8012.397949
3629.487061 152.522491 -8003.701172
3631.987061 168.873901 -7992.774902
3634.487061 183.659393 -7979.809082
3636.987061 196.625900 -7965.022949
3639.487061 207.551697 -7948.670898
3641.987061 216.249603 -7931.034180
3644.487061 222.570984 -7912.412109
3646.987061 226.407578 -7893.124023
3649.487061 227.693787 -7873.500000
3651.987061 226.407578 -7853.875977
3654.487061 222.570984 -7834.587891
3656.987061 216.249573 -7815.965820
3659.487061 207.551666 -7798.329102
3661.987061 196.625870 -7781.977051
3664.487061 183.659363 -7767.190918
3666.987061 168.873871 -7754.225098
3669.487061 152.522461 -7743.298828
3671.987061 134.884766 -7734.602051
3674.487061 116.262657 -7728.279785
3676.987061 96.974846 -7724.443848
3679.487061 77.351280 -7723.157227
3681.987061 57.727650 -7724.443848
3684.487061 38.439777 -7728.279785
3686.987061 19.817671 -7734.602051
3689.487061 2.179987 -7743.298828
3691.987061 -14.171476 -7754.225098
3694.487061 -28.956985 -7767.191895
3696.987061 -41.923504 -7781.977051
3699.487061 -52.849220 -7798.329102
3701.987061 -61.547157 -7815.965820
3704.487061 -67.868507 -7834.587891
3706.987061 -71.705101 -7853.875977
3709.487061 -72.991295 -7873.500000
