-2350.000000 -1919.998901 -6467.500488
-2624.730957 -1919.929932 -6467.788574
-2653.873047 -1919.027954 -6467.917480
-2681.794922 -1916.353882 -6467.980469
-2708.180908 -1911.072876 -6467.918457
-2732.278076 -1902.646851 -6467.685547
-2752.812012 -1890.707886 -6467.246582
-2768.937988 -1874.559937 -6466.592285
-2781.287109 -1853.326904 -6465.728516
-2791.386963 -1828.584961 -6464.645508
-2799.056885 -1801.855957 -6463.339355
-2804.895020 -1774.083862 -6461.810547
-2808.773926 -1745.887939 -6459.981445
-2810.760010 -1717.461914 -6457.734375
-2810.818115 -1688.986938 -6454.769531
-2808.991943 -1660.660889 -6450.719727
-2805.268066 -1632.770874 -6445.410645
-2799.631104 -1605.758911 -6438.682617
-2791.862061 -1580.464844 -6430.151367
-2781.618896 -1558.232910 -6419.255371
-2768.481934 -1540.170898 -6406.289551
-2752.256104 -1526.977905 -6391.375488
-2733.607910 -1518.657959 -6374.800293
-2713.414062 -1515.062012 -6357.090332
-2692.731934 -1515.581055 -6338.968262
-2672.577881 -1520.198975 -6321.434570
-2653.562012 -1529.171997 -6305.453613
-2636.071045 -1542.325073 -6291.889648
-2619.886963 -1559.822021 -6281.318359
-2605.198975 -1580.536987 -6273.074707
-2593.389893 -1603.537964 -6267.729492
-2584.607910 -1628.497070 -6265.814453
-2578.270996 -1654.416016 -6266.843262
-2573.980957 -1680.135986 -6271.226562
-2570.993896 -1705.338013 -6279.129395
-2568.770020 -1729.430054 -6290.076660
-2567.047119 -1751.061035 -6303.756348
-2565.592041 -1768.820068 -6320.275391
-2564.349121 -1782.338013 -6340.566406
-2563.595947 -1792.403076 -6363.516602
-2563.301025 -1798.148926 -6388.243652
-2563.243896 -1800.024902 -6415.312500
124.261902 -4059.927246 -22501.449219
161.220001 -4059.652344 -22501.089844
195.933899 -4056.159424 -22500.539062
229.028107 -4047.915283 -22499.539062
260.359100 -4035.072266 -22497.830078
288.963409 -4017.663330 -22495.119141
314.229492 -3995.805420 -22491.169922
336.120514 -3970.003418 -22486.150391
354.627014 -3941.421387 -22480.470703
369.056702 -3910.868408 -22474.119141
378.997192 -3878.898438 -22467.029297
384.146606 -3846.182373 -22459.179688
384.190186 -3813.414307 -22450.660156
378.980591 -3780.969238 -22441.789062
369.115204 -3749.290283 -22432.630859
355.063812 -3719.082275 -22423.259766
337.237091 -3691.012451 -22413.699219
315.925812 -3665.779297 -22403.970703
291.443909 -3644.028320 -22394.089844
264.136993 -3626.380371 -22384.039062
234.475006 -3613.223389 -22373.740234
202.992706 -3604.672363 -22363.199219
170.349304 -3600.519287 -22352.439453
137.301498 -3600.596436 -22341.570312
104.718201 -3604.869385 -22330.789062
73.436157 -3613.594238 -22320.220703
44.050812 -3627.070312 -22309.910156
16.881500 -3645.140381 -22299.830078
-7.755371 -3667.133301 -22289.970703
-29.261900 -3692.314453 -22280.230469
-47.051361 -3720.200439 -22270.609375
-60.797939 -3750.285400 -22261.150391
-70.173897 -3781.989258 -22251.929688
-74.903313 -3814.645264 -22243.039062
-74.675629 -3847.665283 -22234.580078
-69.569344 -3880.495361 -22226.789062
-59.750370 -3912.424316 -22219.679688
-45.388851 -3942.765381 -22213.259766
-26.793430 -3970.924316 -22207.449219
-4.518158 -3996.196289 -22202.210938
21.121771 -4017.772217 -22198.039062
49.889339 -4035.142334 -22195.199219
81.191299 -4048.072266 -22193.400391
114.181503 -4056.377441 -22192.320312
148.813202 -4059.859375 -22191.720703
-1750.738037 -4219.928223 -19431.449219
-1713.780029 -4219.652832 -19431.089844
-1679.066040 -4216.160156 -19430.539062
-1645.972046 -4207.916016 -19429.539062
-1614.640991 -4195.073242 -19427.830078
-1586.036987 -4177.664062 -19425.119141
-1560.770996 -4155.806152 -19421.169922
-1538.880005 -4130.003906 -19416.150391
-1520.373047 -4101.421875 -19410.470703
-1505.942993 -4070.868896 -19404.119141
-1496.003052 -4038.898926 -19397.029297
-1490.854004 -4006.182861 -19389.179688
-1490.810059 -3973.414795 -19380.660156
-1496.020020 -3940.969727 -19371.789062
-1505.885010 -3909.290771 -19362.630859
-1519.936035 -3879.082764 -19353.259766
-1537.762939 -3851.012939 -19343.699219
-1559.073975 -3825.779785 -19333.970703
-1583.556030 -3804.028809 -19324.089844
-1610.863037 -3786.380859 -19314.039062
-1640.525024 -3773.223877 -19303.740234
-1672.006958 -3764.672852 -19293.199219
-1704.651001 -3760.519775 -19282.439453
-1737.698975 -3760.596924 -19271.570312
-1770.281982 -3764.869873 -19260.789062
-1801.563965 -3773.594727 -19250.220703
-1830.948975 -3787.070801 -19239.910156
-1858.119019 -3805.140869 -19229.830078
-1882.755005 -3827.133789 -19219.970703
-1904.261963 -3852.314941 -19210.230469
-1922.052002 -3880.200928 -19200.609375
-1935.797974 -3910.285889 -19191.150391
-1945.173950 -3941.989746 -19181.929688
-1949.902954 -3974.645752 -19173.039062
-1949.676025 -4007.665771 -19164.580078
-1944.568970 -4040.495850 -19156.789062
-1934.750000 -4072.424805 -19149.679688
-1920.389038 -4102.766113 -19143.259766
-1901.793945 -4130.925293 -19137.449219
-1879.517944 -4156.197266 -19132.210938
-1853.878052 -4177.772949 -19128.039062
-1825.110962 -4195.143066 -19125.199219
-1793.808960 -4208.073242 -19123.400391
-1760.818970 -4216.377930 -19122.320312
-1726.187012 -4219.859863 -19121.720703
-739.667419 -3979.896240 -22498.250000
-766.718384 -3977.983398 -22498.300781
-791.458374 -3972.183350 -22498.599609
-814.427917 -3962.052246 -22499.359375
-834.694214 -3948.476318 -22500.599609
-851.157898 -3930.678223 -22502.060547
-864.807617 -3908.997314 -22503.789062
-875.748230 -3884.811279 -22506.019531
-883.662476 -3859.436279 -22509.029297
-888.062988 -3833.423340 -22513.369141
-889.086487 -3807.086426 -22519.810547
-887.114197 -3781.590332 -22528.789062
-881.634521 -3758.026367 -22540.880859
-873.193726 -3736.846436 -22555.900391
-862.359680 -3718.948242 -22572.460938
-848.445312 -3705.452393 -22590.400391
-832.058716 -3696.253418 -22609.900391
-814.107483 -3691.529297 -22630.519531
-795.567688 -3691.007324 -22651.650391
-777.398315 -3694.707275 -22672.359375
-760.319702 -3703.285400 -22691.580078
-744.913086 -3716.918457 -22708.359375
-731.536987 -3735.547363 -22721.929688
-720.346008 -3758.369385 -22732.449219
-711.633606 -3784.166260 -22740.359375
-704.803772 -3811.547363 -22746.039062
-699.428711 -3839.734375 -22749.769531
-695.334229 -3868.315430 -22751.580078
-692.340210 -3896.992432 -22751.480469
-690.074707 -3925.557373 -22749.449219
-688.234314 -3953.850342 -22745.519531
-686.695679 -3981.695312 -22739.619141
-685.381714 -4008.487305 -22731.900391
-684.292114 -4033.289307 -22721.730469
-683.421692 -4054.589355 -22709.300781
-682.762329 -4070.796387 -22693.080078
-682.318909 -4082.762451 -22672.449219
-682.084290 -4091.184326 -22648.279297
-682.021118 -4096.448242 -22621.839844
-682.084106 -4099.098145 -22593.890625
-682.211975 -4099.975098 -22564.730469
-682.500122 -4099.996582 -22290.000000
-2614.666992 -4139.896973 -19428.250000
-2641.718994 -4137.983887 -19428.300781
-2666.458008 -4132.184082 -19428.599609
-2689.427979 -4122.053223 -19429.359375
-2709.694092 -4108.477051 -19430.599609
-2726.157959 -4090.678711 -19432.060547
-2739.808105 -4068.997803 -19433.789062
-2750.748047 -4044.811768 -19436.019531
-2758.663086 -4019.436768 -19439.029297
-2763.062988 -3993.423828 -19443.369141
-2764.086914 -3967.086914 -19449.810547
-2762.114014 -3941.590820 -19458.789062
-2756.635010 -3918.026855 -19470.880859
-2748.194092 -3896.846924 -19485.900391
-2737.360107 -3878.948730 -19502.460938
-2723.445068 -3865.452881 -19520.400391
-2707.059082 -3856.253906 -19539.900391
-2689.107910 -3851.529785 -19560.519531
-2670.568115 -3851.007812 -19581.650391
-2652.397949 -3854.707764 -19602.359375
-2635.320068 -3863.285889 -19621.580078
-2619.913086 -3876.918945 -19638.359375
-2606.537109 -3895.547852 -19651.929688
-2595.345947 -3918.369873 -19662.449219
-2586.634033 -3944.166748 -19670.359375
-2579.803955 -3971.547852 -19676.039062
-2574.428955 -3999.734863 -19679.769531
-2570.333984 -4028.315918 -19681.580078
-2567.340088 -4056.992920 -19681.480469
-2565.074951 -4085.557861 -19679.449219
-2563.233887 -4113.850586 -19675.519531
-2561.696045 -4141.695801 -19669.619141
-2560.382080 -4168.487793 -19661.900391
-2559.291992 -4193.289551 -19651.730469
-2558.422119 -4214.589355 -19639.300781
-2557.761963 -4230.796387 -19623.080078
-2557.319092 -4242.762695 -19602.449219
-2557.083984 -4251.184570 -19578.279297
-2557.020996 -4256.448730 -19551.839844
-2557.083984 -4259.098633 -19523.890625
-2557.211914 -4259.975586 -19494.730469
-2557.500000 -4259.997070 -19220.000000
