800.0042 -940.3922 2547.5
820.9514 -939.2943 2552.5
841.6686 -936.0129 2557.5
861.9293 -930.584 2562.5
881.5115 -923.067 2567.5
900.2006 -913.5443 2572.5
917.7921 -902.1202 2577.5
934.093 -888.9199 2582.5
948.9248 -874.088 2587.5
962.125 -857.787 2592.5
973.549 -840.1956 2597.5
983.0715 -821.5063 2602.5
990.5884 -801.924 2607.5
996.0172 -781.6633 2612.5
999.2983 -760.9462 2617.5
1000.396 -739.9995 2622.5
999.2983 -719.0529 2627.5
996.017 -698.3357 2632.5
990.5881 -678.075 2637.5
983.0711 -658.4928 2642.5
973.5485 -639.8036 2647.5
962.1244 -622.2122 2652.5
948.9241 -605.9113 2657.5
934.0922 -591.0794 2662.5
917.7913 -577.8792 2667.5
900.1998 -566.4552 2672.5
881.5106 -556.9326 2677.5
861.9283 -549.4156 2682.5
841.6677 -543.9868 2687.5
820.9505 -540.7056 2692.5
800.0038 -539.6078 2697.5
779.0571 -540.7056 2702.5
758.34 -543.9869 2707.1
738.0793 -549.4158 2711.7
719.0761 -557.9585 2716.0
700.4106 -567.265 2720.0
682.4473 -577.1964 2724.0
666.178 -590.3708 2728.5
651.3752 -605.1736 2733.5
638.2007 -621.4426 2738.5
626.7991 -638.9996 2743.5
617.2949 -657.6523 2748.5
609.7927 -677.1962 2753.5
604.3745 -697.4172 2758.5
601.0996 -718.0938 2763.5
600.0039 -738.9994 2768.5
601.0996 -759.9051 2773.5
604.3743 -780.5817 2778.5
609.7925 -800.8028 2783.5
617.2944 -820.3467 2788.5
626.7983 -838.9994 2793.5
638.2001 -856.5565 2798.5
651.3745 -872.8256 2803.5
666.1772 -887.6284 2808.5
682.4462 -900.803 2813.5
700.0032 -912.2047 2818.5
718.6558 -921.7087 2823.5
738.1997 -929.2111 2828.5
758.4207 -934.6293 2833.5
779.0974 -937.9043 2838.5

4042.004 -940.3922 4606.5
4062.951 -939.2943 4611.5
4083.668 -936.0129 4616.5
4103.929 -930.584 4621.5
4123.511 -923.067 4626.5
4142.201 -913.5443 4631.5
4159.792 -902.1202 4636.5
4176.093 -888.9199 4641.5
4190.925 -874.088 4646.5
4204.125 -857.787 4651.5
4215.549 -840.1956 4656.5
4225.071 -821.5063 4661.5
4232.588 -801.924 4666.5
4238.017 -781.6633 4671.5
4241.298 -760.9462 4676.5
4242.396 -739.9995 4681.5
4241.298 -719.0529 4686.5
4238.017 -698.3357 4691.5
4232.588 -678.075 4696.5
4225.071 -658.4928 4701.5
4215.548 -639.8036 4706.5
4204.125 -622.2122 4711.5
4190.924 -605.9113 4716.5
4176.092 -591.0794 4721.5
4159.791 -577.8792 4726.5
4142.2 -566.4552 4731.5
4123.511 -556.9326 4736.5
4103.928 -549.4156 4741.5
4083.668 -543.9868 4746.5
4062.95 -540.7056 4751.5
4042.004 -539.6078 4756.5
4021.057 -540.7056 4761.5
4000.34 -543.9869 4766.1
3980.079 -549.4158 4770.7
3961.076 -557.9585 4775.0
3942.411 -567.265 4779.0
3924.447 -577.1964 4783.0
3908.178 -590.3708 4787.5
3893.375 -605.1736 4792.5
3880.201 -621.4426 4797.5
3868.799 -638.9996 4802.5
3859.295 -657.6523 4807.5
3851.793 -677.1962 4812.5
3846.375 -697.4172 4817.5
3843.1 -718.0938 4822.5
3842.004 -738.9994 4827.5
3843.1 -759.9051 4832.5
3846.374 -780.5817 4837.5
3851.792 -800.8028 4842.5
3859.294 -820.3467 4847.5
3868.798 -838.9994 4852.5
3880.2 -856.5565 4857.5
3893.375 -872.8256 4862.5
3908.177 -887.6284 4867.5
3924.446 -900.803 4872.5
3942.003 -912.2047 4877.5
3960.656 -921.7087 4882.5
3980.2 -929.2111 4887.5
4000.421 -934.6293 4892.5
4021.097 -937.9043 4897.5

7363.0 -1812.391 7554.499
7383.958 -1811.295 7559.525
7404.675 -1808.014 7564.525
7424.936 -1802.585 7569.525
7444.519 -1795.068 7574.525
7463.208 -1785.545 7579.525
7480.8 -1774.121 7584.525
7497.099 -1760.921 7589.525
7511.931 -1746.089 7594.525
7525.131 -1729.788 7599.525
7536.555 -1712.197 7604.525
7546.078 -1693.508 7609.525
7553.594 -1673.925 7614.525
7559.023 -1653.665 7619.525
7562.304 -1632.948 7624.525
7563.402 -1612.001 7629.525
7562.304 -1591.054 7634.525
7559.023 -1570.337 7639.525
7553.594 -1550.076 7644.525
7546.077 -1530.494 7649.525
7536.554 -1511.805 7654.525
7525.13 -1494.214 7659.525
7511.93 -1477.912 7664.525
7497.098 -1463.08 7669.525
7480.799 -1449.88 7674.525
7463.208 -1438.456 7679.525
7444.518 -1428.934 7684.525
7424.935 -1421.417 7689.525
7404.674 -1415.988 7694.525
7383.957 -1412.707 7699.525
7363.011 -1411.609 7704.525
7342.042 -1412.702 7709.525
7321.325 -1415.984 7714.525
7301.064 -1421.413 7719.525
7281.481 -1428.93 7724.525
7262.792 -1438.452 7729.525
7245.2 -1449.876 7734.525
7228.901 -1463.077 7739.525
7214.069 -1477.909 7744.525
7200.869 -1494.209 7749.525
7189.445 -1511.801 7754.525
7179.922 -1530.49 7759.525
7172.406 -1550.072 7764.525
7166.977 -1570.333 7769.525
7163.696 -1591.05 7774.525
7162.598 -1611.997 7779.525
7163.696 -1632.944 7784.525
7166.977 -1653.661 7789.525
7172.406 -1673.921 7794.525
7179.923 -1693.504 7799.525
7189.446 -1712.193 7804.525
7200.87 -1729.784 7809.525
7214.07 -1746.085 7814.525
7228.902 -1760.917 7819.525
7245.201 -1774.118 7824.525
7262.792 -1785.542 7829.525
7281.482 -1795.064 7834.525
7301.065 -1802.581 7839.525
7321.326 -1808.01 7844.525
7342.043 -1811.291 7849.525

8493.298 -1350.287 10158.96
8488.298 -1347.005 10179.67
8483.298 -1341.577 10199.93
8478.298 -1334.06 10219.52
8473.298 -1324.538 10238.2
8468.298 -1313.114 10255.79
8463.298 -1299.915 10272.09
8458.298 -1285.083 10286.92
8453.298 -1268.784 10300.12
8448.298 -1251.193 10311.55
8443.298 -1232.505 10321.07
8438.298 -1212.923 10328.58
8433.298 -1192.664 10334.01
8428.298 -1171.948 10337.29
8423.298 -1151.002 10338.39
8418.298 -1130.056 10337.29
8413.298 -1109.34 10334.01
8408.298 -1089.081 10328.58
8403.298 -1069.499 10321.07
8398.298 -1050.811 10311.55
8393.298 -1033.22 10300.12
8388.298 -1016.92 10286.92
8383.298 -1002.089 10272.09
8378.298 -988.8895 10255.79
8373.298 -977.4661 10238.2
8368.298 -967.9439 10219.51
8363.298 -960.4274 10199.93
8358.298 -954.9988 10179.67
8353.298 -951.7178 10158.96
8348.324 -950.6173 10138.0
8343.352 -951.7178 10117.04
8338.351 -954.9988 10096.33
8333.351 -960.4274 10076.07
8328.351 -967.944 10056.49
8323.351 -977.4661 10037.8
8318.351 -988.8895 10020.21
8313.351 -1002.089 10003.91
8308.351 -1016.92 9989.077
8303.351 -1033.22 9975.877
8298.352 -1050.811 9964.454
8293.352 -1069.499 9954.932
8288.352 -1089.081 9947.415
8283.352 -1109.34 9941.986
8278.352 -1130.056 9938.705
8273.324 -1151.001 9937.617
8200.324 -1450.999 9937.617
8195.351 -1471.956 9938.718
8190.351 -1492.672 9941.999
8185.351 -1512.932 9947.428
8180.351 -1532.514 9954.943
8175.351 -1551.202 9964.466
8170.351 -1568.793 9975.889
8165.351 -1585.091 9989.089
8160.351 -1599.922 10003.92
8155.351 -1613.122 10020.22
8150.351 -1624.546 10037.81
8145.351 -1634.068 10056.5
8140.351 -1641.584 10076.08
8135.351 -1647.013 10096.34
8130.351 -1650.294 10117.06
8125.324 -1651.383 10138.0
