-970.0 -130.0 -3750.0
-970.0 -120.0 -3650.0
-966.0 -115.1057 -3619.098
-962.0 -100.9017 -3591.221
-958.0 -78.77856 -3569.098
-954.0 -50.90173 -3554.894
-950.0 -20.00002 -3550.0
-946.0 10.90169 -3554.894
-942.0 38.77853 -3569.098
-938.0 60.9017 -3591.221
-934.0 75.10566 -3619.098
-930.0 80.0 -3650.0
-926.0 75.10564 -3680.902
-922.0 60.90166 -3708.779
-918.0 38.77846 -3730.902
-914.0 10.90163 -3745.106
-910.0 -20.00007 -3750.0
-906.0 -50.90177 -3745.106
-902.0 -78.77859 -3730.902
-898.0 -100.9017 -3708.779
-894.0 -115.1057 -3680.902
-890.0 -120.0 -3650.0
-890.0 -130.0 -3550.0
