3302.952881 -1614.287109 907.701843
3323.669922 -1611.006104 912.701843
3343.929932 -1605.577148 917.701843
3363.511963 -1598.060181 922.701843
3382.198975 -1588.538086 927.701843
3399.790039 -1577.115112 932.701843
3416.087891 -1563.915161 937.701843
3430.918945 -1549.084106 942.701843
3444.118896 -1532.784180 947.701843
3455.541992 -1515.193115 952.701843
3465.063965 -1496.505127 957.701843
3472.581055 -1476.924072 962.701843
3478.010010 -1456.664062 967.701843
3481.291016 -1435.948120 972.701843
3482.388916 -1415.002075 977.701843
3481.290039 -1394.057129 982.701843
3478.009033 -1373.341064 987.701843
3472.580078 -1353.081177 992.701843
3465.063965 -1333.500122 997.701843
3455.541992 -1314.811157 1002.701782
3444.117920 -1297.221069 1007.701843
3430.917969 -1280.920166 1012.701843
3416.086914 -1266.089111 1017.701843
3399.789062 -1252.890137 1022.701843
3382.197998 -1241.466064 1027.701782
3363.510986 -1231.944092 1032.701782
3343.927979 -1224.428101 1037.701782
3323.668945 -1218.999146 1042.701782
3302.951904 -1215.718140 1047.701782
3281.996094 -1214.618164 1052.675781
3261.039062 -1215.718140 1057.647705
3240.322998 -1218.999146 1062.648804
3220.062988 -1224.428101 1067.648804
3200.480957 -1231.944092 1072.648804
3181.792969 -1241.466064 1077.648804
3164.202881 -1252.890137 1082.648804
3147.904053 -1266.089111 1087.648804
3133.072998 -1280.920166 1092.648804
3119.873047 -1297.221069 1097.648804
3108.449951 -1314.811157 1102.647705
3098.927979 -1333.500122 1107.647705
3091.410889 -1353.081177 1112.647705
3085.981934 -1373.341064 1117.647705
3082.700928 -1394.057129 1122.647705
3081.613037 -1415.001221 1127.675781
3081.613037 -1715.000244 1200.675781
3082.714111 -1735.956299 1205.648804
3085.995117 -1756.672241 1210.648804
3091.424072 -1776.932251 1215.648804
3098.938965 -1796.514282 1220.648804
3108.461914 -1815.203247 1225.648804
3119.885010 -1832.793213 1230.648804
3133.084961 -1849.092285 1235.648804
3147.916016 -1863.923218 1240.648804
3164.217041 -1877.122192 1245.648682
3181.806885 -1888.546265 1250.648682
3200.495117 -1898.068237 1255.648682
3220.075928 -1905.585205 1260.648682
3240.335938 -1911.013184 1265.648682
3261.052002 -1914.295288 1270.648682
3281.998047 -1915.383301 1275.675659
9146.702148 -3153.286133 -6511.953613
9151.702148 -3150.005127 -6532.670410
9156.702148 -3144.575928 -6552.930664
9161.702148 -3137.059082 -6572.512695
9166.702148 -3127.537109 -6591.199707
9171.702148 -3116.114014 -6608.790527
9176.702148 -3102.914062 -6625.088379
9181.702148 -3088.083008 -6639.919434
9186.702148 -3071.782959 -6653.119629
9191.702148 -3054.192139 -6664.542480
9196.702148 -3035.503906 -6674.064453
9201.702148 -3015.923096 -6681.581543
9206.702148 -2995.663086 -6687.010254
9211.702148 -2974.947021 -6690.291504
9216.702148 -2954.000977 -6691.389648
9221.702148 -2933.055908 -6690.290527
9226.702148 -2912.340088 -6687.009277
9231.702148 -2892.080078 -6681.580566
9236.702148 -2872.499023 -6674.064453
9241.702148 -2853.810059 -6664.542480
9246.702148 -2836.219971 -6653.118652
9251.702148 -2819.918945 -6639.918457
9256.702148 -2805.088135 -6625.087402
9261.702148 -2791.888916 -6608.789551
9266.702148 -2780.465088 -6591.198730
9271.702148 -2770.943115 -6572.511719
9276.702148 -2763.426025 -6552.928711
9281.702148 -2757.998047 -6532.669434
9286.702148 -2754.717041 -6511.952637
9291.675781 -2753.616943 -6490.996582
9296.648438 -2754.717041 -6470.039551
9301.649414 -2757.998047 -6449.323730
9306.649414 -2763.427002 -6429.063477
9311.649414 -2770.943115 -6409.481445
9316.649414 -2780.465088 -6390.793457
9321.649414 -2791.888916 -6373.203613
9326.649414 -2805.088135 -6356.904297
9331.649414 -2819.918945 -6342.073730
9336.649414 -2836.219971 -6328.873535
9341.648438 -2853.810059 -6317.450684
9346.648438 -2872.499023 -6307.928711
9351.648438 -2892.080078 -6300.411621
9356.648438 -2912.340088 -6294.982422
9361.648438 -2933.055908 -6291.701660
9366.675781 -2954.000000 -6290.613281
9439.675781 -3253.999023 -6290.613281
9444.649414 -3274.955078 -6291.714355
9449.649414 -3295.671143 -6294.995605
9454.649414 -3315.930908 -6300.424316
9459.649414 -3335.512939 -6307.939453
9464.649414 -3354.201904 -6317.462402
9469.649414 -3371.791992 -6328.885254
9474.649414 -3388.091064 -6342.085449
9479.649414 -3402.922119 -6356.916504
9484.649414 -3416.122070 -6373.217285
9489.649414 -3427.544922 -6390.807617
9494.649414 -3437.067139 -6409.495605
9499.649414 -3444.583984 -6429.076660
9504.649414 -3450.011963 -6449.336426
9509.649414 -3453.293945 -6470.052246
9514.675781 -3454.382080 -6490.998535
6219.500000 -2282.391602 -2775.004395
6224.500000 -2281.293457 -2795.951416
6229.500000 -2278.012451 -2816.668457
6234.500000 -2272.583496 -2836.929443
6239.500000 -2265.066406 -2856.511475
6244.500000 -2255.543457 -2875.201416
6249.500000 -2244.119629 -2892.792236
6254.500000 -2230.919434 -2909.093262
6259.500000 -2216.087402 -2923.925293
6264.500000 -2199.786621 -2937.125244
6269.500000 -2182.195557 -2948.549316
6274.500000 -2163.505615 -2958.072266
6279.500000 -2143.923584 -2965.588135
6284.500000 -2123.662598 -2971.017334
6289.500000 -2102.945557 -2974.298340
6294.500000 -2081.999512 -2975.396240
6299.500000 -2061.052490 -2974.298340
6304.500000 -2040.335571 -2971.017334
6309.500000 -2020.074463 -2965.588135
6314.500000 -2000.492554 -2958.071289
6319.500000 -1981.803467 -2948.548340
6324.500000 -1964.211548 -2937.124268
6329.500000 -1947.910522 -2923.924316
6334.500000 -1933.078491 -2909.092285
6339.500000 -1919.878540 -2892.791260
6344.500000 -1908.454468 -2875.200195
6349.500000 -1898.931519 -2856.510254
6354.500000 -1891.415527 -2836.928223
6359.500000 -1885.986572 -2816.668213
6364.500000 -1882.705566 -2795.950195
6369.500000 -1881.607544 -2775.004150
6374.500000 -1882.705566 -2754.057129
6379.100098 -1885.986572 -2733.340332
6383.700195 -1891.415527 -2713.079346
6388.000000 -1899.957520 -2694.076172
6392.000000 -1909.264526 -2675.411133
6396.000000 -1919.195557 -2657.447266
6400.500000 -1932.370483 -2641.178223
6405.500000 -1947.173462 -2626.375244
6410.500000 -1963.442627 -2613.201172
6415.500000 -1980.999634 -2601.799316
6420.500000 -1999.651611 -2592.295166
6425.500000 -2019.195679 -2584.793213
6430.500000 -2039.416626 -2579.375244
6435.500000 -2060.093506 -2576.100342
6440.500000 -2080.999512 -2575.004150
6445.500000 -2101.904541 -2576.100342
6450.500000 -2122.581543 -2579.374268
6455.500000 -2142.802490 -2584.792236
6460.500000 -2162.346436 -2592.294189
6465.500000 -2180.999512 -2601.798340
6470.500000 -2198.555420 -2613.200195
6475.500000 -2214.825439 -2626.375244
6480.500000 -2229.627441 -2641.177246
6485.500000 -2242.802490 -2657.446289
6490.500000 -2254.204590 -2675.003418
6495.500000 -2263.708496 -2693.656494
6500.500000 -2271.210449 -2713.200439
6505.500000 -2276.628418 -2733.421387
6510.500000 -2279.903564 -2754.097412
